item_id,csv_row_number,question,column_used,table_row_id,NCT,PubMed ID,Trial name,source_value,actual_payload_json,predicted_answer_json,actual_values_json,row_selected,exact_match,match_any_value,question_dir,row_type
row_162,162,"For Brentuximab-vedotin trials, bucket total sample size as small(<100), medium(100–299), or large(≥300).",Total sample size,,NCT02684292,33721562,Keynote-204,304.0,"{""size_bucket"": ""large""}",null,"[""\""large\"""", ""large""]",0,0.0,0.0,/mnt/data1/srchowd3/FD-NL2SQL/methodv2/runs/question_table_copy_llm_naive_full_qwen30b/questions/row_162_For_Brentuximab_vedotin_trials_bucket_total_sample_size_as_small_100_medium_100_299_or_large_300,
row_162,162,"For Brentuximab-vedotin trials, bucket total sample size as small(<100), medium(100–299), or large(≥300).",Total sample size,152,,,,,,"""small""",[],0,0.0,0.0,/mnt/data1/srchowd3/FD-NL2SQL/methodv2/runs/question_table_copy_llm_naive_full_qwen30b/questions/row_162_For_Brentuximab_vedotin_trials_bucket_total_sample_size_as_small_100_medium_100_299_or_large_300,extra_prediction
