row_index,NCT,Trial name,Name of ICI,Class of ICI
1,NCT02576977,KEYNOTE-183,Pembrolizumab,PD-1
2,NCT02579863,KEYNOTE-185,Pembrolizumab,PD-1
