item_id,csv_row_number,question,column_used,expected_keys_json,ground_truth_row_count,predicted_answer,chunk_score,chunk_start,chunk_row_count,match_any_payload,match_any_value,match_any_source_value,actual_payloads_json,actual_values_json,actual_source_values_json,question_dir,table_copy_csv,tapex_table_view_csv,ground_truth_table_csv
row_2,2,"In Small Cell Lung trials, classify the ICI by target class from its generic name as PD-1, PD-L1, or CTLA-4.",Name of ICI,"[""class""]",14,pd-1,-0.24617569148540497,128,31,0.0,0.0,0.0,"[""{\""class\"": \""CTLA-4\""}"", ""{\""class\"": \""CTLA-4\""}"", ""{\""class\"": \""CTLA-4\""}"", ""{\""class\"": \""PD-L1\""}"", ""{\""class\"": \""PD-L1\""}"", ""{\""class\"": \""PD-L1\""}"", ""{\""class\"": \""PD-L1, CTLA-4\""}"", ""{\""class\"": \""PD-L1\""}"", ""{\""class\"": \""PD1\""}"", ""{\""class\"": \""PD-L1, CTLA-4\""}"", ""{\""class\"": \""PD-L1\""}"", ""{\""class\"": \""PD1\""}"", ""{\""class\"": \""PD1, CTLA-4\""}"", ""{\""class\"": \""PD1\""}""]","[""\""CTLA-4\"""", ""CTLA-4"", ""\""PD-L1\"""", ""PD-L1"", ""\""PD-L1, CTLA-4\"""", ""PD-L1, CTLA-4"", ""\""PD1\"""", ""PD1"", ""\""PD1, CTLA-4\"""", ""PD1, CTLA-4""]","[""Ipilimumab"", ""Atezolizumab"", ""Durvalumab"", ""Durvalumab, Tremelimumab"", ""Pembrolizumab"", ""Nivolumab"", ""Nivolumab, Ipilimumab""]",/mnt/data1/srchowd3/FD-NL2SQL/methodv2/runs/question_table_copy_tapex_full/questions/row_2_In_Small_Cell_Lung_trials_classify_the_ICI_by_target_class_from_its_generic_name_as_PD_1_PD_L1_or_CTLA_4,/mnt/data1/srchowd3/FD-NL2SQL/methodv2/runs/question_table_copy_tapex_full/questions/row_2_In_Small_Cell_Lung_trials_classify_the_ICI_by_target_class_from_its_generic_name_as_PD_1_PD_L1_or_CTLA_4/table_copy.csv,/mnt/data1/srchowd3/FD-NL2SQL/methodv2/runs/question_table_copy_tapex_full/questions/row_2_In_Small_Cell_Lung_trials_classify_the_ICI_by_target_class_from_its_generic_name_as_PD_1_PD_L1_or_CTLA_4/tapex_table_view.csv,/mnt/data1/srchowd3/FD-NL2SQL/methodv2/runs/question_table_copy_tapex_full/questions/row_2_In_Small_Cell_Lung_trials_classify_the_ICI_by_target_class_from_its_generic_name_as_PD_1_PD_L1_or_CTLA_4/ground_truth_table.csv
row_3,3,"In Esophageal/GEJ trials, convert 'Original/Follow up' status into a boolean is_follow_up.",Originial publication or Follow-up,"[""is_follow_up""]",2,follow-up,-0.09472682327032089,64,64,0.0,0.0,0.0,"[""{\""is_follow_up\"": false}"", ""{\""is_follow_up\"": false}""]","[""false"", ""False""]","[""Original publication""]",/mnt/data1/srchowd3/FD-NL2SQL/methodv2/runs/question_table_copy_tapex_full/questions/row_3_In_Esophageal_GEJ_trials_convert_Original_Follow_up_status_into_a_boolean_is_follow_up,/mnt/data1/srchowd3/FD-NL2SQL/methodv2/runs/question_table_copy_tapex_full/questions/row_3_In_Esophageal_GEJ_trials_convert_Original_Follow_up_status_into_a_boolean_is_follow_up/table_copy.csv,/mnt/data1/srchowd3/FD-NL2SQL/methodv2/runs/question_table_copy_tapex_full/questions/row_3_In_Esophageal_GEJ_trials_convert_Original_Follow_up_status_into_a_boolean_is_follow_up/tapex_table_view.csv,/mnt/data1/srchowd3/FD-NL2SQL/methodv2/runs/question_table_copy_tapex_full/questions/row_3_In_Esophageal_GEJ_trials_convert_Original_Follow_up_status_into_a_boolean_is_follow_up/ground_truth_table.csv
row_4,4,"In Prostate trials, convert 'Type of therapy' into is_combination = true/false.",Type of therapy,"[""is_combination""]",3,false,-0.3903124928474426,0,64,0.0,1.0,0.0,"[""{\""is_combination\"": true}"", ""{\""is_combination\"": false}"", ""{\""is_combination\"": true}""]","[""true"", ""True"", ""false"", ""False""]","[""Combination"", ""Monotherapy""]",/mnt/data1/srchowd3/FD-NL2SQL/methodv2/runs/question_table_copy_tapex_full/questions/row_4_In_Prostate_trials_convert_Type_of_therapy_into_is_combination_true_false,/mnt/data1/srchowd3/FD-NL2SQL/methodv2/runs/question_table_copy_tapex_full/questions/row_4_In_Prostate_trials_convert_Type_of_therapy_into_is_combination_true_false/table_copy.csv,/mnt/data1/srchowd3/FD-NL2SQL/methodv2/runs/question_table_copy_tapex_full/questions/row_4_In_Prostate_trials_convert_Type_of_therapy_into_is_combination_true_false/tapex_table_view.csv,/mnt/data1/srchowd3/FD-NL2SQL/methodv2/runs/question_table_copy_tapex_full/questions/row_4_In_Prostate_trials_convert_Type_of_therapy_into_is_combination_true_false/ground_truth_table.csv
row_5,5,"For Avelumab trials in Multiple Myeloma, extract the trial acronym from the trial name (e.g., KEYNOTE-xxx, CHECKMATE-xxx).",Trial name,"[""trial_acronym""]",0,checkmate 025,-0.16626320779323578,64,64,0.0,0.0,0.0,[],[],[],/mnt/data1/srchowd3/FD-NL2SQL/methodv2/runs/question_table_copy_tapex_full/questions/row_5_For_Avelumab_trials_in_Multiple_Myeloma_extract_the_trial_acronym_from_the_trial_name_e_g_KEYNOTE_xxx_CHECKMATE_xxx,/mnt/data1/srchowd3/FD-NL2SQL/methodv2/runs/question_table_copy_tapex_full/questions/row_5_For_Avelumab_trials_in_Multiple_Myeloma_extract_the_trial_acronym_from_the_trial_name_e_g_KEYNOTE_xxx_CHECKMATE_xxx/table_copy.csv,/mnt/data1/srchowd3/FD-NL2SQL/methodv2/runs/question_table_copy_tapex_full/questions/row_5_For_Avelumab_trials_in_Multiple_Myeloma_extract_the_trial_acronym_from_the_trial_name_e_g_KEYNOTE_xxx_CHECKMATE_xxx/tapex_table_view.csv,/mnt/data1/srchowd3/FD-NL2SQL/methodv2/runs/question_table_copy_tapex_full/questions/row_5_For_Avelumab_trials_in_Multiple_Myeloma_extract_the_trial_acronym_from_the_trial_name_e_g_KEYNOTE_xxx_CHECKMATE_xxx/ground_truth_table.csv
row_6,6,"In NSCLC studies using ICI+TKI, list the TKI agent(s) mentioned in the treatment regimen.",Treatment regimen,"[""tki_agents""]",0,nct02302807,-0.37480366230010986,0,64,0.0,0.0,0.0,[],[],[],/mnt/data1/srchowd3/FD-NL2SQL/methodv2/runs/question_table_copy_tapex_full/questions/row_6_In_NSCLC_studies_using_ICI_TKI_list_the_TKI_agent_s_mentioned_in_the_treatment_regimen,/mnt/data1/srchowd3/FD-NL2SQL/methodv2/runs/question_table_copy_tapex_full/questions/row_6_In_NSCLC_studies_using_ICI_TKI_list_the_TKI_agent_s_mentioned_in_the_treatment_regimen/table_copy.csv,/mnt/data1/srchowd3/FD-NL2SQL/methodv2/runs/question_table_copy_tapex_full/questions/row_6_In_NSCLC_studies_using_ICI_TKI_list_the_TKI_agent_s_mentioned_in_the_treatment_regimen/tapex_table_view.csv,/mnt/data1/srchowd3/FD-NL2SQL/methodv2/runs/question_table_copy_tapex_full/questions/row_6_In_NSCLC_studies_using_ICI_TKI_list_the_TKI_agent_s_mentioned_in_the_treatment_regimen/ground_truth_table.csv
row_8,8,"For Atezolizumab trials, bucket the publication year into: ≤2014, 2015–2018, ≥2019.",Year,"[""era""]",30,2021,-0.13406586647033691,128,31,0.0,0.0,1.0,"[""{\""era\"": \""2015–2018\""}"", ""{\""era\"": \""2015–2018\""}"", ""{\""era\"": \""≥2019\""}"", ""{\""era\"": \""≥2019\""}"", ""{\""era\"": \""2015–2018\""}"", ""{\""era\"": \""2015–2018\""}"", ""{\""era\"": \""≥2019\""}"", ""{\""era\"": \""2015–2018\""}"", ""{\""era\"": \""2015–2018\""}"", ""{\""era\"": \""2015–2018\""}"", ""{\""era\"": \""2015–2018\""}"", ""{\""era\"": \""2015–2018\""}"", ""{\""era\"": \""2015–2018\""}"", ""{\""era\"": \""2015–2018\""}"", ""{\""era\"": \""≥2019\""}"", ""{\""era\"": \""≥2019\""}"", ""{\""era\"": \""≥2019\""}"", ""{\""era\"": \""≥2019\""}"", ""{\""era\"": \""≥2019\""}"", ""{\""era\"": \""≥2019\""}"", ""{\""era\"": \""≥2019\""}"", ""{\""era\"": \""≥2019\""}"", ""{\""era\"": \""≥2019\""}"", ""{\""era\"": \""≥2019\""}"", ""{\""era\"": \""≥2019\""}"", ""{\""era\"": \""≥2019\""}"", ""{\""era\"": \""≥2019\""}"", ""{\""era\"": \""≥2019\""}"", ""{\""era\"": \""≥2019\""}"", ""{\""era\"": \""≥2019\""}""]","[""\""2015–2018\"""", ""2015–2018"", ""\""≥2019\"""", ""≥2019""]","[""2018"", ""2019"", ""2016"", ""2017"", ""2020"", ""2021""]",/mnt/data1/srchowd3/FD-NL2SQL/methodv2/runs/question_table_copy_tapex_full/questions/row_8_For_Atezolizumab_trials_bucket_the_publication_year_into_2014_2015_2018_2019,/mnt/data1/srchowd3/FD-NL2SQL/methodv2/runs/question_table_copy_tapex_full/questions/row_8_For_Atezolizumab_trials_bucket_the_publication_year_into_2014_2015_2018_2019/table_copy.csv,/mnt/data1/srchowd3/FD-NL2SQL/methodv2/runs/question_table_copy_tapex_full/questions/row_8_For_Atezolizumab_trials_bucket_the_publication_year_into_2014_2015_2018_2019/tapex_table_view.csv,/mnt/data1/srchowd3/FD-NL2SQL/methodv2/runs/question_table_copy_tapex_full/questions/row_8_For_Atezolizumab_trials_bucket_the_publication_year_into_2014_2015_2018_2019/ground_truth_table.csv
row_11,11,"For Nivolumab, Ipilimumab trials in Hodgkin Lymphoma, extract the trial acronym from the trial name (e.g., KEYNOTE-xxx, CHECKMATE-xxx).",Trial name,"[""trial_acronym""]",0,speaker-204,-0.788174569606781,128,16,0.0,0.0,0.0,[],[],[],/mnt/data1/srchowd3/FD-NL2SQL/methodv2/runs/question_table_copy_tapex_full/questions/row_11_For_Nivolumab_Ipilimumab_trials_in_Hodgkin_Lymphoma_extract_the_trial_acronym_from_the_trial_name_e_g_KEYNOTE_xxx_CHECKMATE_xxx,/mnt/data1/srchowd3/FD-NL2SQL/methodv2/runs/question_table_copy_tapex_full/questions/row_11_For_Nivolumab_Ipilimumab_trials_in_Hodgkin_Lymphoma_extract_the_trial_acronym_from_the_trial_name_e_g_KEYNOTE_xxx_CHECKMATE_xxx/table_copy.csv,/mnt/data1/srchowd3/FD-NL2SQL/methodv2/runs/question_table_copy_tapex_full/questions/row_11_For_Nivolumab_Ipilimumab_trials_in_Hodgkin_Lymphoma_extract_the_trial_acronym_from_the_trial_name_e_g_KEYNOTE_xxx_CHECKMATE_xxx/tapex_table_view.csv,/mnt/data1/srchowd3/FD-NL2SQL/methodv2/runs/question_table_copy_tapex_full/questions/row_11_For_Nivolumab_Ipilimumab_trials_in_Hodgkin_Lymphoma_extract_the_trial_acronym_from_the_trial_name_e_g_KEYNOTE_xxx_CHECKMATE_xxx/ground_truth_table.csv
row_14,14,"For Durvalumab, Tremelimumab trials in Head and Neck, extract the trial acronym from the trial name (e.g., KEYNOTE-xxx, CHECKMATE-xxx).",Trial name,"[""trial_acronym""]",1,keynote-119,-0.7133190035820007,128,16,0.0,0.0,0.0,"[""{\""trial_acronym\"": \""EAGLE\""}""]","[""\""EAGLE\"""", ""EAGLE""]","[""EAGLE""]",/mnt/data1/srchowd3/FD-NL2SQL/methodv2/runs/question_table_copy_tapex_full/questions/row_14_For_Durvalumab_Tremelimumab_trials_in_Head_and_Neck_extract_the_trial_acronym_from_the_trial_name_e_g_KEYNOTE_xxx_CHECKMATE_xxx,/mnt/data1/srchowd3/FD-NL2SQL/methodv2/runs/question_table_copy_tapex_full/questions/row_14_For_Durvalumab_Tremelimumab_trials_in_Head_and_Neck_extract_the_trial_acronym_from_the_trial_name_e_g_KEYNOTE_xxx_CHECKMATE_xxx/table_copy.csv,/mnt/data1/srchowd3/FD-NL2SQL/methodv2/runs/question_table_copy_tapex_full/questions/row_14_For_Durvalumab_Tremelimumab_trials_in_Head_and_Neck_extract_the_trial_acronym_from_the_trial_name_e_g_KEYNOTE_xxx_CHECKMATE_xxx/tapex_table_view.csv,/mnt/data1/srchowd3/FD-NL2SQL/methodv2/runs/question_table_copy_tapex_full/questions/row_14_For_Durvalumab_Tremelimumab_trials_in_Head_and_Neck_extract_the_trial_acronym_from_the_trial_name_e_g_KEYNOTE_xxx_CHECKMATE_xxx/ground_truth_table.csv
row_16,16,"In Head and Neck trials, from the secondary endpoint text flag if immune-related adverse events (irAEs) were explicitly assessed.",Secondary endpoint,"[""irAE_assessed""]",9,nct02564263,-0.5985067486763,128,24,0.0,0.0,0.0,"[""{\""irAE_assessed\"": false}"", ""{\""irAE_assessed\"": false}"", ""{\""irAE_assessed\"": false}"", ""{\""irAE_assessed\"": false}"", ""{\""irAE_assessed\"": false}"", ""{\""irAE_assessed\"": false}"", ""{\""irAE_assessed\"": false}"", ""{\""irAE_assessed\"": false}"", ""{\""irAE_assessed\"": false}""]","[""false"", ""False""]","[""PFS, ORR"", ""Safety and tolerability; proportion of participants with objective response; proportion of participants who were progression-free at 6 and 12 months; change from baseline in global health status or quality of life; time to deterioration in global health status or quality of life, pain, and\nswallowing."", ""OS rate at 12 months; investigator-assessed PFS and ORR."", ""PFS, ORR, DOR"", ""OS; ORR; DoR; path CR"", ""Safety""]",/mnt/data1/srchowd3/FD-NL2SQL/methodv2/runs/question_table_copy_tapex_full/questions/row_16_In_Head_and_Neck_trials_from_the_secondary_endpoint_text_flag_if_immune_related_adverse_events_irAEs_were_explicitly_assessed,/mnt/data1/srchowd3/FD-NL2SQL/methodv2/runs/question_table_copy_tapex_full/questions/row_16_In_Head_and_Neck_trials_from_the_secondary_endpoint_text_flag_if_immune_related_adverse_events_irAEs_were_explicitly_assessed/table_copy.csv,/mnt/data1/srchowd3/FD-NL2SQL/methodv2/runs/question_table_copy_tapex_full/questions/row_16_In_Head_and_Neck_trials_from_the_secondary_endpoint_text_flag_if_immune_related_adverse_events_irAEs_were_explicitly_assessed/tapex_table_view.csv,/mnt/data1/srchowd3/FD-NL2SQL/methodv2/runs/question_table_copy_tapex_full/questions/row_16_In_Head_and_Neck_trials_from_the_secondary_endpoint_text_flag_if_immune_related_adverse_events_irAEs_were_explicitly_assessed/ground_truth_table.csv
row_17,17,"For Atezolizumab trials in Pancreatic, extract the trial acronym from the trial name (e.g., KEYNOTE-xxx, CHECKMATE-xxx).",Trial name,"[""trial_acronym""]",0,checkmate 025,-0.10879811644554138,64,64,0.0,0.0,0.0,[],[],[],/mnt/data1/srchowd3/FD-NL2SQL/methodv2/runs/question_table_copy_tapex_full/questions/row_17_For_Atezolizumab_trials_in_Pancreatic_extract_the_trial_acronym_from_the_trial_name_e_g_KEYNOTE_xxx_CHECKMATE_xxx,/mnt/data1/srchowd3/FD-NL2SQL/methodv2/runs/question_table_copy_tapex_full/questions/row_17_For_Atezolizumab_trials_in_Pancreatic_extract_the_trial_acronym_from_the_trial_name_e_g_KEYNOTE_xxx_CHECKMATE_xxx/table_copy.csv,/mnt/data1/srchowd3/FD-NL2SQL/methodv2/runs/question_table_copy_tapex_full/questions/row_17_For_Atezolizumab_trials_in_Pancreatic_extract_the_trial_acronym_from_the_trial_name_e_g_KEYNOTE_xxx_CHECKMATE_xxx/tapex_table_view.csv,/mnt/data1/srchowd3/FD-NL2SQL/methodv2/runs/question_table_copy_tapex_full/questions/row_17_For_Atezolizumab_trials_in_Pancreatic_extract_the_trial_acronym_from_the_trial_name_e_g_KEYNOTE_xxx_CHECKMATE_xxx/ground_truth_table.csv
row_20,20,"In Mesothelioma trials, categorize number of arms as 1-arm, 2-arm, or ≥3-arm.",Number of arms,"[""arm_category""]",3,2,-0.09350155293941498,128,31,0.0,0.0,1.0,"[""{\""arm_category\"": \""2-arm\""}"", ""{\""arm_category\"": \""2-arm\""}"", ""{\""arm_category\"": \""2-arm\""}""]","[""\""2-arm\"""", ""2-arm""]","[""2""]",/mnt/data1/srchowd3/FD-NL2SQL/methodv2/runs/question_table_copy_tapex_full/questions/row_20_In_Mesothelioma_trials_categorize_number_of_arms_as_1_arm_2_arm_or_3_arm,/mnt/data1/srchowd3/FD-NL2SQL/methodv2/runs/question_table_copy_tapex_full/questions/row_20_In_Mesothelioma_trials_categorize_number_of_arms_as_1_arm_2_arm_or_3_arm/table_copy.csv,/mnt/data1/srchowd3/FD-NL2SQL/methodv2/runs/question_table_copy_tapex_full/questions/row_20_In_Mesothelioma_trials_categorize_number_of_arms_as_1_arm_2_arm_or_3_arm/tapex_table_view.csv,/mnt/data1/srchowd3/FD-NL2SQL/methodv2/runs/question_table_copy_tapex_full/questions/row_20_In_Mesothelioma_trials_categorize_number_of_arms_as_1_arm_2_arm_or_3_arm/ground_truth_table.csv
row_21,21,"For Chemotherapy trials in Melanoma, extract the trial acronym from the trial name (e.g., KEYNOTE-xxx, CHECKMATE-xxx).",Trial name,"[""trial_acronym""]",0,checkmate 025,-0.07034935057163239,64,64,0.0,0.0,0.0,[],[],[],/mnt/data1/srchowd3/FD-NL2SQL/methodv2/runs/question_table_copy_tapex_full/questions/row_21_For_Chemotherapy_trials_in_Melanoma_extract_the_trial_acronym_from_the_trial_name_e_g_KEYNOTE_xxx_CHECKMATE_xxx,/mnt/data1/srchowd3/FD-NL2SQL/methodv2/runs/question_table_copy_tapex_full/questions/row_21_For_Chemotherapy_trials_in_Melanoma_extract_the_trial_acronym_from_the_trial_name_e_g_KEYNOTE_xxx_CHECKMATE_xxx/table_copy.csv,/mnt/data1/srchowd3/FD-NL2SQL/methodv2/runs/question_table_copy_tapex_full/questions/row_21_For_Chemotherapy_trials_in_Melanoma_extract_the_trial_acronym_from_the_trial_name_e_g_KEYNOTE_xxx_CHECKMATE_xxx/tapex_table_view.csv,/mnt/data1/srchowd3/FD-NL2SQL/methodv2/runs/question_table_copy_tapex_full/questions/row_21_For_Chemotherapy_trials_in_Melanoma_extract_the_trial_acronym_from_the_trial_name_e_g_KEYNOTE_xxx_CHECKMATE_xxx/ground_truth_table.csv
row_22,22,"In Esophageal/GEJ combination therapy trials, normalize the combination type to standardized labels (e.g., ICI+Chemo, ICI+TKI, ICI+ICI).",Type of combination,"[""combo_type_norm""]",0,ici+chemo,-0.2755071818828583,64,13,0.0,0.0,0.0,[],[],[],/mnt/data1/srchowd3/FD-NL2SQL/methodv2/runs/question_table_copy_tapex_full/questions/row_22_In_Esophageal_GEJ_combination_therapy_trials_normalize_the_combination_type_to_standardized_labels_e_g_ICI_Chemo_ICI_TKI_ICI_ICI,/mnt/data1/srchowd3/FD-NL2SQL/methodv2/runs/question_table_copy_tapex_full/questions/row_22_In_Esophageal_GEJ_combination_therapy_trials_normalize_the_combination_type_to_standardized_labels_e_g_ICI_Chemo_ICI_TKI_ICI_ICI/table_copy.csv,/mnt/data1/srchowd3/FD-NL2SQL/methodv2/runs/question_table_copy_tapex_full/questions/row_22_In_Esophageal_GEJ_combination_therapy_trials_normalize_the_combination_type_to_standardized_labels_e_g_ICI_Chemo_ICI_TKI_ICI_ICI/tapex_table_view.csv,/mnt/data1/srchowd3/FD-NL2SQL/methodv2/runs/question_table_copy_tapex_full/questions/row_22_In_Esophageal_GEJ_combination_therapy_trials_normalize_the_combination_type_to_standardized_labels_e_g_ICI_Chemo_ICI_TKI_ICI_ICI/ground_truth_table.csv
row_23,23,"In Hodgkin Lymphoma trials, normalize the clinical setting to one of: neoadjuvant, adjuvant, perioperative, metastatic/advanced.",Clinical setting,"[""setting_normalized""]",1,adjuvant,-0.40470537543296814,128,29,0.0,0.0,0.0,"[""{\""setting_normalized\"": \""metastatic/advanced\""}""]","[""\""metastatic/advanced\"""", ""metastatic/advanced""]","[""Relapsed/refractory""]",/mnt/data1/srchowd3/FD-NL2SQL/methodv2/runs/question_table_copy_tapex_full/questions/row_23_In_Hodgkin_Lymphoma_trials_normalize_the_clinical_setting_to_one_of_neoadjuvant_adjuvant_perioperative_metastatic_advanced,/mnt/data1/srchowd3/FD-NL2SQL/methodv2/runs/question_table_copy_tapex_full/questions/row_23_In_Hodgkin_Lymphoma_trials_normalize_the_clinical_setting_to_one_of_neoadjuvant_adjuvant_perioperative_metastatic_advanced/table_copy.csv,/mnt/data1/srchowd3/FD-NL2SQL/methodv2/runs/question_table_copy_tapex_full/questions/row_23_In_Hodgkin_Lymphoma_trials_normalize_the_clinical_setting_to_one_of_neoadjuvant_adjuvant_perioperative_metastatic_advanced/tapex_table_view.csv,/mnt/data1/srchowd3/FD-NL2SQL/methodv2/runs/question_table_copy_tapex_full/questions/row_23_In_Hodgkin_Lymphoma_trials_normalize_the_clinical_setting_to_one_of_neoadjuvant_adjuvant_perioperative_metastatic_advanced/ground_truth_table.csv
row_24,24,"In NSCLC trials with chemotherapy control, list the specific cytotoxic drugs from the control regimen.",Control regimen,"[""control_drugs""]",1,"nct03215706, nct02299999, nct02555657, nct03088540, nct02952586",-0.11480952054262161,128,31,0.0,0.0,0.0,"[""{\""control_drugs\"": [\""carboplatin\"", \""cisplatin\"", \""pemetrexed\""]}""]","[""[\""carboplatin\"", \""cisplatin\"", \""pemetrexed\""]"", ""carboplatin"", ""cisplatin"", ""pemetrexed""]","[""Carboplatin/Cisplatin+Pemetrexed""]",/mnt/data1/srchowd3/FD-NL2SQL/methodv2/runs/question_table_copy_tapex_full/questions/row_24_In_NSCLC_trials_with_chemotherapy_control_list_the_specific_cytotoxic_drugs_from_the_control_regimen,/mnt/data1/srchowd3/FD-NL2SQL/methodv2/runs/question_table_copy_tapex_full/questions/row_24_In_NSCLC_trials_with_chemotherapy_control_list_the_specific_cytotoxic_drugs_from_the_control_regimen/table_copy.csv,/mnt/data1/srchowd3/FD-NL2SQL/methodv2/runs/question_table_copy_tapex_full/questions/row_24_In_NSCLC_trials_with_chemotherapy_control_list_the_specific_cytotoxic_drugs_from_the_control_regimen/tapex_table_view.csv,/mnt/data1/srchowd3/FD-NL2SQL/methodv2/runs/question_table_copy_tapex_full/questions/row_24_In_NSCLC_trials_with_chemotherapy_control_list_the_specific_cytotoxic_drugs_from_the_control_regimen/ground_truth_table.csv
row_25,25,"In Melanoma trials, determine whether the listed endpoint is primary or secondary based on the endpoint text.",Secondary endpoint,"[""endpoint_role""]",26,caspian,-0.5674158334732056,128,24,0.0,0.0,0.0,"[""{\""endpoint_role\"": \""secondary\""}"", ""{\""endpoint_role\"": \""secondary\""}"", ""{\""endpoint_role\"": \""secondary\""}"", ""{\""endpoint_role\"": \""secondary\""}"", ""{\""endpoint_role\"": \""secondary\""}"", ""{\""endpoint_role\"": \""secondary\""}"", ""{\""endpoint_role\"": \""secondary\""}"", ""{\""endpoint_role\"": \""secondary\""}"", ""{\""endpoint_role\"": \""secondary\""}"", ""{\""endpoint_role\"": \""secondary\""}"", ""{\""endpoint_role\"": \""secondary\""}"", ""{\""endpoint_role\"": \""secondary\""}"", ""{\""endpoint_role\"": \""secondary\""}"", ""{\""endpoint_role\"": \""secondary\""}"", ""{\""endpoint_role\"": \""secondary\""}"", ""{\""endpoint_role\"": \""secondary\""}"", ""{\""endpoint_role\"": \""secondary\""}"", ""{\""endpoint_role\"": \""secondary\""}"", ""{\""endpoint_role\"": \""secondary\""}"", ""{\""endpoint_role\"": \""secondary\""}"", ""{\""endpoint_role\"": \""secondary\""}"", ""{\""endpoint_role\"": \""secondary\""}"", ""{\""endpoint_role\"": \""secondary\""}"", ""{\""endpoint_role\"": \""secondary\""}"", ""{\""endpoint_role\"": \""secondary\""}"", ""{\""endpoint_role\"": \""secondary\""}""]","[""\""secondary\"""", ""secondary""]","[""PFS, best ORR, DCR, time to response, DOR, safety"", ""Comparison of OS between ipilimumab-alone and gp100-alone groups and between the two ipilimumab groups; best ORR; duration of response; PFS."", ""PFS; best overall response; duration of response; PFS at 6 months after random assignment; safety."", ""Distant metastasis-free survival; OS; safety measures; measures of health-related quality of life."", ""ORR; response duration; time from best overall response of complete or partial response until disease progression; safety."", ""ORR; response duration; safety."", ""OS; distant metastasis–free survival; safety; health-related quality of life."", ""PFS; PD-L1 expression as a predictive biomarker for ORR and OS; health-related quality of life."", ""ORR; duration of response; time to response; OS."", ""Investigator-assessed PFS and objective response; tumor PD-L1 expression as a predictive biomarker of OS."", ""Safety, tolerability and quality-of-life with adjuvant ipilimumab"", ""OS; time to recurrence; safety; PFS or RFS 2."", ""PFS assessed by independent review committee; ORR; DOR; OS; time to deterioration in global health status and physical function."", ""DOS, responses, and safety among patients with ≥2 years’ survival."", ""ORR; duration of response; time to response; OS""]",/mnt/data1/srchowd3/FD-NL2SQL/methodv2/runs/question_table_copy_tapex_full/questions/row_25_In_Melanoma_trials_determine_whether_the_listed_endpoint_is_primary_or_secondary_based_on_the_endpoint_text,/mnt/data1/srchowd3/FD-NL2SQL/methodv2/runs/question_table_copy_tapex_full/questions/row_25_In_Melanoma_trials_determine_whether_the_listed_endpoint_is_primary_or_secondary_based_on_the_endpoint_text/table_copy.csv,/mnt/data1/srchowd3/FD-NL2SQL/methodv2/runs/question_table_copy_tapex_full/questions/row_25_In_Melanoma_trials_determine_whether_the_listed_endpoint_is_primary_or_secondary_based_on_the_endpoint_text/tapex_table_view.csv,/mnt/data1/srchowd3/FD-NL2SQL/methodv2/runs/question_table_copy_tapex_full/questions/row_25_In_Melanoma_trials_determine_whether_the_listed_endpoint_is_primary_or_secondary_based_on_the_endpoint_text/ground_truth_table.csv
row_26,26,"In Small Cell Lung Phase 3 trials, classify the control arm as active, placebo, or best supportive care.",Control arm,"[""control_category""]",11,best supporting care,-0.7072317600250244,0,64,0.0,0.0,0.0,"[""{\""control_category\"": \""active\""}"", ""{\""control_category\"": \""placebo\""}"", ""{\""control_category\"": \""active\""}"", ""{\""control_category\"": \""active\""}"", ""{\""control_category\"": \""active\""}"", ""{\""control_category\"": \""active\""}"", ""{\""control_category\"": \""active\""}"", ""{\""control_category\"": \""active\""}"", ""{\""control_category\"": \""active\""}"", ""{\""control_category\"": \""placebo\""}"", ""{\""control_category\"": \""placebo\""}""]","[""\""active\"""", ""active"", ""\""placebo\"""", ""placebo""]","[""Chemo"", ""Placebo""]",/mnt/data1/srchowd3/FD-NL2SQL/methodv2/runs/question_table_copy_tapex_full/questions/row_26_In_Small_Cell_Lung_Phase_3_trials_classify_the_control_arm_as_active_placebo_or_best_supportive_care,/mnt/data1/srchowd3/FD-NL2SQL/methodv2/runs/question_table_copy_tapex_full/questions/row_26_In_Small_Cell_Lung_Phase_3_trials_classify_the_control_arm_as_active_placebo_or_best_supportive_care/table_copy.csv,/mnt/data1/srchowd3/FD-NL2SQL/methodv2/runs/question_table_copy_tapex_full/questions/row_26_In_Small_Cell_Lung_Phase_3_trials_classify_the_control_arm_as_active_placebo_or_best_supportive_care/tapex_table_view.csv,/mnt/data1/srchowd3/FD-NL2SQL/methodv2/runs/question_table_copy_tapex_full/questions/row_26_In_Small_Cell_Lung_Phase_3_trials_classify_the_control_arm_as_active_placebo_or_best_supportive_care/ground_truth_table.csv
row_27,27,"In Renal cell Phase 3 trials, classify the control arm as active, placebo, or best supportive care.",Control arm,"[""control_category""]",12,best supporting care,-0.6545147895812988,0,64,0.0,0.0,0.0,"[""{\""control_category\"": \""active\""}"", ""{\""control_category\"": \""active\""}"", ""{\""control_category\"": \""active\""}"", ""{\""control_category\"": \""active\""}"", ""{\""control_category\"": \""active\""}"", ""{\""control_category\"": \""active\""}"", ""{\""control_category\"": \""active\""}"", ""{\""control_category\"": \""active\""}"", ""{\""control_category\"": \""active\""}"", ""{\""control_category\"": \""active\""}"", ""{\""control_category\"": \""active\""}"", ""{\""control_category\"": \""active\""}""]","[""\""active\"""", ""active""]","[""mTOR inhibitor"", ""TKI""]",/mnt/data1/srchowd3/FD-NL2SQL/methodv2/runs/question_table_copy_tapex_full/questions/row_27_In_Renal_cell_Phase_3_trials_classify_the_control_arm_as_active_placebo_or_best_supportive_care,/mnt/data1/srchowd3/FD-NL2SQL/methodv2/runs/question_table_copy_tapex_full/questions/row_27_In_Renal_cell_Phase_3_trials_classify_the_control_arm_as_active_placebo_or_best_supportive_care/table_copy.csv,/mnt/data1/srchowd3/FD-NL2SQL/methodv2/runs/question_table_copy_tapex_full/questions/row_27_In_Renal_cell_Phase_3_trials_classify_the_control_arm_as_active_placebo_or_best_supportive_care/tapex_table_view.csv,/mnt/data1/srchowd3/FD-NL2SQL/methodv2/runs/question_table_copy_tapex_full/questions/row_27_In_Renal_cell_Phase_3_trials_classify_the_control_arm_as_active_placebo_or_best_supportive_care/ground_truth_table.csv
row_28,28,"In Breast trials, determine whether the listed endpoint is primary or secondary based on the endpoint text.",Secondary endpoint,"[""endpoint_role""]",11,immotion,-0.8327562808990479,0,64,0.0,0.0,0.0,"[""{\""endpoint_role\"": \""secondary\""}"", ""{\""endpoint_role\"": \""secondary\""}"", ""{\""endpoint_role\"": \""secondary\""}"", ""{\""endpoint_role\"": \""secondary\""}"", ""{\""endpoint_role\"": \""secondary\""}"", ""{\""endpoint_role\"": \""secondary\""}"", ""{\""endpoint_role\"": \""secondary\""}"", ""{\""endpoint_role\"": \""secondary\""}"", ""{\""endpoint_role\"": \""secondary\""}"", ""{\""endpoint_role\"": \""secondary\""}"", ""{\""endpoint_role\"": \""secondary\""}""]","[""\""secondary\"""", ""secondary""]","[""investigator-assessed RECIST v1.1 ORR,  DoR"", ""response rate by other path CR definitions (ypT0/is ypN0, ypT0/is ypN0/þ, and ypN0) and by clinical and imaging assessment; rate of breast conserving surgery and axilla lymph node dissection; efficacy in predefined subgroups according to centrally assessed sTILs [low ( 10%), intermediate (11%–59%), high ( 60%)]"", ""residual cancer burden (RCB) and 3-year event-free and distant recurrence-free survival."", ""pathological complete response, a pathological complete response according to all definitions in patients with PD-L1–positive tumors, eventfree survival among patients with PD-L1–positive tumors, and OS among all patients and patients with PD-L1–positive tumors."", ""PFS per irRECIST, ORR, OS, DoR, clinical benefit rate, safety, tolerability"", ""ORR, DoR, DCR"", ""OS, Event free survival , disease free survival"", ""OS, ORR, DOR"", ""OS"", ""PFS; ORR; DCR; DoR; safety""]",/mnt/data1/srchowd3/FD-NL2SQL/methodv2/runs/question_table_copy_tapex_full/questions/row_28_In_Breast_trials_determine_whether_the_listed_endpoint_is_primary_or_secondary_based_on_the_endpoint_text,/mnt/data1/srchowd3/FD-NL2SQL/methodv2/runs/question_table_copy_tapex_full/questions/row_28_In_Breast_trials_determine_whether_the_listed_endpoint_is_primary_or_secondary_based_on_the_endpoint_text/table_copy.csv,/mnt/data1/srchowd3/FD-NL2SQL/methodv2/runs/question_table_copy_tapex_full/questions/row_28_In_Breast_trials_determine_whether_the_listed_endpoint_is_primary_or_secondary_based_on_the_endpoint_text/tapex_table_view.csv,/mnt/data1/srchowd3/FD-NL2SQL/methodv2/runs/question_table_copy_tapex_full/questions/row_28_In_Breast_trials_determine_whether_the_listed_endpoint_is_primary_or_secondary_based_on_the_endpoint_text/ground_truth_table.csv
row_29,29,"In Colorectal trials, determine whether the listed endpoint is primary or secondary based on the endpoint text.",Secondary endpoint,"[""endpoint_role""]",4,keynote-045,-0.7564045190811157,0,64,0.0,0.0,0.0,"[""{\""endpoint_role\"": \""secondary\""}"", ""{\""endpoint_role\"": \""secondary\""}"", ""{\""endpoint_role\"": \""secondary\""}"", ""{\""endpoint_role\"": \""secondary\""}""]","[""\""secondary\"""", ""secondary""]","[""investigator-assessed RECIST v1.1 ORR, PFS, DoR"", ""PFS, ORR"", ""ORR, safety""]",/mnt/data1/srchowd3/FD-NL2SQL/methodv2/runs/question_table_copy_tapex_full/questions/row_29_In_Colorectal_trials_determine_whether_the_listed_endpoint_is_primary_or_secondary_based_on_the_endpoint_text,/mnt/data1/srchowd3/FD-NL2SQL/methodv2/runs/question_table_copy_tapex_full/questions/row_29_In_Colorectal_trials_determine_whether_the_listed_endpoint_is_primary_or_secondary_based_on_the_endpoint_text/table_copy.csv,/mnt/data1/srchowd3/FD-NL2SQL/methodv2/runs/question_table_copy_tapex_full/questions/row_29_In_Colorectal_trials_determine_whether_the_listed_endpoint_is_primary_or_secondary_based_on_the_endpoint_text/tapex_table_view.csv,/mnt/data1/srchowd3/FD-NL2SQL/methodv2/runs/question_table_copy_tapex_full/questions/row_29_In_Colorectal_trials_determine_whether_the_listed_endpoint_is_primary_or_secondary_based_on_the_endpoint_text/ground_truth_table.csv
row_31,31,"In Head and Neck studies using ICI+TKI, list the TKI agent(s) mentioned in the treatment regimen.",Treatment regimen,"[""tki_agents""]",0,nct02952586,-0.08387244492769241,128,31,0.0,0.0,0.0,[],[],[],/mnt/data1/srchowd3/FD-NL2SQL/methodv2/runs/question_table_copy_tapex_full/questions/row_31_In_Head_and_Neck_studies_using_ICI_TKI_list_the_TKI_agent_s_mentioned_in_the_treatment_regimen,/mnt/data1/srchowd3/FD-NL2SQL/methodv2/runs/question_table_copy_tapex_full/questions/row_31_In_Head_and_Neck_studies_using_ICI_TKI_list_the_TKI_agent_s_mentioned_in_the_treatment_regimen/table_copy.csv,/mnt/data1/srchowd3/FD-NL2SQL/methodv2/runs/question_table_copy_tapex_full/questions/row_31_In_Head_and_Neck_studies_using_ICI_TKI_list_the_TKI_agent_s_mentioned_in_the_treatment_regimen/tapex_table_view.csv,/mnt/data1/srchowd3/FD-NL2SQL/methodv2/runs/question_table_copy_tapex_full/questions/row_31_In_Head_and_Neck_studies_using_ICI_TKI_list_the_TKI_agent_s_mentioned_in_the_treatment_regimen/ground_truth_table.csv
row_33,33,"In Urothelial Phase 3 trials, classify the control arm as active, placebo, or best supportive care.",Control arm,"[""control_category""]",6,best supporting care,-0.6956372857093811,0,64,0.0,0.0,0.0,"[""{\""control_category\"": \""active\""}"", ""{\""control_category\"": \""active\""}"", ""{\""control_category\"": \""active\""}"", ""{\""control_category\"": \""active\""}"", ""{\""control_category\"": \""best supportive care\""}"", ""{\""control_category\"": \""best supportive care\""}""]","[""\""active\"""", ""active"", ""\""best supportive care\"""", ""best supportive care""]","[""Chemo"", ""Best supportive care"", ""Observation""]",/mnt/data1/srchowd3/FD-NL2SQL/methodv2/runs/question_table_copy_tapex_full/questions/row_33_In_Urothelial_Phase_3_trials_classify_the_control_arm_as_active_placebo_or_best_supportive_care,/mnt/data1/srchowd3/FD-NL2SQL/methodv2/runs/question_table_copy_tapex_full/questions/row_33_In_Urothelial_Phase_3_trials_classify_the_control_arm_as_active_placebo_or_best_supportive_care/table_copy.csv,/mnt/data1/srchowd3/FD-NL2SQL/methodv2/runs/question_table_copy_tapex_full/questions/row_33_In_Urothelial_Phase_3_trials_classify_the_control_arm_as_active_placebo_or_best_supportive_care/tapex_table_view.csv,/mnt/data1/srchowd3/FD-NL2SQL/methodv2/runs/question_table_copy_tapex_full/questions/row_33_In_Urothelial_Phase_3_trials_classify_the_control_arm_as_active_placebo_or_best_supportive_care/ground_truth_table.csv
row_34,34,"In Bladder trials, normalize the clinical setting to one of: neoadjuvant, adjuvant, perioperative, metastatic/advanced.",Clinical setting,"[""setting_normalized""]",3,adjuvant,-0.3200584053993225,64,64,0.0,0.0,0.0,"[""{\""setting_normalized\"": \""metastatic/advanced\""}"", ""{\""setting_normalized\"": \""metastatic/advanced\""}"", ""{\""setting_normalized\"": \""metastatic/advanced\""}""]","[""\""metastatic/advanced\"""", ""metastatic/advanced""]","[""Metastatic+recurrent (unresectable)""]",/mnt/data1/srchowd3/FD-NL2SQL/methodv2/runs/question_table_copy_tapex_full/questions/row_34_In_Bladder_trials_normalize_the_clinical_setting_to_one_of_neoadjuvant_adjuvant_perioperative_metastatic_advanced,/mnt/data1/srchowd3/FD-NL2SQL/methodv2/runs/question_table_copy_tapex_full/questions/row_34_In_Bladder_trials_normalize_the_clinical_setting_to_one_of_neoadjuvant_adjuvant_perioperative_metastatic_advanced/table_copy.csv,/mnt/data1/srchowd3/FD-NL2SQL/methodv2/runs/question_table_copy_tapex_full/questions/row_34_In_Bladder_trials_normalize_the_clinical_setting_to_one_of_neoadjuvant_adjuvant_perioperative_metastatic_advanced/tapex_table_view.csv,/mnt/data1/srchowd3/FD-NL2SQL/methodv2/runs/question_table_copy_tapex_full/questions/row_34_In_Bladder_trials_normalize_the_clinical_setting_to_one_of_neoadjuvant_adjuvant_perioperative_metastatic_advanced/ground_truth_table.csv
row_35,35,"In Pancreatic trials, convert 'Type of therapy' into is_combination = true/false.",Type of therapy,"[""is_combination""]",2,false,-0.4435229003429413,64,64,0.0,0.0,0.0,"[""{\""is_combination\"": true}"", ""{\""is_combination\"": true}""]","[""true"", ""True""]","[""Combination""]",/mnt/data1/srchowd3/FD-NL2SQL/methodv2/runs/question_table_copy_tapex_full/questions/row_35_In_Pancreatic_trials_convert_Type_of_therapy_into_is_combination_true_false,/mnt/data1/srchowd3/FD-NL2SQL/methodv2/runs/question_table_copy_tapex_full/questions/row_35_In_Pancreatic_trials_convert_Type_of_therapy_into_is_combination_true_false/table_copy.csv,/mnt/data1/srchowd3/FD-NL2SQL/methodv2/runs/question_table_copy_tapex_full/questions/row_35_In_Pancreatic_trials_convert_Type_of_therapy_into_is_combination_true_false/tapex_table_view.csv,/mnt/data1/srchowd3/FD-NL2SQL/methodv2/runs/question_table_copy_tapex_full/questions/row_35_In_Pancreatic_trials_convert_Type_of_therapy_into_is_combination_true_false/ground_truth_table.csv
row_36,36,"In Gastric/GEJ trials, classify the ICI by target class from its generic name as PD-1, PD-L1, or CTLA-4.",Name of ICI,"[""class""]",8,pd-1,-0.19770745933055878,128,31,0.0,0.0,0.0,"[""{\""class\"": \""CTLA-4\""}"", ""{\""class\"": \""PD1\""}"", ""{\""class\"": \""PD-L1\""}"", ""{\""class\"": \""PD1\""}"", ""{\""class\"": \""PD1\""}"", ""{\""class\"": \""PD1\""}"", ""{\""class\"": \""PD1\""}"", ""{\""class\"": \""PD-L1\""}""]","[""\""CTLA-4\"""", ""CTLA-4"", ""\""PD1\"""", ""PD1"", ""\""PD-L1\"""", ""PD-L1""]","[""Ipilimumab"", ""Nivolumab"", ""Avelumab"", ""Pembrolizumab""]",/mnt/data1/srchowd3/FD-NL2SQL/methodv2/runs/question_table_copy_tapex_full/questions/row_36_In_Gastric_GEJ_trials_classify_the_ICI_by_target_class_from_its_generic_name_as_PD_1_PD_L1_or_CTLA_4,/mnt/data1/srchowd3/FD-NL2SQL/methodv2/runs/question_table_copy_tapex_full/questions/row_36_In_Gastric_GEJ_trials_classify_the_ICI_by_target_class_from_its_generic_name_as_PD_1_PD_L1_or_CTLA_4/table_copy.csv,/mnt/data1/srchowd3/FD-NL2SQL/methodv2/runs/question_table_copy_tapex_full/questions/row_36_In_Gastric_GEJ_trials_classify_the_ICI_by_target_class_from_its_generic_name_as_PD_1_PD_L1_or_CTLA_4/tapex_table_view.csv,/mnt/data1/srchowd3/FD-NL2SQL/methodv2/runs/question_table_copy_tapex_full/questions/row_36_In_Gastric_GEJ_trials_classify_the_ICI_by_target_class_from_its_generic_name_as_PD_1_PD_L1_or_CTLA_4/ground_truth_table.csv
row_37,37,"In Gastric/GEJ combination therapy trials, normalize the combination type to standardized labels (e.g., ICI+Chemo, ICI+TKI, ICI+ICI).",Type of combination,"[""combo_type_norm""]",2,ici+chemo,-0.184125617146492,64,13,0.0,1.0,1.0,"[""{\""combo_type_norm\"": \""ICI+Chemo\""}"", ""{\""combo_type_norm\"": \""ICI+Chemo\""}""]","[""\""ICI+Chemo\"""", ""ICI+Chemo""]","[""ICI+Chemo""]",/mnt/data1/srchowd3/FD-NL2SQL/methodv2/runs/question_table_copy_tapex_full/questions/row_37_In_Gastric_GEJ_combination_therapy_trials_normalize_the_combination_type_to_standardized_labels_e_g_ICI_Chemo_ICI_TKI_ICI_ICI,/mnt/data1/srchowd3/FD-NL2SQL/methodv2/runs/question_table_copy_tapex_full/questions/row_37_In_Gastric_GEJ_combination_therapy_trials_normalize_the_combination_type_to_standardized_labels_e_g_ICI_Chemo_ICI_TKI_ICI_ICI/table_copy.csv,/mnt/data1/srchowd3/FD-NL2SQL/methodv2/runs/question_table_copy_tapex_full/questions/row_37_In_Gastric_GEJ_combination_therapy_trials_normalize_the_combination_type_to_standardized_labels_e_g_ICI_Chemo_ICI_TKI_ICI_ICI/tapex_table_view.csv,/mnt/data1/srchowd3/FD-NL2SQL/methodv2/runs/question_table_copy_tapex_full/questions/row_37_In_Gastric_GEJ_combination_therapy_trials_normalize_the_combination_type_to_standardized_labels_e_g_ICI_Chemo_ICI_TKI_ICI_ICI/ground_truth_table.csv
row_38,38,"In Hepatocellular trials, interpret the PD-L1 requirement flag as boolean true/false.",Is PD-L1 positivity inclusion criteria,"[""pd_l1_required""]",2,false,-0.45831573009490967,0,64,0.0,1.0,0.0,"[""{\""pd_l1_required\"": false}"", ""{\""pd_l1_required\"": false}""]","[""false"", ""False""]","[""No""]",/mnt/data1/srchowd3/FD-NL2SQL/methodv2/runs/question_table_copy_tapex_full/questions/row_38_In_Hepatocellular_trials_interpret_the_PD_L1_requirement_flag_as_boolean_true_false,/mnt/data1/srchowd3/FD-NL2SQL/methodv2/runs/question_table_copy_tapex_full/questions/row_38_In_Hepatocellular_trials_interpret_the_PD_L1_requirement_flag_as_boolean_true_false/table_copy.csv,/mnt/data1/srchowd3/FD-NL2SQL/methodv2/runs/question_table_copy_tapex_full/questions/row_38_In_Hepatocellular_trials_interpret_the_PD_L1_requirement_flag_as_boolean_true_false/tapex_table_view.csv,/mnt/data1/srchowd3/FD-NL2SQL/methodv2/runs/question_table_copy_tapex_full/questions/row_38_In_Hepatocellular_trials_interpret_the_PD_L1_requirement_flag_as_boolean_true_false/ground_truth_table.csv
row_40,40,"For trials retrieved, construct a PubMed URL from the PubMed ID.",PubMed ID,"[""pubmed_url""]",148,reach,-0.11755742132663727,128,31,0.0,0.0,0.0,"[""{\""pubmed_url\"": \""https://pubmed.ncbi.nlm.nih.gov/29268948/\""}"", ""{\""pubmed_url\"": \""https://pubmed.ncbi.nlm.nih.gov/28212060/\""}"", ""{\""pubmed_url\"": \""https://pubmed.ncbi.nlm.nih.gov/31050707/\""}"", ""{\""pubmed_url\"": \""https://pubmed.ncbi.nlm.nih.gov/30345906/\""}"", ""{\""pubmed_url\"": \""https://pubmed.ncbi.nlm.nih.gov/31095287/\""}"", ""{\""pubmed_url\"": \""https://pubmed.ncbi.nlm.nih.gov/31003911/\""}"", ""{\""pubmed_url\"": \""https://pubmed.ncbi.nlm.nih.gov/31003911/\""}"", ""{\""pubmed_url\"": \""https://pubmed.ncbi.nlm.nih.gov/28655793/\""}"", ""{\""pubmed_url\"": \""https://pubmed.ncbi.nlm.nih.gov/28993052/\""}"", ""{\""pubmed_url\"": \""https://pubmed.ncbi.nlm.nih.gov/30052729/\""}"", ""{\""pubmed_url\"": \""https://pubmed.ncbi.nlm.nih.gov/29880231/\""}"", ""{\""pubmed_url\"": \""https://pubmed.ncbi.nlm.nih.gov/30509740/\""}"", ""{\""pubmed_url\"": \""https://pubmed.ncbi.nlm.nih.gov/27718784/\""}"", ""{\""pubmed_url\"": \""https://pubmed.ncbi.nlm.nih.gov/29884413/\""}"", ""{\""pubmed_url\"": \""https://pubmed.ncbi.nlm.nih.gov/26406148/\""}"", ""{\""pubmed_url\"": \""https://pubmed.ncbi.nlm.nih.gov/29867230/\""}"", ""{\""pubmed_url\"": \""https://pubmed.ncbi.nlm.nih.gov/29867230/\""}"", ""{\""pubmed_url\"": \""https://pubmed.ncbi.nlm.nih.gov/29562145/\""}"", ""{\""pubmed_url\"": \""https://pubmed.ncbi.nlm.nih.gov/31427204/\""}"", ""{\""pubmed_url\"": \""https://pubmed.ncbi.nlm.nih.gov/30779531/\""}"", ""{\""pubmed_url\"": \""https://pubmed.ncbi.nlm.nih.gov/30779529/\""}"", ""{\""pubmed_url\"": \""https://pubmed.ncbi.nlm.nih.gov/31079938/\""}"", ""{\""pubmed_url\"": \""https://pubmed.ncbi.nlm.nih.gov/26412456/\""}"", ""{\""pubmed_url\"": \""https://pubmed.ncbi.nlm.nih.gov/26028407/\""}"", ""{\""pubmed_url\"": \""https://pubmed.ncbi.nlm.nih.gov/26712084/\""}"", ""{\""pubmed_url\"": \""https://pubmed.ncbi.nlm.nih.gov/26712084/\""}"", ""{\""pubmed_url\"": \""https://pubmed.ncbi.nlm.nih.gov/26970723/\""}"", ""{\""pubmed_url\"": \""https://pubmed.ncbi.nlm.nih.gov/27458307/\""}"", ""{\""pubmed_url\"": \""https://pubmed.ncbi.nlm.nih.gov/28636851/\""}"", ""{\""pubmed_url\"": \""https://pubmed.ncbi.nlm.nih.gov/28854067/\""}"", ""{\""pubmed_url\"": \""https://pubmed.ncbi.nlm.nih.gov/28885881/\""}"", ""{\""pubmed_url\"": \""https://pubmed.ncbi.nlm.nih.gov/30280658/\""}"", ""{\""pubmed_url\"": \""https://pubmed.ncbi.nlm.nih.gov/30262187/\""}"", ""{\""pubmed_url\"": \""https://pubmed.ncbi.nlm.nih.gov/27745820/\""}"", ""{\""pubmed_url\"": \""https://pubmed.ncbi.nlm.nih.gov/30138764/\""}"", ""{\""pubmed_url\"": \""https://pubmed.ncbi.nlm.nih.gov/27979383/\""}"", ""{\""pubmed_url\"": \""https://pubmed.ncbi.nlm.nih.gov/29777823/\""}"", ""{\""pubmed_url\"": \""https://pubmed.ncbi.nlm.nih.gov/29658856/\""}"", ""{\""pubmed_url\"": \""https://pubmed.ncbi.nlm.nih.gov/30280641/\""}"", ""{\""pubmed_url\"": \""https://pubmed.ncbi.nlm.nih.gov/30280635/\""}"", ""{\""pubmed_url\"": \""https://pubmed.ncbi.nlm.nih.gov/29863955/\""}"", ""{\""pubmed_url\"": \""https://pubmed.ncbi.nlm.nih.gov/29863955/\""}"", ""{\""pubmed_url\"": \""https://pubmed.ncbi.nlm.nih.gov/29658845/\""}"", ""{\""pubmed_url\"": \""https://pubmed.ncbi.nlm.nih.gov/29658845/\""}"", ""{\""pubmed_url\"": \""https://pubmed.ncbi.nlm.nih.gov/31562796/\""}"", ""{\""pubmed_url\"": \""https://pubmed.ncbi.nlm.nih.gov/31562796/\""}"", ""{\""pubmed_url\"": \""https://pubmed.ncbi.nlm.nih.gov/31562796/\""}"", ""{\""pubmed_url\"": \""https://pubmed.ncbi.nlm.nih.gov/30955977/\""}"", ""{\""pubmed_url\"": \""https://pubmed.ncbi.nlm.nih.gov/30664989/\""}"", ""{\""pubmed_url\"": \""https://pubmed.ncbi.nlm.nih.gov/30620668/\""}"", ""{\""pubmed_url\"": \""https://pubmed.ncbi.nlm.nih.gov/31122901/\""}"", ""{\""pubmed_url\"": \""https://pubmed.ncbi.nlm.nih.gov/30659987/\""}"", ""{\""pubmed_url\"": \""https://pubmed.ncbi.nlm.nih.gov/30763730/\""}"", ""{\""pubmed_url\"": \""https://pubmed.ncbi.nlm.nih.gov/29658430/\""}"", ""{\""pubmed_url\"": \""https://pubmed.ncbi.nlm.nih.gov/26115796/\""}"", ""{\""pubmed_url\"": \""https://pubmed.ncbi.nlm.nih.gov/26115796/\""}"", ""{\""pubmed_url\"": \""https://pubmed.ncbi.nlm.nih.gov/28961465/\""}"", ""{\""pubmed_url\"": \""https://pubmed.ncbi.nlm.nih.gov/28961465/\""}"", ""{\""pubmed_url\"": \""https://pubmed.ncbi.nlm.nih.gov/27717298/\""}"", ""{\""pubmed_url\"": \""https://pubmed.ncbi.nlm.nih.gov/25795410/\""}"", ""{\""pubmed_url\"": \""https://pubmed.ncbi.nlm.nih.gov/28671856/\""}"", ""{\""pubmed_url\"": \""https://pubmed.ncbi.nlm.nih.gov/31171878/\""}"", ""{\""pubmed_url\"": \""https://pubmed.ncbi.nlm.nih.gov/25399552/\""}"", ""{\""pubmed_url\"": \""https://pubmed.ncbi.nlm.nih.gov/30422243/\""}"", ""{\""pubmed_url\"": \""https://pubmed.ncbi.nlm.nih.gov/28729154/\""}"", ""{\""pubmed_url\"": \""https://pubmed.ncbi.nlm.nih.gov/31327687/\""}"", ""{\""pubmed_url\"": \""https://pubmed.ncbi.nlm.nih.gov/31327689/\""}"", ""{\""pubmed_url\"": \""https://pubmed.ncbi.nlm.nih.gov/28034081/\""}"", ""{\""pubmed_url\"": \""https://pubmed.ncbi.nlm.nih.gov/31863227/\""}"", ""{\""pubmed_url\"": \""https://pubmed.ncbi.nlm.nih.gov/31790344/\""}"", ""{\""pubmed_url\"": \""https://pubmed.ncbi.nlm.nih.gov/31582355/\""}"", ""{\""pubmed_url\"": \""https://pubmed.ncbi.nlm.nih.gov/32053137/\""}"", ""{\""pubmed_url\"": \""https://pubmed.ncbi.nlm.nih.gov/31590988/\""}"", ""{\""pubmed_url\"": \""https://pubmed.ncbi.nlm.nih.gov/31590988/\""}"", ""{\""pubmed_url\"": \""https://pubmed.ncbi.nlm.nih.gov/31786121/\""}"", ""{\""pubmed_url\"": \""https://pubmed.ncbi.nlm.nih.gov/31679945/\""}"", ""{\""pubmed_url\"": \""https://pubmed.ncbi.nlm.nih.gov/31679945/\""}"", ""{\""pubmed_url\"": \""https://pubmed.ncbi.nlm.nih.gov/31959349/\""}"", ""{\""pubmed_url\"": \""https://pubmed.ncbi.nlm.nih.gov/32114502/\""}"", ""{\""pubmed_url\"": \""https://pubmed.ncbi.nlm.nih.gov/32201234/\""}"", ""{\""pubmed_url\"": \""https://pubmed.ncbi.nlm.nih.gov/32201234/\""}"", ""{\""pubmed_url\"": \""https://pubmed.ncbi.nlm.nih.gov/32201234/\""}"", ""{\""pubmed_url\"": \""https://pubmed.ncbi.nlm.nih.gov/32101663/\""}"", ""{\""pubmed_url\"": \""https://pubmed.ncbi.nlm.nih.gov/31880964/\""}"", ""{\""pubmed_url\"": \""https://pubmed.ncbi.nlm.nih.gov/31880964/\""}"", ""{\""pubmed_url\"": \""https://pubmed.ncbi.nlm.nih.gov/32416781/\""}"", ""{\""pubmed_url\"": \""https://pubmed.ncbi.nlm.nih.gov/32416781/\""}"", ""{\""pubmed_url\"": \""https://pubmed.ncbi.nlm.nih.gov/32591464/\""}"", ""{\""pubmed_url\"": \""https://pubmed.ncbi.nlm.nih.gov/32468956/\""}"", ""{\""pubmed_url\"": \""https://pubmed.ncbi.nlm.nih.gov/32271377/\""}"", ""{\""pubmed_url\"": \""https://pubmed.ncbi.nlm.nih.gov/32271377/\""}"", ""{\""pubmed_url\"": \""https://pubmed.ncbi.nlm.nih.gov/32661118/\""}"", ""{\""pubmed_url\"": \""https://pubmed.ncbi.nlm.nih.gov/32302702/\""}"", ""{\""pubmed_url\"": \""https://pubmed.ncbi.nlm.nih.gov/32302702/\""}"", ""{\""pubmed_url\"": \""https://pubmed.ncbi.nlm.nih.gov/32534646/\""}"", ""{\""pubmed_url\"": \""https://pubmed.ncbi.nlm.nih.gov/32437507/\""}"", ""{\""pubmed_url\"": \""https://pubmed.ncbi.nlm.nih.gov/32271672/\""}"", ""{\""pubmed_url\"": \""https://pubmed.ncbi.nlm.nih.gov/32416780/\""}"", ""{\""pubmed_url\"": \""https://pubmed.ncbi.nlm.nih.gov/32416780/\""}"", ""{\""pubmed_url\"": \""https://pubmed.ncbi.nlm.nih.gov/32402160/\""}"", ""{\""pubmed_url\"": \""https://pubmed.ncbi.nlm.nih.gov/32294530/\""}"", ""{\""pubmed_url\"": \""https://pubmed.ncbi.nlm.nih.gov/32294530/\""}"", ""{\""pubmed_url\"": \""https://pubmed.ncbi.nlm.nih.gov/32379280/\""}"", ""{\""pubmed_url\"": \""https://pubmed.ncbi.nlm.nih.gov/32271354/\""}"", ""{\""pubmed_url\"": \""https://pubmed.ncbi.nlm.nih.gov/32673417/\""}"", ""{\""pubmed_url\"": \""https://pubmed.ncbi.nlm.nih.gov/32339648/\""}"", ""{\""pubmed_url\"": \""https://pubmed.ncbi.nlm.nih.gov/27718847/\""}"", ""{\""pubmed_url\"": \""https://pubmed.ncbi.nlm.nih.gov/32880602/\""}"", ""{\""pubmed_url\"": \""https://pubmed.ncbi.nlm.nih.gov/32880601/\""}"", ""{\""pubmed_url\"": \""https://pubmed.ncbi.nlm.nih.gov/32880601/\""}"", ""{\""pubmed_url\"": \""https://pubmed.ncbi.nlm.nih.gov/33278935/\""}"", ""{\""pubmed_url\"": \""https://pubmed.ncbi.nlm.nih.gov/32971005/\""}"", ""{\""pubmed_url\"": \""https://pubmed.ncbi.nlm.nih.gov/32971005/\""}"", ""{\""pubmed_url\"": \""https://pubmed.ncbi.nlm.nih.gov/32966830/\""}"", ""{\""pubmed_url\"": \""https://pubmed.ncbi.nlm.nih.gov/32945632/\""}"", ""{\""pubmed_url\"": \""https://pubmed.ncbi.nlm.nih.gov/33197226/\""}"", ""{\""pubmed_url\"": \""https://pubmed.ncbi.nlm.nih.gov/33485464/\""}"", ""{\""pubmed_url\"": \""https://pubmed.ncbi.nlm.nih.gov/32997907/\""}"", ""{\""pubmed_url\"": \""https://pubmed.ncbi.nlm.nih.gov/33002436/\""}"", ""{\""pubmed_url\"": \""https://pubmed.ncbi.nlm.nih.gov/33284113/\""}"", ""{\""pubmed_url\"": \""https://pubmed.ncbi.nlm.nih.gov/33333328/\""}"", ""{\""pubmed_url\"": \""https://pubmed.ncbi.nlm.nih.gov/33026938/\""}"", ""{\""pubmed_url\"": \""https://pubmed.ncbi.nlm.nih.gov/32811715/\""}"", ""{\""pubmed_url\"": \""https://pubmed.ncbi.nlm.nih.gov/32997575/\""}"", ""{\""pubmed_url\"": \""https://pubmed.ncbi.nlm.nih.gov/33361337/\""}"", ""{\""pubmed_url\"": \""https://pubmed.ncbi.nlm.nih.gov/33285097/\""}"", ""{\""pubmed_url\"": \""https://pubmed.ncbi.nlm.nih.gov/33285097/\""}"", ""{\""pubmed_url\"": \""https://pubmed.ncbi.nlm.nih.gov/32976938/\""}"", ""{\""pubmed_url\"": \""https://pubmed.ncbi.nlm.nih.gov/33264544/\""}"", ""{\""pubmed_url\"": \""https://pubmed.ncbi.nlm.nih.gov/32946353/\""}"", ""{\""pubmed_url\"": \""https://pubmed.ncbi.nlm.nih.gov/25840693/\""}"", ""{\""pubmed_url\"": \""https://pubmed.ncbi.nlm.nih.gov/33166718/\""}"", ""{\""pubmed_url\"": \""https://pubmed.ncbi.nlm.nih.gov/33166718/\""}"", ""{\""pubmed_url\"": \""https://pubmed.ncbi.nlm.nih.gov/33616314/\""}"", ""{\""pubmed_url\"": \""https://pubmed.ncbi.nlm.nih.gov/33476593/\""}"", ""{\""pubmed_url\"": \""https://pubmed.ncbi.nlm.nih.gov/33539946/\""}"", ""{\""pubmed_url\"": \""https://pubmed.ncbi.nlm.nih.gov/33657295/\""}"", ""{\""pubmed_url\"": \""https://pubmed.ncbi.nlm.nih.gov/33683919/\""}"", ""{\""pubmed_url\"": \""https://pubmed.ncbi.nlm.nih.gov/33683919/\""}"", ""{\""pubmed_url\"": \""https://pubmed.ncbi.nlm.nih.gov/33462450/\""}"", ""{\""pubmed_url\"": \""https://pubmed.ncbi.nlm.nih.gov/33721562/\""}"", ""{\""pubmed_url\"": \""https://pubmed.ncbi.nlm.nih.gov/33721560/\""}"", ""{\""pubmed_url\"": \""https://pubmed.ncbi.nlm.nih.gov/33676601/\""}"", ""{\""pubmed_url\"": \""https://pubmed.ncbi.nlm.nih.gov/33581821/\""}"", ""{\""pubmed_url\"": \""https://pubmed.ncbi.nlm.nih.gov/33796020/\""}"", ""{\""pubmed_url\"": \""https://pubmed.ncbi.nlm.nih.gov/33794205/\""}"", ""{\""pubmed_url\"": \""https://pubmed.ncbi.nlm.nih.gov/33789008/\""}"", ""{\""pubmed_url\"": \""https://pubmed.ncbi.nlm.nih.gov/33125944/\""}""]","[""\""https://pubmed.ncbi.nlm.nih.gov/29268948/\"""", ""https://pubmed.ncbi.nlm.nih.gov/29268948/"", ""\""https://pubmed.ncbi.nlm.nih.gov/28212060/\"""", ""https://pubmed.ncbi.nlm.nih.gov/28212060/"", ""\""https://pubmed.ncbi.nlm.nih.gov/31050707/\"""", ""https://pubmed.ncbi.nlm.nih.gov/31050707/"", ""\""https://pubmed.ncbi.nlm.nih.gov/30345906/\"""", ""https://pubmed.ncbi.nlm.nih.gov/30345906/"", ""\""https://pubmed.ncbi.nlm.nih.gov/31095287/\"""", ""https://pubmed.ncbi.nlm.nih.gov/31095287/"", ""\""https://pubmed.ncbi.nlm.nih.gov/31003911/\"""", ""https://pubmed.ncbi.nlm.nih.gov/31003911/"", ""\""https://pubmed.ncbi.nlm.nih.gov/28655793/\"""", ""https://pubmed.ncbi.nlm.nih.gov/28655793/"", ""\""https://pubmed.ncbi.nlm.nih.gov/28993052/\"""", ""https://pubmed.ncbi.nlm.nih.gov/28993052/"", ""\""https://pubmed.ncbi.nlm.nih.gov/30052729/\"""", ""https://pubmed.ncbi.nlm.nih.gov/30052729/"", ""\""https://pubmed.ncbi.nlm.nih.gov/29880231/\"""", ""https://pubmed.ncbi.nlm.nih.gov/29880231/"", ""\""https://pubmed.ncbi.nlm.nih.gov/30509740/\"""", ""https://pubmed.ncbi.nlm.nih.gov/30509740/"", ""\""https://pubmed.ncbi.nlm.nih.gov/27718784/\"""", ""https://pubmed.ncbi.nlm.nih.gov/27718784/"", ""\""https://pubmed.ncbi.nlm.nih.gov/29884413/\"""", ""https://pubmed.ncbi.nlm.nih.gov/29884413/"", ""\""https://pubmed.ncbi.nlm.nih.gov/26406148/\"""", ""https://pubmed.ncbi.nlm.nih.gov/26406148/"", ""\""https://pubmed.ncbi.nlm.nih.gov/29867230/\"""", ""https://pubmed.ncbi.nlm.nih.gov/29867230/"", ""\""https://pubmed.ncbi.nlm.nih.gov/29562145/\"""", ""https://pubmed.ncbi.nlm.nih.gov/29562145/"", ""\""https://pubmed.ncbi.nlm.nih.gov/31427204/\"""", ""https://pubmed.ncbi.nlm.nih.gov/31427204/"", ""\""https://pubmed.ncbi.nlm.nih.gov/30779531/\"""", ""https://pubmed.ncbi.nlm.nih.gov/30779531/"", ""\""https://pubmed.ncbi.nlm.nih.gov/30779529/\"""", ""https://pubmed.ncbi.nlm.nih.gov/30779529/"", ""\""https://pubmed.ncbi.nlm.nih.gov/31079938/\"""", ""https://pubmed.ncbi.nlm.nih.gov/31079938/"", ""\""https://pubmed.ncbi.nlm.nih.gov/26412456/\"""", ""https://pubmed.ncbi.nlm.nih.gov/26412456/"", ""\""https://pubmed.ncbi.nlm.nih.gov/26028407/\"""", ""https://pubmed.ncbi.nlm.nih.gov/26028407/"", ""\""https://pubmed.ncbi.nlm.nih.gov/26712084/\"""", ""https://pubmed.ncbi.nlm.nih.gov/26712084/"", ""\""https://pubmed.ncbi.nlm.nih.gov/26970723/\"""", ""https://pubmed.ncbi.nlm.nih.gov/26970723/"", ""\""https://pubmed.ncbi.nlm.nih.gov/27458307/\"""", ""https://pubmed.ncbi.nlm.nih.gov/27458307/"", ""\""https://pubmed.ncbi.nlm.nih.gov/28636851/\"""", ""https://pubmed.ncbi.nlm.nih.gov/28636851/"", ""\""https://pubmed.ncbi.nlm.nih.gov/28854067/\"""", ""https://pubmed.ncbi.nlm.nih.gov/28854067/"", ""\""https://pubmed.ncbi.nlm.nih.gov/28885881/\"""", ""https://pubmed.ncbi.nlm.nih.gov/28885881/"", ""\""https://pubmed.ncbi.nlm.nih.gov/30280658/\"""", ""https://pubmed.ncbi.nlm.nih.gov/30280658/"", ""\""https://pubmed.ncbi.nlm.nih.gov/30262187/\"""", ""https://pubmed.ncbi.nlm.nih.gov/30262187/"", ""\""https://pubmed.ncbi.nlm.nih.gov/27745820/\"""", ""https://pubmed.ncbi.nlm.nih.gov/27745820/"", ""\""https://pubmed.ncbi.nlm.nih.gov/30138764/\"""", ""https://pubmed.ncbi.nlm.nih.gov/30138764/"", ""\""https://pubmed.ncbi.nlm.nih.gov/27979383/\"""", ""https://pubmed.ncbi.nlm.nih.gov/27979383/"", ""\""https://pubmed.ncbi.nlm.nih.gov/29777823/\"""", ""https://pubmed.ncbi.nlm.nih.gov/29777823/"", ""\""https://pubmed.ncbi.nlm.nih.gov/29658856/\"""", ""https://pubmed.ncbi.nlm.nih.gov/29658856/"", ""\""https://pubmed.ncbi.nlm.nih.gov/30280641/\"""", ""https://pubmed.ncbi.nlm.nih.gov/30280641/"", ""\""https://pubmed.ncbi.nlm.nih.gov/30280635/\"""", ""https://pubmed.ncbi.nlm.nih.gov/30280635/"", ""\""https://pubmed.ncbi.nlm.nih.gov/29863955/\"""", ""https://pubmed.ncbi.nlm.nih.gov/29863955/"", ""\""https://pubmed.ncbi.nlm.nih.gov/29658845/\"""", ""https://pubmed.ncbi.nlm.nih.gov/29658845/"", ""\""https://pubmed.ncbi.nlm.nih.gov/31562796/\"""", ""https://pubmed.ncbi.nlm.nih.gov/31562796/"", ""\""https://pubmed.ncbi.nlm.nih.gov/30955977/\"""", ""https://pubmed.ncbi.nlm.nih.gov/30955977/"", ""\""https://pubmed.ncbi.nlm.nih.gov/30664989/\"""", ""https://pubmed.ncbi.nlm.nih.gov/30664989/"", ""\""https://pubmed.ncbi.nlm.nih.gov/30620668/\"""", ""https://pubmed.ncbi.nlm.nih.gov/30620668/"", ""\""https://pubmed.ncbi.nlm.nih.gov/31122901/\"""", ""https://pubmed.ncbi.nlm.nih.gov/31122901/"", ""\""https://pubmed.ncbi.nlm.nih.gov/30659987/\"""", ""https://pubmed.ncbi.nlm.nih.gov/30659987/"", ""\""https://pubmed.ncbi.nlm.nih.gov/30763730/\"""", ""https://pubmed.ncbi.nlm.nih.gov/30763730/"", ""\""https://pubmed.ncbi.nlm.nih.gov/29658430/\"""", ""https://pubmed.ncbi.nlm.nih.gov/29658430/"", ""\""https://pubmed.ncbi.nlm.nih.gov/26115796/\"""", ""https://pubmed.ncbi.nlm.nih.gov/26115796/"", ""\""https://pubmed.ncbi.nlm.nih.gov/28961465/\"""", ""https://pubmed.ncbi.nlm.nih.gov/28961465/"", ""\""https://pubmed.ncbi.nlm.nih.gov/27717298/\"""", ""https://pubmed.ncbi.nlm.nih.gov/27717298/"", ""\""https://pubmed.ncbi.nlm.nih.gov/25795410/\"""", ""https://pubmed.ncbi.nlm.nih.gov/25795410/"", ""\""https://pubmed.ncbi.nlm.nih.gov/28671856/\"""", ""https://pubmed.ncbi.nlm.nih.gov/28671856/"", ""\""https://pubmed.ncbi.nlm.nih.gov/31171878/\"""", ""https://pubmed.ncbi.nlm.nih.gov/31171878/"", ""\""https://pubmed.ncbi.nlm.nih.gov/25399552/\"""", ""https://pubmed.ncbi.nlm.nih.gov/25399552/"", ""\""https://pubmed.ncbi.nlm.nih.gov/30422243/\"""", ""https://pubmed.ncbi.nlm.nih.gov/30422243/"", ""\""https://pubmed.ncbi.nlm.nih.gov/28729154/\"""", ""https://pubmed.ncbi.nlm.nih.gov/28729154/"", ""\""https://pubmed.ncbi.nlm.nih.gov/31327687/\"""", ""https://pubmed.ncbi.nlm.nih.gov/31327687/"", ""\""https://pubmed.ncbi.nlm.nih.gov/31327689/\"""", ""https://pubmed.ncbi.nlm.nih.gov/31327689/"", ""\""https://pubmed.ncbi.nlm.nih.gov/28034081/\"""", ""https://pubmed.ncbi.nlm.nih.gov/28034081/"", ""\""https://pubmed.ncbi.nlm.nih.gov/31863227/\"""", ""https://pubmed.ncbi.nlm.nih.gov/31863227/"", ""\""https://pubmed.ncbi.nlm.nih.gov/31790344/\"""", ""https://pubmed.ncbi.nlm.nih.gov/31790344/"", ""\""https://pubmed.ncbi.nlm.nih.gov/31582355/\"""", ""https://pubmed.ncbi.nlm.nih.gov/31582355/"", ""\""https://pubmed.ncbi.nlm.nih.gov/32053137/\"""", ""https://pubmed.ncbi.nlm.nih.gov/32053137/"", ""\""https://pubmed.ncbi.nlm.nih.gov/31590988/\"""", ""https://pubmed.ncbi.nlm.nih.gov/31590988/"", ""\""https://pubmed.ncbi.nlm.nih.gov/31786121/\"""", ""https://pubmed.ncbi.nlm.nih.gov/31786121/"", ""\""https://pubmed.ncbi.nlm.nih.gov/31679945/\"""", ""https://pubmed.ncbi.nlm.nih.gov/31679945/"", ""\""https://pubmed.ncbi.nlm.nih.gov/31959349/\"""", ""https://pubmed.ncbi.nlm.nih.gov/31959349/"", ""\""https://pubmed.ncbi.nlm.nih.gov/32114502/\"""", ""https://pubmed.ncbi.nlm.nih.gov/32114502/"", ""\""https://pubmed.ncbi.nlm.nih.gov/32201234/\"""", ""https://pubmed.ncbi.nlm.nih.gov/32201234/"", ""\""https://pubmed.ncbi.nlm.nih.gov/32101663/\"""", ""https://pubmed.ncbi.nlm.nih.gov/32101663/"", ""\""https://pubmed.ncbi.nlm.nih.gov/31880964/\"""", ""https://pubmed.ncbi.nlm.nih.gov/31880964/"", ""\""https://pubmed.ncbi.nlm.nih.gov/32416781/\"""", ""https://pubmed.ncbi.nlm.nih.gov/32416781/"", ""\""https://pubmed.ncbi.nlm.nih.gov/32591464/\"""", ""https://pubmed.ncbi.nlm.nih.gov/32591464/"", ""\""https://pubmed.ncbi.nlm.nih.gov/32468956/\"""", ""https://pubmed.ncbi.nlm.nih.gov/32468956/"", ""\""https://pubmed.ncbi.nlm.nih.gov/32271377/\"""", ""https://pubmed.ncbi.nlm.nih.gov/32271377/"", ""\""https://pubmed.ncbi.nlm.nih.gov/32661118/\"""", ""https://pubmed.ncbi.nlm.nih.gov/32661118/"", ""\""https://pubmed.ncbi.nlm.nih.gov/32302702/\"""", ""https://pubmed.ncbi.nlm.nih.gov/32302702/"", ""\""https://pubmed.ncbi.nlm.nih.gov/32534646/\"""", ""https://pubmed.ncbi.nlm.nih.gov/32534646/"", ""\""https://pubmed.ncbi.nlm.nih.gov/32437507/\"""", ""https://pubmed.ncbi.nlm.nih.gov/32437507/"", ""\""https://pubmed.ncbi.nlm.nih.gov/32271672/\"""", ""https://pubmed.ncbi.nlm.nih.gov/32271672/"", ""\""https://pubmed.ncbi.nlm.nih.gov/32416780/\"""", ""https://pubmed.ncbi.nlm.nih.gov/32416780/"", ""\""https://pubmed.ncbi.nlm.nih.gov/32402160/\"""", ""https://pubmed.ncbi.nlm.nih.gov/32402160/"", ""\""https://pubmed.ncbi.nlm.nih.gov/32294530/\"""", ""https://pubmed.ncbi.nlm.nih.gov/32294530/"", ""\""https://pubmed.ncbi.nlm.nih.gov/32379280/\"""", ""https://pubmed.ncbi.nlm.nih.gov/32379280/"", ""\""https://pubmed.ncbi.nlm.nih.gov/32271354/\"""", ""https://pubmed.ncbi.nlm.nih.gov/32271354/"", ""\""https://pubmed.ncbi.nlm.nih.gov/32673417/\"""", ""https://pubmed.ncbi.nlm.nih.gov/32673417/"", ""\""https://pubmed.ncbi.nlm.nih.gov/32339648/\"""", ""https://pubmed.ncbi.nlm.nih.gov/32339648/"", ""\""https://pubmed.ncbi.nlm.nih.gov/27718847/\"""", ""https://pubmed.ncbi.nlm.nih.gov/27718847/"", ""\""https://pubmed.ncbi.nlm.nih.gov/32880602/\"""", ""https://pubmed.ncbi.nlm.nih.gov/32880602/"", ""\""https://pubmed.ncbi.nlm.nih.gov/32880601/\"""", ""https://pubmed.ncbi.nlm.nih.gov/32880601/"", ""\""https://pubmed.ncbi.nlm.nih.gov/33278935/\"""", ""https://pubmed.ncbi.nlm.nih.gov/33278935/"", ""\""https://pubmed.ncbi.nlm.nih.gov/32971005/\"""", ""https://pubmed.ncbi.nlm.nih.gov/32971005/"", ""\""https://pubmed.ncbi.nlm.nih.gov/32966830/\"""", ""https://pubmed.ncbi.nlm.nih.gov/32966830/"", ""\""https://pubmed.ncbi.nlm.nih.gov/32945632/\"""", ""https://pubmed.ncbi.nlm.nih.gov/32945632/"", ""\""https://pubmed.ncbi.nlm.nih.gov/33197226/\"""", ""https://pubmed.ncbi.nlm.nih.gov/33197226/"", ""\""https://pubmed.ncbi.nlm.nih.gov/33485464/\"""", ""https://pubmed.ncbi.nlm.nih.gov/33485464/"", ""\""https://pubmed.ncbi.nlm.nih.gov/32997907/\"""", ""https://pubmed.ncbi.nlm.nih.gov/32997907/"", ""\""https://pubmed.ncbi.nlm.nih.gov/33002436/\"""", ""https://pubmed.ncbi.nlm.nih.gov/33002436/"", ""\""https://pubmed.ncbi.nlm.nih.gov/33284113/\"""", ""https://pubmed.ncbi.nlm.nih.gov/33284113/"", ""\""https://pubmed.ncbi.nlm.nih.gov/33333328/\"""", ""https://pubmed.ncbi.nlm.nih.gov/33333328/"", ""\""https://pubmed.ncbi.nlm.nih.gov/33026938/\"""", ""https://pubmed.ncbi.nlm.nih.gov/33026938/"", ""\""https://pubmed.ncbi.nlm.nih.gov/32811715/\"""", ""https://pubmed.ncbi.nlm.nih.gov/32811715/"", ""\""https://pubmed.ncbi.nlm.nih.gov/32997575/\"""", ""https://pubmed.ncbi.nlm.nih.gov/32997575/"", ""\""https://pubmed.ncbi.nlm.nih.gov/33361337/\"""", ""https://pubmed.ncbi.nlm.nih.gov/33361337/"", ""\""https://pubmed.ncbi.nlm.nih.gov/33285097/\"""", ""https://pubmed.ncbi.nlm.nih.gov/33285097/"", ""\""https://pubmed.ncbi.nlm.nih.gov/32976938/\"""", ""https://pubmed.ncbi.nlm.nih.gov/32976938/"", ""\""https://pubmed.ncbi.nlm.nih.gov/33264544/\"""", ""https://pubmed.ncbi.nlm.nih.gov/33264544/"", ""\""https://pubmed.ncbi.nlm.nih.gov/32946353/\"""", ""https://pubmed.ncbi.nlm.nih.gov/32946353/"", ""\""https://pubmed.ncbi.nlm.nih.gov/25840693/\"""", ""https://pubmed.ncbi.nlm.nih.gov/25840693/"", ""\""https://pubmed.ncbi.nlm.nih.gov/33166718/\"""", ""https://pubmed.ncbi.nlm.nih.gov/33166718/"", ""\""https://pubmed.ncbi.nlm.nih.gov/33616314/\"""", ""https://pubmed.ncbi.nlm.nih.gov/33616314/"", ""\""https://pubmed.ncbi.nlm.nih.gov/33476593/\"""", ""https://pubmed.ncbi.nlm.nih.gov/33476593/"", ""\""https://pubmed.ncbi.nlm.nih.gov/33539946/\"""", ""https://pubmed.ncbi.nlm.nih.gov/33539946/"", ""\""https://pubmed.ncbi.nlm.nih.gov/33657295/\"""", ""https://pubmed.ncbi.nlm.nih.gov/33657295/"", ""\""https://pubmed.ncbi.nlm.nih.gov/33683919/\"""", ""https://pubmed.ncbi.nlm.nih.gov/33683919/"", ""\""https://pubmed.ncbi.nlm.nih.gov/33462450/\"""", ""https://pubmed.ncbi.nlm.nih.gov/33462450/"", ""\""https://pubmed.ncbi.nlm.nih.gov/33721562/\"""", ""https://pubmed.ncbi.nlm.nih.gov/33721562/"", ""\""https://pubmed.ncbi.nlm.nih.gov/33721560/\"""", ""https://pubmed.ncbi.nlm.nih.gov/33721560/"", ""\""https://pubmed.ncbi.nlm.nih.gov/33676601/\"""", ""https://pubmed.ncbi.nlm.nih.gov/33676601/"", ""\""https://pubmed.ncbi.nlm.nih.gov/33581821/\"""", ""https://pubmed.ncbi.nlm.nih.gov/33581821/"", ""\""https://pubmed.ncbi.nlm.nih.gov/33796020/\"""", ""https://pubmed.ncbi.nlm.nih.gov/33796020/"", ""\""https://pubmed.ncbi.nlm.nih.gov/33794205/\"""", ""https://pubmed.ncbi.nlm.nih.gov/33794205/"", ""\""https://pubmed.ncbi.nlm.nih.gov/33789008/\"""", ""https://pubmed.ncbi.nlm.nih.gov/33789008/"", ""\""https://pubmed.ncbi.nlm.nih.gov/33125944/\"""", ""https://pubmed.ncbi.nlm.nih.gov/33125944/""]","[""29268948"", ""28212060"", ""31050707"", ""30345906"", ""31095287"", ""31003911"", ""28655793"", ""28993052"", ""30052729"", ""29880231"", ""30509740"", ""27718784"", ""29884413"", ""26406148"", ""29867230"", ""29562145"", ""31427204"", ""30779531"", ""30779529"", ""31079938"", ""26412456"", ""26028407"", ""26712084"", ""26970723"", ""27458307"", ""28636851"", ""28854067"", ""28885881"", ""30280658"", ""30262187"", ""27745820"", ""30138764"", ""27979383"", ""29777823"", ""29658856"", ""30280641"", ""30280635"", ""29863955"", ""29658845"", ""31562796"", ""30955977"", ""30664989"", ""30620668"", ""31122901"", ""30659987"", ""30763730"", ""29658430"", ""26115796"", ""28961465"", ""27717298"", ""25795410"", ""28671856"", ""31171878"", ""25399552"", ""30422243"", ""28729154"", ""31327687"", ""31327689"", ""28034081"", ""31863227"", ""31790344"", ""31582355"", ""32053137"", ""31590988"", ""31786121"", ""31679945"", ""31959349"", ""32114502"", ""32201234"", ""32101663"", ""31880964"", ""32416781"", ""32591464"", ""32468956"", ""32271377"", ""32661118"", ""32302702"", ""32534646"", ""32437507"", ""32271672"", ""32416780"", ""32402160"", ""32294530"", ""32379280"", ""32271354"", ""32673417"", ""32339648"", ""27718847"", ""32880602"", ""32880601"", ""33278935"", ""32971005"", ""32966830"", ""32945632"", ""33197226"", ""33485464"", ""32997907"", ""33002436"", ""33284113"", ""33333328"", ""33026938"", ""32811715"", ""32997575"", ""33361337"", ""33285097"", ""32976938"", ""33264544"", ""32946353"", ""25840693"", ""33166718"", ""33616314"", ""33476593"", ""33539946"", ""33657295"", ""33683919"", ""33462450"", ""33721562"", "" 33721560"", ""33676601"", ""33581821"", "" 33796020"", ""33794205"", ""33789008"", ""33125944""]",/mnt/data1/srchowd3/FD-NL2SQL/methodv2/runs/question_table_copy_tapex_full/questions/row_40_For_trials_retrieved_construct_a_PubMed_URL_from_the_PubMed_ID,/mnt/data1/srchowd3/FD-NL2SQL/methodv2/runs/question_table_copy_tapex_full/questions/row_40_For_trials_retrieved_construct_a_PubMed_URL_from_the_PubMed_ID/table_copy.csv,/mnt/data1/srchowd3/FD-NL2SQL/methodv2/runs/question_table_copy_tapex_full/questions/row_40_For_trials_retrieved_construct_a_PubMed_URL_from_the_PubMed_ID/tapex_table_view.csv,/mnt/data1/srchowd3/FD-NL2SQL/methodv2/runs/question_table_copy_tapex_full/questions/row_40_For_trials_retrieved_construct_a_PubMed_URL_from_the_PubMed_ID/ground_truth_table.csv
row_41,41,"In Hodgkin Lymphoma trials, classify overall follow-up maturity: 'mature' if ≥24 months, else 'immature' (or 'unknown' if missing).",Follow-up duration for primary endpoint(s) in months | Overall,"[""maturity""]",1,immotion151,-0.19183392822742462,0,64,0.0,0.0,0.0,"[""{\""maturity\"": \""mature\""}""]","[""\""mature\"""", ""mature""]","[""25.7""]",/mnt/data1/srchowd3/FD-NL2SQL/methodv2/runs/question_table_copy_tapex_full/questions/row_41_In_Hodgkin_Lymphoma_trials_classify_overall_follow_up_maturity_mature_if_24_months_else_immature_or_unknown_if_missing,/mnt/data1/srchowd3/FD-NL2SQL/methodv2/runs/question_table_copy_tapex_full/questions/row_41_In_Hodgkin_Lymphoma_trials_classify_overall_follow_up_maturity_mature_if_24_months_else_immature_or_unknown_if_missing/table_copy.csv,/mnt/data1/srchowd3/FD-NL2SQL/methodv2/runs/question_table_copy_tapex_full/questions/row_41_In_Hodgkin_Lymphoma_trials_classify_overall_follow_up_maturity_mature_if_24_months_else_immature_or_unknown_if_missing/tapex_table_view.csv,/mnt/data1/srchowd3/FD-NL2SQL/methodv2/runs/question_table_copy_tapex_full/questions/row_41_In_Hodgkin_Lymphoma_trials_classify_overall_follow_up_maturity_mature_if_24_months_else_immature_or_unknown_if_missing/ground_truth_table.csv
row_42,42,"In Head and Neck trials, classify overall follow-up maturity: 'mature' if ≥24 months, else 'immature' (or 'unknown' if missing).",Follow-up duration for primary endpoint(s) in months | Overall,"[""maturity""]",9,immotion151,-0.35159388184547424,0,64,0.0,0.0,0.0,"[""{\""maturity\"": \""immature\""}"", ""{\""maturity\"": \""mature\""}"", ""{\""maturity\"": \""unknown\""}"", ""{\""maturity\"": \""unknown\""}"", ""{\""maturity\"": \""immature\""}"", ""{\""maturity\"": \""unknown\""}"", ""{\""maturity\"": \""unknown\""}"", ""{\""maturity\"": \""unknown\""}"", ""{\""maturity\"": \""unknown\""}""]","[""\""immature\"""", ""immature"", ""\""mature\"""", ""mature"", ""\""unknown\"""", ""unknown""]","[""5.1"", ""24.2"", ""9.5""]",/mnt/data1/srchowd3/FD-NL2SQL/methodv2/runs/question_table_copy_tapex_full/questions/row_42_In_Head_and_Neck_trials_classify_overall_follow_up_maturity_mature_if_24_months_else_immature_or_unknown_if_missing,/mnt/data1/srchowd3/FD-NL2SQL/methodv2/runs/question_table_copy_tapex_full/questions/row_42_In_Head_and_Neck_trials_classify_overall_follow_up_maturity_mature_if_24_months_else_immature_or_unknown_if_missing/table_copy.csv,/mnt/data1/srchowd3/FD-NL2SQL/methodv2/runs/question_table_copy_tapex_full/questions/row_42_In_Head_and_Neck_trials_classify_overall_follow_up_maturity_mature_if_24_months_else_immature_or_unknown_if_missing/tapex_table_view.csv,/mnt/data1/srchowd3/FD-NL2SQL/methodv2/runs/question_table_copy_tapex_full/questions/row_42_In_Head_and_Neck_trials_classify_overall_follow_up_maturity_mature_if_24_months_else_immature_or_unknown_if_missing/ground_truth_table.csv
row_44,44,"In Esophageal/GEJ Phase 2 trials, standardize the primary endpoint into one of OS, PFS, ORR, DFS, DOR, AE-rate, or Other.",Primary endpoint,"[""primary_endpoint_category""]",0,dor,-0.2827451527118683,64,64,0.0,0.0,0.0,[],[],[],/mnt/data1/srchowd3/FD-NL2SQL/methodv2/runs/question_table_copy_tapex_full/questions/row_44_In_Esophageal_GEJ_Phase_2_trials_standardize_the_primary_endpoint_into_one_of_OS_PFS_ORR_DFS_DOR_AE_rate_or_Other,/mnt/data1/srchowd3/FD-NL2SQL/methodv2/runs/question_table_copy_tapex_full/questions/row_44_In_Esophageal_GEJ_Phase_2_trials_standardize_the_primary_endpoint_into_one_of_OS_PFS_ORR_DFS_DOR_AE_rate_or_Other/table_copy.csv,/mnt/data1/srchowd3/FD-NL2SQL/methodv2/runs/question_table_copy_tapex_full/questions/row_44_In_Esophageal_GEJ_Phase_2_trials_standardize_the_primary_endpoint_into_one_of_OS_PFS_ORR_DFS_DOR_AE_rate_or_Other/tapex_table_view.csv,/mnt/data1/srchowd3/FD-NL2SQL/methodv2/runs/question_table_copy_tapex_full/questions/row_44_In_Esophageal_GEJ_Phase_2_trials_standardize_the_primary_endpoint_into_one_of_OS_PFS_ORR_DFS_DOR_AE_rate_or_Other/ground_truth_table.csv
row_45,45,"In melanoma trials using ICI plus BRAFi+MEKi, list the BRAF and MEK inhibitors used in the regimen.",Treatment regimen,"[""braf_inhibitor"", ""mek_inhibitor""]",3,nct02256436,-0.29694241285324097,0,64,0.0,0.0,0.0,"[""{\""braf_inhibitor\"": \""dabrafenib\"", \""mek_inhibitor\"": \""trametinib\""}"", ""{\""braf_inhibitor\"": \""vemurafenib\"", \""mek_inhibitor\"": \""cobimetinib\""}"", ""{\""braf_inhibitor\"": \""dabrafenib\"", \""mek_inhibitor\"": \""trametinib\""}""]","[""\""dabrafenib\"""", ""dabrafenib"", ""\""trametinib\"""", ""trametinib"", ""\""vemurafenib\"""", ""vemurafenib"", ""\""cobimetinib\"""", ""cobimetinib""]","[""Pembrolizumab+Dabrafenib+Trametinib"", ""Atezolizumab+Vemurafenib+Cobimetinib""]",/mnt/data1/srchowd3/FD-NL2SQL/methodv2/runs/question_table_copy_tapex_full/questions/row_45_In_melanoma_trials_using_ICI_plus_BRAFi_MEKi_list_the_BRAF_and_MEK_inhibitors_used_in_the_regimen,/mnt/data1/srchowd3/FD-NL2SQL/methodv2/runs/question_table_copy_tapex_full/questions/row_45_In_melanoma_trials_using_ICI_plus_BRAFi_MEKi_list_the_BRAF_and_MEK_inhibitors_used_in_the_regimen/table_copy.csv,/mnt/data1/srchowd3/FD-NL2SQL/methodv2/runs/question_table_copy_tapex_full/questions/row_45_In_melanoma_trials_using_ICI_plus_BRAFi_MEKi_list_the_BRAF_and_MEK_inhibitors_used_in_the_regimen/tapex_table_view.csv,/mnt/data1/srchowd3/FD-NL2SQL/methodv2/runs/question_table_copy_tapex_full/questions/row_45_In_melanoma_trials_using_ICI_plus_BRAFi_MEKi_list_the_BRAF_and_MEK_inhibitors_used_in_the_regimen/ground_truth_table.csv
row_46,46,"In Hepatocellular studies using ICI+TKI, list the TKI agent(s) mentioned in the treatment regimen.",Treatment regimen,"[""tki_agents""]",0,nct02256436,-0.3989218771457672,0,64,0.0,0.0,0.0,[],[],[],/mnt/data1/srchowd3/FD-NL2SQL/methodv2/runs/question_table_copy_tapex_full/questions/row_46_In_Hepatocellular_studies_using_ICI_TKI_list_the_TKI_agent_s_mentioned_in_the_treatment_regimen,/mnt/data1/srchowd3/FD-NL2SQL/methodv2/runs/question_table_copy_tapex_full/questions/row_46_In_Hepatocellular_studies_using_ICI_TKI_list_the_TKI_agent_s_mentioned_in_the_treatment_regimen/table_copy.csv,/mnt/data1/srchowd3/FD-NL2SQL/methodv2/runs/question_table_copy_tapex_full/questions/row_46_In_Hepatocellular_studies_using_ICI_TKI_list_the_TKI_agent_s_mentioned_in_the_treatment_regimen/tapex_table_view.csv,/mnt/data1/srchowd3/FD-NL2SQL/methodv2/runs/question_table_copy_tapex_full/questions/row_46_In_Hepatocellular_studies_using_ICI_TKI_list_the_TKI_agent_s_mentioned_in_the_treatment_regimen/ground_truth_table.csv
row_47,47,"For Avelumab trials, bucket total sample size as small(<100), medium(100–299), or large(≥300).",Total sample size,"[""size_bucket""]",7,large,-0.10258257389068604,128,30,0.0,1.0,0.0,"[""{\""size_bucket\"": \""large\""}"", ""{\""size_bucket\"": \""large\""}"", ""{\""size_bucket\"": \""large\""}"", ""{\""size_bucket\"": \""large\""}"", ""{\""size_bucket\"": \""large\""}"", ""{\""size_bucket\"": \""large\""}"", ""{\""size_bucket\"": \""small\""}""]","[""\""large\"""", ""large"", ""\""small\"""", ""small""]","[""371.0"", ""886.0"", ""700.0"", ""499.0"", ""697.0"", ""82.0""]",/mnt/data1/srchowd3/FD-NL2SQL/methodv2/runs/question_table_copy_tapex_full/questions/row_47_For_Avelumab_trials_bucket_total_sample_size_as_small_100_medium_100_299_or_large_300,/mnt/data1/srchowd3/FD-NL2SQL/methodv2/runs/question_table_copy_tapex_full/questions/row_47_For_Avelumab_trials_bucket_total_sample_size_as_small_100_medium_100_299_or_large_300/table_copy.csv,/mnt/data1/srchowd3/FD-NL2SQL/methodv2/runs/question_table_copy_tapex_full/questions/row_47_For_Avelumab_trials_bucket_total_sample_size_as_small_100_medium_100_299_or_large_300/tapex_table_view.csv,/mnt/data1/srchowd3/FD-NL2SQL/methodv2/runs/question_table_copy_tapex_full/questions/row_47_For_Avelumab_trials_bucket_total_sample_size_as_small_100_medium_100_299_or_large_300/ground_truth_table.csv
row_48,48,"In Melanoma Phase 2 trials, standardize the primary endpoint into one of OS, PFS, ORR, DFS, DOR, AE-rate, or Other.",Primary endpoint,"[""primary_endpoint_category""]",8,dor,-0.2559148669242859,64,64,0.0,0.0,0.0,"[""{\""primary_endpoint_category\"": \""PFS\""}"", ""{\""primary_endpoint_category\"": \""PFS\""}"", ""{\""primary_endpoint_category\"": \""PFS\""}"", ""{\""primary_endpoint_category\"": \""PFS\""}"", ""{\""primary_endpoint_category\"": \""PFS\""}"", ""{\""primary_endpoint_category\"": \""Other\""}"", ""{\""primary_endpoint_category\"": \""Other\""}"", ""{\""primary_endpoint_category\"": \""PFS\""}""]","[""\""PFS\"""", ""PFS"", ""\""Other\"""", ""Other""]","[""OS+PFS"", ""PFS"", ""RFS""]",/mnt/data1/srchowd3/FD-NL2SQL/methodv2/runs/question_table_copy_tapex_full/questions/row_48_In_Melanoma_Phase_2_trials_standardize_the_primary_endpoint_into_one_of_OS_PFS_ORR_DFS_DOR_AE_rate_or_Other,/mnt/data1/srchowd3/FD-NL2SQL/methodv2/runs/question_table_copy_tapex_full/questions/row_48_In_Melanoma_Phase_2_trials_standardize_the_primary_endpoint_into_one_of_OS_PFS_ORR_DFS_DOR_AE_rate_or_Other/table_copy.csv,/mnt/data1/srchowd3/FD-NL2SQL/methodv2/runs/question_table_copy_tapex_full/questions/row_48_In_Melanoma_Phase_2_trials_standardize_the_primary_endpoint_into_one_of_OS_PFS_ORR_DFS_DOR_AE_rate_or_Other/tapex_table_view.csv,/mnt/data1/srchowd3/FD-NL2SQL/methodv2/runs/question_table_copy_tapex_full/questions/row_48_In_Melanoma_Phase_2_trials_standardize_the_primary_endpoint_into_one_of_OS_PFS_ORR_DFS_DOR_AE_rate_or_Other/ground_truth_table.csv
row_50,50,"In Mesothelioma Phase 3 trials, standardize the primary endpoint into one of OS, PFS, ORR, DFS, DOR, AE-rate, or Other.",Primary endpoint,"[""primary_endpoint_category""]",2,dor,-0.16094736754894257,64,64,0.0,0.0,0.0,"[""{\""primary_endpoint_category\"": \""OS\""}"", ""{\""primary_endpoint_category\"": \""PFS\""}""]","[""\""OS\"""", ""OS"", ""\""PFS\"""", ""PFS""]","[""OS"", ""PFS""]",/mnt/data1/srchowd3/FD-NL2SQL/methodv2/runs/question_table_copy_tapex_full/questions/row_50_In_Mesothelioma_Phase_3_trials_standardize_the_primary_endpoint_into_one_of_OS_PFS_ORR_DFS_DOR_AE_rate_or_Other,/mnt/data1/srchowd3/FD-NL2SQL/methodv2/runs/question_table_copy_tapex_full/questions/row_50_In_Mesothelioma_Phase_3_trials_standardize_the_primary_endpoint_into_one_of_OS_PFS_ORR_DFS_DOR_AE_rate_or_Other/table_copy.csv,/mnt/data1/srchowd3/FD-NL2SQL/methodv2/runs/question_table_copy_tapex_full/questions/row_50_In_Mesothelioma_Phase_3_trials_standardize_the_primary_endpoint_into_one_of_OS_PFS_ORR_DFS_DOR_AE_rate_or_Other/tapex_table_view.csv,/mnt/data1/srchowd3/FD-NL2SQL/methodv2/runs/question_table_copy_tapex_full/questions/row_50_In_Mesothelioma_Phase_3_trials_standardize_the_primary_endpoint_into_one_of_OS_PFS_ORR_DFS_DOR_AE_rate_or_Other/ground_truth_table.csv
row_51,51,"In Hodgkin Lymphoma trials, convert 'Original/Follow up' status into a boolean is_follow_up.",Originial publication or Follow-up,"[""is_follow_up""]",1,follow-up,-0.12498444318771362,64,64,0.0,0.0,0.0,"[""{\""is_follow_up\"": false}""]","[""false"", ""False""]","[""Original publication""]",/mnt/data1/srchowd3/FD-NL2SQL/methodv2/runs/question_table_copy_tapex_full/questions/row_51_In_Hodgkin_Lymphoma_trials_convert_Original_Follow_up_status_into_a_boolean_is_follow_up,/mnt/data1/srchowd3/FD-NL2SQL/methodv2/runs/question_table_copy_tapex_full/questions/row_51_In_Hodgkin_Lymphoma_trials_convert_Original_Follow_up_status_into_a_boolean_is_follow_up/table_copy.csv,/mnt/data1/srchowd3/FD-NL2SQL/methodv2/runs/question_table_copy_tapex_full/questions/row_51_In_Hodgkin_Lymphoma_trials_convert_Original_Follow_up_status_into_a_boolean_is_follow_up/tapex_table_view.csv,/mnt/data1/srchowd3/FD-NL2SQL/methodv2/runs/question_table_copy_tapex_full/questions/row_51_In_Hodgkin_Lymphoma_trials_convert_Original_Follow_up_status_into_a_boolean_is_follow_up/ground_truth_table.csv
row_53,53,"In Multiple Myeloma Phase 3 trials, standardize the primary endpoint into one of OS, PFS, ORR, DFS, DOR, AE-rate, or Other.",Primary endpoint,"[""primary_endpoint_category""]",2,dor,-0.21202243864536285,64,64,0.0,0.0,0.0,"[""{\""primary_endpoint_category\"": \""PFS\""}"", ""{\""primary_endpoint_category\"": \""PFS\""}""]","[""\""PFS\"""", ""PFS""]","[""OS+PFS"", ""PFS""]",/mnt/data1/srchowd3/FD-NL2SQL/methodv2/runs/question_table_copy_tapex_full/questions/row_53_In_Multiple_Myeloma_Phase_3_trials_standardize_the_primary_endpoint_into_one_of_OS_PFS_ORR_DFS_DOR_AE_rate_or_Other,/mnt/data1/srchowd3/FD-NL2SQL/methodv2/runs/question_table_copy_tapex_full/questions/row_53_In_Multiple_Myeloma_Phase_3_trials_standardize_the_primary_endpoint_into_one_of_OS_PFS_ORR_DFS_DOR_AE_rate_or_Other/table_copy.csv,/mnt/data1/srchowd3/FD-NL2SQL/methodv2/runs/question_table_copy_tapex_full/questions/row_53_In_Multiple_Myeloma_Phase_3_trials_standardize_the_primary_endpoint_into_one_of_OS_PFS_ORR_DFS_DOR_AE_rate_or_Other/tapex_table_view.csv,/mnt/data1/srchowd3/FD-NL2SQL/methodv2/runs/question_table_copy_tapex_full/questions/row_53_In_Multiple_Myeloma_Phase_3_trials_standardize_the_primary_endpoint_into_one_of_OS_PFS_ORR_DFS_DOR_AE_rate_or_Other/ground_truth_table.csv
row_56,56,"In Multiple Myeloma trials, from the secondary endpoint text flag if immune-related adverse events (irAEs) were explicitly assessed.",Secondary endpoint,"[""irAE_assessed""]",2,nct02523313,-0.2151917815208435,64,64,0.0,0.0,0.0,"[""{\""irAE_assessed\"": false}"", ""{\""irAE_assessed\"": false}""]","[""false"", ""False""]","[""Overall response; duration of response; disease control; safety and tolerability of both treatments; secondary PFS."", ""Safety; OS; overall response; duration of response; disease control; secondary PFS.""]",/mnt/data1/srchowd3/FD-NL2SQL/methodv2/runs/question_table_copy_tapex_full/questions/row_56_In_Multiple_Myeloma_trials_from_the_secondary_endpoint_text_flag_if_immune_related_adverse_events_irAEs_were_explicitly_assessed,/mnt/data1/srchowd3/FD-NL2SQL/methodv2/runs/question_table_copy_tapex_full/questions/row_56_In_Multiple_Myeloma_trials_from_the_secondary_endpoint_text_flag_if_immune_related_adverse_events_irAEs_were_explicitly_assessed/table_copy.csv,/mnt/data1/srchowd3/FD-NL2SQL/methodv2/runs/question_table_copy_tapex_full/questions/row_56_In_Multiple_Myeloma_trials_from_the_secondary_endpoint_text_flag_if_immune_related_adverse_events_irAEs_were_explicitly_assessed/tapex_table_view.csv,/mnt/data1/srchowd3/FD-NL2SQL/methodv2/runs/question_table_copy_tapex_full/questions/row_56_In_Multiple_Myeloma_trials_from_the_secondary_endpoint_text_flag_if_immune_related_adverse_events_irAEs_were_explicitly_assessed/ground_truth_table.csv
row_57,57,"For Durvalumab, Tremelimumab trials, bucket the publication year into: ≤2014, 2015–2018, ≥2019.",Year,"[""era""]",7,2021,-0.2901781499385834,128,31,0.0,0.0,0.0,"[""{\""era\"": \""≥2019\""}"", ""{\""era\"": \""≥2019\""}"", ""{\""era\"": \""≥2019\""}"", ""{\""era\"": \""≥2019\""}"", ""{\""era\"": \""≥2019\""}"", ""{\""era\"": \""≥2019\""}"", ""{\""era\"": \""≥2019\""}""]","[""\""≥2019\"""", ""≥2019""]","[""2019"", ""2020""]",/mnt/data1/srchowd3/FD-NL2SQL/methodv2/runs/question_table_copy_tapex_full/questions/row_57_For_Durvalumab_Tremelimumab_trials_bucket_the_publication_year_into_2014_2015_2018_2019,/mnt/data1/srchowd3/FD-NL2SQL/methodv2/runs/question_table_copy_tapex_full/questions/row_57_For_Durvalumab_Tremelimumab_trials_bucket_the_publication_year_into_2014_2015_2018_2019/table_copy.csv,/mnt/data1/srchowd3/FD-NL2SQL/methodv2/runs/question_table_copy_tapex_full/questions/row_57_For_Durvalumab_Tremelimumab_trials_bucket_the_publication_year_into_2014_2015_2018_2019/tapex_table_view.csv,/mnt/data1/srchowd3/FD-NL2SQL/methodv2/runs/question_table_copy_tapex_full/questions/row_57_For_Durvalumab_Tremelimumab_trials_bucket_the_publication_year_into_2014_2015_2018_2019/ground_truth_table.csv
row_58,58,"In Melanoma combination therapy trials, normalize the combination type to standardized labels (e.g., ICI+Chemo, ICI+TKI, ICI+ICI).",Type of combination,"[""combo_type_norm""]",7,ici+chemo,-0.09962507337331772,64,13,0.0,1.0,1.0,"[""{\""combo_type_norm\"": \""ICI+Chemo\""}"", ""{\""combo_type_norm\"": \""ICI+Vaccine\""}"", ""{\""combo_type_norm\"": \""ICI+BRAFi+MEKi\""}"", ""{\""combo_type_norm\"": \""ICI+ICI\""}"", ""{\""combo_type_norm\"": \""ICI+BRAFi+MEKi\""}"", ""{\""combo_type_norm\"": \""ICI+Vaccine\""}"", ""{\""combo_type_norm\"": \""ICI+BRAFi+MEKi\""}""]","[""\""ICI+Chemo\"""", ""ICI+Chemo"", ""\""ICI+Vaccine\"""", ""ICI+Vaccine"", ""\""ICI+BRAFi+MEKi\"""", ""ICI+BRAFi+MEKi"", ""\""ICI+ICI\"""", ""ICI+ICI""]","[""ICI+Chemo"", ""ICI+Vaccine"", ""ICI+BRAFi+MEKi"", ""ICI+ICI""]",/mnt/data1/srchowd3/FD-NL2SQL/methodv2/runs/question_table_copy_tapex_full/questions/row_58_In_Melanoma_combination_therapy_trials_normalize_the_combination_type_to_standardized_labels_e_g_ICI_Chemo_ICI_TKI_ICI_ICI,/mnt/data1/srchowd3/FD-NL2SQL/methodv2/runs/question_table_copy_tapex_full/questions/row_58_In_Melanoma_combination_therapy_trials_normalize_the_combination_type_to_standardized_labels_e_g_ICI_Chemo_ICI_TKI_ICI_ICI/table_copy.csv,/mnt/data1/srchowd3/FD-NL2SQL/methodv2/runs/question_table_copy_tapex_full/questions/row_58_In_Melanoma_combination_therapy_trials_normalize_the_combination_type_to_standardized_labels_e_g_ICI_Chemo_ICI_TKI_ICI_ICI/tapex_table_view.csv,/mnt/data1/srchowd3/FD-NL2SQL/methodv2/runs/question_table_copy_tapex_full/questions/row_58_In_Melanoma_combination_therapy_trials_normalize_the_combination_type_to_standardized_labels_e_g_ICI_Chemo_ICI_TKI_ICI_ICI/ground_truth_table.csv
row_60,60,"In Gastric/GEJ trials, convert 'Type of therapy' into is_combination = true/false.",Type of therapy,"[""is_combination""]",8,combination,-0.26700377464294434,128,31,0.0,0.0,1.0,"[""{\""is_combination\"": false}"", ""{\""is_combination\"": false}"", ""{\""is_combination\"": false}"", ""{\""is_combination\"": false}"", ""{\""is_combination\"": false}"", ""{\""is_combination\"": false}"", ""{\""is_combination\"": true}"", ""{\""is_combination\"": true}""]","[""false"", ""False"", ""true"", ""True""]","[""Monotherapy"", ""Combination""]",/mnt/data1/srchowd3/FD-NL2SQL/methodv2/runs/question_table_copy_tapex_full/questions/row_60_In_Gastric_GEJ_trials_convert_Type_of_therapy_into_is_combination_true_false,/mnt/data1/srchowd3/FD-NL2SQL/methodv2/runs/question_table_copy_tapex_full/questions/row_60_In_Gastric_GEJ_trials_convert_Type_of_therapy_into_is_combination_true_false/table_copy.csv,/mnt/data1/srchowd3/FD-NL2SQL/methodv2/runs/question_table_copy_tapex_full/questions/row_60_In_Gastric_GEJ_trials_convert_Type_of_therapy_into_is_combination_true_false/tapex_table_view.csv,/mnt/data1/srchowd3/FD-NL2SQL/methodv2/runs/question_table_copy_tapex_full/questions/row_60_In_Gastric_GEJ_trials_convert_Type_of_therapy_into_is_combination_true_false/ground_truth_table.csv
row_62,62,"In Bladder trials, classify overall follow-up maturity: 'mature' if ≥24 months, else 'immature' (or 'unknown' if missing).",Follow-up duration for primary endpoint(s) in months | Overall,"[""maturity""]",3,immotion151,-0.20463907718658447,0,64,0.0,0.0,0.0,"[""{\""maturity\"": \""immature\""}"", ""{\""maturity\"": \""immature\""}"", ""{\""maturity\"": \""mature\""}""]","[""\""immature\"""", ""immature"", ""\""mature\"""", ""mature""]","[""17.3"", ""14.1"", ""27.7""]",/mnt/data1/srchowd3/FD-NL2SQL/methodv2/runs/question_table_copy_tapex_full/questions/row_62_In_Bladder_trials_classify_overall_follow_up_maturity_mature_if_24_months_else_immature_or_unknown_if_missing,/mnt/data1/srchowd3/FD-NL2SQL/methodv2/runs/question_table_copy_tapex_full/questions/row_62_In_Bladder_trials_classify_overall_follow_up_maturity_mature_if_24_months_else_immature_or_unknown_if_missing/table_copy.csv,/mnt/data1/srchowd3/FD-NL2SQL/methodv2/runs/question_table_copy_tapex_full/questions/row_62_In_Bladder_trials_classify_overall_follow_up_maturity_mature_if_24_months_else_immature_or_unknown_if_missing/tapex_table_view.csv,/mnt/data1/srchowd3/FD-NL2SQL/methodv2/runs/question_table_copy_tapex_full/questions/row_62_In_Bladder_trials_classify_overall_follow_up_maturity_mature_if_24_months_else_immature_or_unknown_if_missing/ground_truth_table.csv
row_64,64,"In Colorectal trials, classify overall follow-up maturity: 'mature' if ≥24 months, else 'immature' (or 'unknown' if missing).",Follow-up duration for primary endpoint(s) in months | Overall,"[""maturity""]",4,immotion151,-0.5846433639526367,0,64,0.0,0.0,0.0,"[""{\""maturity\"": \""immature\""}"", ""{\""maturity\"": \""immature\""}"", ""{\""maturity\"": \""unknown\""}"", ""{\""maturity\"": \""mature\""}""]","[""\""immature\"""", ""immature"", ""\""unknown\"""", ""unknown"", ""\""mature\"""", ""mature""]","[""7.3"", ""32.4""]",/mnt/data1/srchowd3/FD-NL2SQL/methodv2/runs/question_table_copy_tapex_full/questions/row_64_In_Colorectal_trials_classify_overall_follow_up_maturity_mature_if_24_months_else_immature_or_unknown_if_missing,/mnt/data1/srchowd3/FD-NL2SQL/methodv2/runs/question_table_copy_tapex_full/questions/row_64_In_Colorectal_trials_classify_overall_follow_up_maturity_mature_if_24_months_else_immature_or_unknown_if_missing/table_copy.csv,/mnt/data1/srchowd3/FD-NL2SQL/methodv2/runs/question_table_copy_tapex_full/questions/row_64_In_Colorectal_trials_classify_overall_follow_up_maturity_mature_if_24_months_else_immature_or_unknown_if_missing/tapex_table_view.csv,/mnt/data1/srchowd3/FD-NL2SQL/methodv2/runs/question_table_copy_tapex_full/questions/row_64_In_Colorectal_trials_classify_overall_follow_up_maturity_mature_if_24_months_else_immature_or_unknown_if_missing/ground_truth_table.csv
row_65,65,"In Renal cell trials, normalize the clinical setting to one of: neoadjuvant, adjuvant, perioperative, metastatic/advanced.",Clinical setting,"[""setting_normalized""]",14,adjuvant,-0.21134315431118011,64,64,0.0,0.0,0.0,"[""{\""setting_normalized\"": \""metastatic/advanced\""}"", ""{\""setting_normalized\"": \""metastatic/advanced\""}"", ""{\""setting_normalized\"": \""metastatic/advanced\""}"", ""{\""setting_normalized\"": \""metastatic/advanced\""}"", ""{\""setting_normalized\"": \""metastatic/advanced\""}"", ""{\""setting_normalized\"": \""metastatic/advanced\""}"", ""{\""setting_normalized\"": \""metastatic/advanced\""}"", ""{\""setting_normalized\"": \""metastatic/advanced\""}"", ""{\""setting_normalized\"": \""metastatic/advanced\""}"", ""{\""setting_normalized\"": \""metastatic/advanced\""}"", ""{\""setting_normalized\"": \""metastatic/advanced\""}"", ""{\""setting_normalized\"": \""metastatic/advanced\""}"", ""{\""setting_normalized\"": \""metastatic/advanced\""}"", ""{\""setting_normalized\"": \""metastatic/advanced\""}""]","[""\""metastatic/advanced\"""", ""metastatic/advanced""]","[""Metastatic+recurrent (unresectable)""]",/mnt/data1/srchowd3/FD-NL2SQL/methodv2/runs/question_table_copy_tapex_full/questions/row_65_In_Renal_cell_trials_normalize_the_clinical_setting_to_one_of_neoadjuvant_adjuvant_perioperative_metastatic_advanced,/mnt/data1/srchowd3/FD-NL2SQL/methodv2/runs/question_table_copy_tapex_full/questions/row_65_In_Renal_cell_trials_normalize_the_clinical_setting_to_one_of_neoadjuvant_adjuvant_perioperative_metastatic_advanced/table_copy.csv,/mnt/data1/srchowd3/FD-NL2SQL/methodv2/runs/question_table_copy_tapex_full/questions/row_65_In_Renal_cell_trials_normalize_the_clinical_setting_to_one_of_neoadjuvant_adjuvant_perioperative_metastatic_advanced/tapex_table_view.csv,/mnt/data1/srchowd3/FD-NL2SQL/methodv2/runs/question_table_copy_tapex_full/questions/row_65_In_Renal_cell_trials_normalize_the_clinical_setting_to_one_of_neoadjuvant_adjuvant_perioperative_metastatic_advanced/ground_truth_table.csv
row_66,66,"In Colorectal Phase 2 trials, standardize the primary endpoint into one of OS, PFS, ORR, DFS, DOR, AE-rate, or Other.",Primary endpoint,"[""primary_endpoint_category""]",1,dor,-0.22180114686489105,64,64,0.0,0.0,0.0,"[""{\""primary_endpoint_category\"": \""OS\""}""]","[""\""OS\"""", ""OS""]","[""OS""]",/mnt/data1/srchowd3/FD-NL2SQL/methodv2/runs/question_table_copy_tapex_full/questions/row_66_In_Colorectal_Phase_2_trials_standardize_the_primary_endpoint_into_one_of_OS_PFS_ORR_DFS_DOR_AE_rate_or_Other,/mnt/data1/srchowd3/FD-NL2SQL/methodv2/runs/question_table_copy_tapex_full/questions/row_66_In_Colorectal_Phase_2_trials_standardize_the_primary_endpoint_into_one_of_OS_PFS_ORR_DFS_DOR_AE_rate_or_Other/table_copy.csv,/mnt/data1/srchowd3/FD-NL2SQL/methodv2/runs/question_table_copy_tapex_full/questions/row_66_In_Colorectal_Phase_2_trials_standardize_the_primary_endpoint_into_one_of_OS_PFS_ORR_DFS_DOR_AE_rate_or_Other/tapex_table_view.csv,/mnt/data1/srchowd3/FD-NL2SQL/methodv2/runs/question_table_copy_tapex_full/questions/row_66_In_Colorectal_Phase_2_trials_standardize_the_primary_endpoint_into_one_of_OS_PFS_ORR_DFS_DOR_AE_rate_or_Other/ground_truth_table.csv
row_67,67,"In NSCLC trials, normalize the clinical setting to one of: neoadjuvant, adjuvant, perioperative, metastatic/advanced.",Clinical setting,"[""setting_normalized""]",1,adjuvant,-0.2525252103805542,64,64,0.0,0.0,0.0,"[""{\""setting_normalized\"": \""metastatic/advanced\""}""]","[""\""metastatic/advanced\"""", ""metastatic/advanced""]","[""Metastatic+recurrent (unresectable)""]",/mnt/data1/srchowd3/FD-NL2SQL/methodv2/runs/question_table_copy_tapex_full/questions/row_67_In_NSCLC_trials_normalize_the_clinical_setting_to_one_of_neoadjuvant_adjuvant_perioperative_metastatic_advanced,/mnt/data1/srchowd3/FD-NL2SQL/methodv2/runs/question_table_copy_tapex_full/questions/row_67_In_NSCLC_trials_normalize_the_clinical_setting_to_one_of_neoadjuvant_adjuvant_perioperative_metastatic_advanced/table_copy.csv,/mnt/data1/srchowd3/FD-NL2SQL/methodv2/runs/question_table_copy_tapex_full/questions/row_67_In_NSCLC_trials_normalize_the_clinical_setting_to_one_of_neoadjuvant_adjuvant_perioperative_metastatic_advanced/tapex_table_view.csv,/mnt/data1/srchowd3/FD-NL2SQL/methodv2/runs/question_table_copy_tapex_full/questions/row_67_In_NSCLC_trials_normalize_the_clinical_setting_to_one_of_neoadjuvant_adjuvant_perioperative_metastatic_advanced/ground_truth_table.csv
row_68,68,"In Bladder trials, convert 'Original/Follow up' status into a boolean is_follow_up.",Originial publication or Follow-up,"[""is_follow_up""]",3,follow-up,-0.1329469382762909,64,64,0.0,0.0,1.0,"[""{\""is_follow_up\"": false}"", ""{\""is_follow_up\"": false}"", ""{\""is_follow_up\"": true}""]","[""false"", ""False"", ""true"", ""True""]","[""Original publication"", ""Follow-up""]",/mnt/data1/srchowd3/FD-NL2SQL/methodv2/runs/question_table_copy_tapex_full/questions/row_68_In_Bladder_trials_convert_Original_Follow_up_status_into_a_boolean_is_follow_up,/mnt/data1/srchowd3/FD-NL2SQL/methodv2/runs/question_table_copy_tapex_full/questions/row_68_In_Bladder_trials_convert_Original_Follow_up_status_into_a_boolean_is_follow_up/table_copy.csv,/mnt/data1/srchowd3/FD-NL2SQL/methodv2/runs/question_table_copy_tapex_full/questions/row_68_In_Bladder_trials_convert_Original_Follow_up_status_into_a_boolean_is_follow_up/tapex_table_view.csv,/mnt/data1/srchowd3/FD-NL2SQL/methodv2/runs/question_table_copy_tapex_full/questions/row_68_In_Bladder_trials_convert_Original_Follow_up_status_into_a_boolean_is_follow_up/ground_truth_table.csv
row_69,69,"In Prostate studies using ICI+TKI, list the TKI agent(s) mentioned in the treatment regimen.",Treatment regimen,"[""tki_agents""]",0,"nct02256436, nct02256436",-0.29709309339523315,0,64,0.0,0.0,0.0,[],[],[],/mnt/data1/srchowd3/FD-NL2SQL/methodv2/runs/question_table_copy_tapex_full/questions/row_69_In_Prostate_studies_using_ICI_TKI_list_the_TKI_agent_s_mentioned_in_the_treatment_regimen,/mnt/data1/srchowd3/FD-NL2SQL/methodv2/runs/question_table_copy_tapex_full/questions/row_69_In_Prostate_studies_using_ICI_TKI_list_the_TKI_agent_s_mentioned_in_the_treatment_regimen/table_copy.csv,/mnt/data1/srchowd3/FD-NL2SQL/methodv2/runs/question_table_copy_tapex_full/questions/row_69_In_Prostate_studies_using_ICI_TKI_list_the_TKI_agent_s_mentioned_in_the_treatment_regimen/tapex_table_view.csv,/mnt/data1/srchowd3/FD-NL2SQL/methodv2/runs/question_table_copy_tapex_full/questions/row_69_In_Prostate_studies_using_ICI_TKI_list_the_TKI_agent_s_mentioned_in_the_treatment_regimen/ground_truth_table.csv
row_70,70,"In Mesothelioma trials, from the secondary endpoint text flag if immune-related adverse events (irAEs) were explicitly assessed.",Secondary endpoint,"[""irAE_assessed""]",3,nct02523313,-0.1320774257183075,64,64,0.0,0.0,0.0,"[""{\""irAE_assessed\"": false}"", ""{\""irAE_assessed\"": false}"", ""{\""irAE_assessed\"": false}""]","[""false"", ""False""]","[""18-month OS; disease control and durable disease control; PFS; proportion of patients achieving an objective response; duration of response;  patient-reported outcomes; pharmacokinetics; immunogenicity of tremelimumab; and safety and tolerability."", ""PFS, ORR, time to response, DoR, DCR "", ""investigator-assessed PFS, OS, ORR, time to treatment failure, safety""]",/mnt/data1/srchowd3/FD-NL2SQL/methodv2/runs/question_table_copy_tapex_full/questions/row_70_In_Mesothelioma_trials_from_the_secondary_endpoint_text_flag_if_immune_related_adverse_events_irAEs_were_explicitly_assessed,/mnt/data1/srchowd3/FD-NL2SQL/methodv2/runs/question_table_copy_tapex_full/questions/row_70_In_Mesothelioma_trials_from_the_secondary_endpoint_text_flag_if_immune_related_adverse_events_irAEs_were_explicitly_assessed/table_copy.csv,/mnt/data1/srchowd3/FD-NL2SQL/methodv2/runs/question_table_copy_tapex_full/questions/row_70_In_Mesothelioma_trials_from_the_secondary_endpoint_text_flag_if_immune_related_adverse_events_irAEs_were_explicitly_assessed/tapex_table_view.csv,/mnt/data1/srchowd3/FD-NL2SQL/methodv2/runs/question_table_copy_tapex_full/questions/row_70_In_Mesothelioma_trials_from_the_secondary_endpoint_text_flag_if_immune_related_adverse_events_irAEs_were_explicitly_assessed/ground_truth_table.csv
row_71,71,"In Bladder trials, classify the ICI by target class from its generic name as PD-1, PD-L1, or CTLA-4.",Name of ICI,"[""class""]",3,ctla-4,-0.38398000597953796,128,31,0.0,0.0,0.0,"[""{\""class\"": \""PD-L1\""}"", ""{\""class\"": \""PD1\""}"", ""{\""class\"": \""PD1\""}""]","[""\""PD-L1\"""", ""PD-L1"", ""\""PD1\"""", ""PD1""]","[""Atezolizumab"", ""Pembrolizumab""]",/mnt/data1/srchowd3/FD-NL2SQL/methodv2/runs/question_table_copy_tapex_full/questions/row_71_In_Bladder_trials_classify_the_ICI_by_target_class_from_its_generic_name_as_PD_1_PD_L1_or_CTLA_4,/mnt/data1/srchowd3/FD-NL2SQL/methodv2/runs/question_table_copy_tapex_full/questions/row_71_In_Bladder_trials_classify_the_ICI_by_target_class_from_its_generic_name_as_PD_1_PD_L1_or_CTLA_4/table_copy.csv,/mnt/data1/srchowd3/FD-NL2SQL/methodv2/runs/question_table_copy_tapex_full/questions/row_71_In_Bladder_trials_classify_the_ICI_by_target_class_from_its_generic_name_as_PD_1_PD_L1_or_CTLA_4/tapex_table_view.csv,/mnt/data1/srchowd3/FD-NL2SQL/methodv2/runs/question_table_copy_tapex_full/questions/row_71_In_Bladder_trials_classify_the_ICI_by_target_class_from_its_generic_name_as_PD_1_PD_L1_or_CTLA_4/ground_truth_table.csv
row_72,72,"For Brentuximab-vedotin trials in Breast, extract the trial acronym from the trial name (e.g., KEYNOTE-xxx, CHECKMATE-xxx).",Trial name,"[""trial_acronym""]",0,checkmate 025,-0.2937278747558594,64,64,0.0,0.0,0.0,[],[],[],/mnt/data1/srchowd3/FD-NL2SQL/methodv2/runs/question_table_copy_tapex_full/questions/row_72_For_Brentuximab_vedotin_trials_in_Breast_extract_the_trial_acronym_from_the_trial_name_e_g_KEYNOTE_xxx_CHECKMATE_xxx,/mnt/data1/srchowd3/FD-NL2SQL/methodv2/runs/question_table_copy_tapex_full/questions/row_72_For_Brentuximab_vedotin_trials_in_Breast_extract_the_trial_acronym_from_the_trial_name_e_g_KEYNOTE_xxx_CHECKMATE_xxx/table_copy.csv,/mnt/data1/srchowd3/FD-NL2SQL/methodv2/runs/question_table_copy_tapex_full/questions/row_72_For_Brentuximab_vedotin_trials_in_Breast_extract_the_trial_acronym_from_the_trial_name_e_g_KEYNOTE_xxx_CHECKMATE_xxx/tapex_table_view.csv,/mnt/data1/srchowd3/FD-NL2SQL/methodv2/runs/question_table_copy_tapex_full/questions/row_72_For_Brentuximab_vedotin_trials_in_Breast_extract_the_trial_acronym_from_the_trial_name_e_g_KEYNOTE_xxx_CHECKMATE_xxx/ground_truth_table.csv
row_73,73,"In Mesothelioma trials, classify overall follow-up maturity: 'mature' if ≥24 months, else 'immature' (or 'unknown' if missing).",Follow-up duration for primary endpoint(s) in months | Overall,"[""maturity""]",3,immotion151,-0.4388226568698883,0,64,0.0,0.0,0.0,"[""{\""maturity\"": \""unknown\""}"", ""{\""maturity\"": \""mature\""}"", ""{\""maturity\"": \""immature\""}""]","[""\""unknown\"""", ""unknown"", ""\""mature\"""", ""mature"", ""\""immature\"""", ""immature""]","[""29.7"", ""11.8""]",/mnt/data1/srchowd3/FD-NL2SQL/methodv2/runs/question_table_copy_tapex_full/questions/row_73_In_Mesothelioma_trials_classify_overall_follow_up_maturity_mature_if_24_months_else_immature_or_unknown_if_missing,/mnt/data1/srchowd3/FD-NL2SQL/methodv2/runs/question_table_copy_tapex_full/questions/row_73_In_Mesothelioma_trials_classify_overall_follow_up_maturity_mature_if_24_months_else_immature_or_unknown_if_missing/table_copy.csv,/mnt/data1/srchowd3/FD-NL2SQL/methodv2/runs/question_table_copy_tapex_full/questions/row_73_In_Mesothelioma_trials_classify_overall_follow_up_maturity_mature_if_24_months_else_immature_or_unknown_if_missing/tapex_table_view.csv,/mnt/data1/srchowd3/FD-NL2SQL/methodv2/runs/question_table_copy_tapex_full/questions/row_73_In_Mesothelioma_trials_classify_overall_follow_up_maturity_mature_if_24_months_else_immature_or_unknown_if_missing/ground_truth_table.csv
row_74,74,"In Renal cell studies using ICI+TKI, list the TKI agent(s) mentioned in the treatment regimen.",Treatment regimen,"[""tki_agents""]",6,nct02256436,-0.3449818789958954,0,64,0.0,0.0,0.0,"[""{\""tki_agents\"": [\""axitinib\""]}"", ""{\""tki_agents\"": [\""axitinib\""]}"", ""{\""tki_agents\"": [\""axitinib\""]}"", ""{\""tki_agents\"": [\""axitinib\""]}"", ""{\""tki_agents\"": [\""lenvatinib\""]}"", ""{\""tki_agents\"": [\""cabozantinib\""]}""]","[""[\""axitinib\""]"", ""axitinib"", ""[\""lenvatinib\""]"", ""lenvatinib"", ""[\""cabozantinib\""]"", ""cabozantinib""]","[""Avelumab+Axitinib"", ""Pembrolizumab+Axitinib"", ""Pembrolizumab+Lenvatinib"", ""Nivolumab+Cabozantinib""]",/mnt/data1/srchowd3/FD-NL2SQL/methodv2/runs/question_table_copy_tapex_full/questions/row_74_In_Renal_cell_studies_using_ICI_TKI_list_the_TKI_agent_s_mentioned_in_the_treatment_regimen,/mnt/data1/srchowd3/FD-NL2SQL/methodv2/runs/question_table_copy_tapex_full/questions/row_74_In_Renal_cell_studies_using_ICI_TKI_list_the_TKI_agent_s_mentioned_in_the_treatment_regimen/table_copy.csv,/mnt/data1/srchowd3/FD-NL2SQL/methodv2/runs/question_table_copy_tapex_full/questions/row_74_In_Renal_cell_studies_using_ICI_TKI_list_the_TKI_agent_s_mentioned_in_the_treatment_regimen/tapex_table_view.csv,/mnt/data1/srchowd3/FD-NL2SQL/methodv2/runs/question_table_copy_tapex_full/questions/row_74_In_Renal_cell_studies_using_ICI_TKI_list_the_TKI_agent_s_mentioned_in_the_treatment_regimen/ground_truth_table.csv
row_75,75,"In Colorectal trials, convert 'Original/Follow up' status into a boolean is_follow_up.",Originial publication or Follow-up,"[""is_follow_up""]",4,follow-up,-0.22626519203186035,64,64,0.0,0.0,0.0,"[""{\""is_follow_up\"": false}"", ""{\""is_follow_up\"": false}"", ""{\""is_follow_up\"": false}"", ""{\""is_follow_up\"": false}""]","[""false"", ""False""]","[""Original publication""]",/mnt/data1/srchowd3/FD-NL2SQL/methodv2/runs/question_table_copy_tapex_full/questions/row_75_In_Colorectal_trials_convert_Original_Follow_up_status_into_a_boolean_is_follow_up,/mnt/data1/srchowd3/FD-NL2SQL/methodv2/runs/question_table_copy_tapex_full/questions/row_75_In_Colorectal_trials_convert_Original_Follow_up_status_into_a_boolean_is_follow_up/table_copy.csv,/mnt/data1/srchowd3/FD-NL2SQL/methodv2/runs/question_table_copy_tapex_full/questions/row_75_In_Colorectal_trials_convert_Original_Follow_up_status_into_a_boolean_is_follow_up/tapex_table_view.csv,/mnt/data1/srchowd3/FD-NL2SQL/methodv2/runs/question_table_copy_tapex_full/questions/row_75_In_Colorectal_trials_convert_Original_Follow_up_status_into_a_boolean_is_follow_up/ground_truth_table.csv
row_76,76,"In Melanoma trials with PD-L1 agents included in the meta-analysis, map the generic ICI name to its brand name.",Name of ICI,"[""brand_name""]",1,atezolumab,-0.6234226226806641,0,64,0.0,0.0,0.0,"[""{\""brand_name\"": \""Tecentriq\""}""]","[""\""Tecentriq\"""", ""Tecentriq""]","[""Atezolizumab""]",/mnt/data1/srchowd3/FD-NL2SQL/methodv2/runs/question_table_copy_tapex_full/questions/row_76_In_Melanoma_trials_with_PD_L1_agents_included_in_the_meta_analysis_map_the_generic_ICI_name_to_its_brand_name,/mnt/data1/srchowd3/FD-NL2SQL/methodv2/runs/question_table_copy_tapex_full/questions/row_76_In_Melanoma_trials_with_PD_L1_agents_included_in_the_meta_analysis_map_the_generic_ICI_name_to_its_brand_name/table_copy.csv,/mnt/data1/srchowd3/FD-NL2SQL/methodv2/runs/question_table_copy_tapex_full/questions/row_76_In_Melanoma_trials_with_PD_L1_agents_included_in_the_meta_analysis_map_the_generic_ICI_name_to_its_brand_name/tapex_table_view.csv,/mnt/data1/srchowd3/FD-NL2SQL/methodv2/runs/question_table_copy_tapex_full/questions/row_76_In_Melanoma_trials_with_PD_L1_agents_included_in_the_meta_analysis_map_the_generic_ICI_name_to_its_brand_name/ground_truth_table.csv
row_78,78,"In Pancreatic trials, classify overall follow-up maturity: 'mature' if ≥24 months, else 'immature' (or 'unknown' if missing).",Follow-up duration for primary endpoint(s) in months | Overall,"[""maturity""]",2,immotion151,-0.35013851523399353,0,64,0.0,0.0,0.0,"[""{\""maturity\"": \""unknown\""}"", ""{\""maturity\"": \""unknown\""}""]","[""\""unknown\"""", ""unknown""]",[],/mnt/data1/srchowd3/FD-NL2SQL/methodv2/runs/question_table_copy_tapex_full/questions/row_78_In_Pancreatic_trials_classify_overall_follow_up_maturity_mature_if_24_months_else_immature_or_unknown_if_missing,/mnt/data1/srchowd3/FD-NL2SQL/methodv2/runs/question_table_copy_tapex_full/questions/row_78_In_Pancreatic_trials_classify_overall_follow_up_maturity_mature_if_24_months_else_immature_or_unknown_if_missing/table_copy.csv,/mnt/data1/srchowd3/FD-NL2SQL/methodv2/runs/question_table_copy_tapex_full/questions/row_78_In_Pancreatic_trials_classify_overall_follow_up_maturity_mature_if_24_months_else_immature_or_unknown_if_missing/tapex_table_view.csv,/mnt/data1/srchowd3/FD-NL2SQL/methodv2/runs/question_table_copy_tapex_full/questions/row_78_In_Pancreatic_trials_classify_overall_follow_up_maturity_mature_if_24_months_else_immature_or_unknown_if_missing/ground_truth_table.csv
row_79,79,"In Pancreatic trials, from the secondary endpoint text flag if immune-related adverse events (irAEs) were explicitly assessed.",Secondary endpoint,"[""irAE_assessed""]",2,speaker-185,-0.5213321447372437,64,64,0.0,0.0,0.0,"[""{\""irAE_assessed\"": false}"", ""{\""irAE_assessed\"": false}""]","[""false"", ""False""]","[""ORR; disease control rate; PFS; OS; change in cancer antigen (CA) 19–9."", ""Safety; toxicities; clinical and immunological responses.""]",/mnt/data1/srchowd3/FD-NL2SQL/methodv2/runs/question_table_copy_tapex_full/questions/row_79_In_Pancreatic_trials_from_the_secondary_endpoint_text_flag_if_immune_related_adverse_events_irAEs_were_explicitly_assessed,/mnt/data1/srchowd3/FD-NL2SQL/methodv2/runs/question_table_copy_tapex_full/questions/row_79_In_Pancreatic_trials_from_the_secondary_endpoint_text_flag_if_immune_related_adverse_events_irAEs_were_explicitly_assessed/table_copy.csv,/mnt/data1/srchowd3/FD-NL2SQL/methodv2/runs/question_table_copy_tapex_full/questions/row_79_In_Pancreatic_trials_from_the_secondary_endpoint_text_flag_if_immune_related_adverse_events_irAEs_were_explicitly_assessed/tapex_table_view.csv,/mnt/data1/srchowd3/FD-NL2SQL/methodv2/runs/question_table_copy_tapex_full/questions/row_79_In_Pancreatic_trials_from_the_secondary_endpoint_text_flag_if_immune_related_adverse_events_irAEs_were_explicitly_assessed/ground_truth_table.csv
row_80,80,"In Head and Neck combination therapy trials, normalize the combination type to standardized labels (e.g., ICI+Chemo, ICI+TKI, ICI+ICI).",Type of combination,"[""combo_type_norm""]",4,reach,-0.3530212640762329,64,13,0.0,0.0,0.0,"[""{\""combo_type_norm\"": \""ICI+Chemo\""}"", ""{\""combo_type_norm\"": \""ICI+ICI\""}"", ""{\""combo_type_norm\"": \""ICI+Chemoradiotherapy\""}"", ""{\""combo_type_norm\"": \""ICI+Chemoradiotherapy\""}""]","[""\""ICI+Chemo\"""", ""ICI+Chemo"", ""\""ICI+ICI\"""", ""ICI+ICI"", ""\""ICI+Chemoradiotherapy\"""", ""ICI+Chemoradiotherapy""]","[""ICI+Chemo"", ""ICI+ICI"", ""ICI+Chemoradiotherapy""]",/mnt/data1/srchowd3/FD-NL2SQL/methodv2/runs/question_table_copy_tapex_full/questions/row_80_In_Head_and_Neck_combination_therapy_trials_normalize_the_combination_type_to_standardized_labels_e_g_ICI_Chemo_ICI_TKI_ICI_ICI,/mnt/data1/srchowd3/FD-NL2SQL/methodv2/runs/question_table_copy_tapex_full/questions/row_80_In_Head_and_Neck_combination_therapy_trials_normalize_the_combination_type_to_standardized_labels_e_g_ICI_Chemo_ICI_TKI_ICI_ICI/table_copy.csv,/mnt/data1/srchowd3/FD-NL2SQL/methodv2/runs/question_table_copy_tapex_full/questions/row_80_In_Head_and_Neck_combination_therapy_trials_normalize_the_combination_type_to_standardized_labels_e_g_ICI_Chemo_ICI_TKI_ICI_ICI/tapex_table_view.csv,/mnt/data1/srchowd3/FD-NL2SQL/methodv2/runs/question_table_copy_tapex_full/questions/row_80_In_Head_and_Neck_combination_therapy_trials_normalize_the_combination_type_to_standardized_labels_e_g_ICI_Chemo_ICI_TKI_ICI_ICI/ground_truth_table.csv
row_81,81,"For Avelumab trials, bucket trial phase into early (1/1b/2) vs late (3/4).",Trial phase,"[""phase_bucket""]",7,late,-0.06386056542396545,0,64,0.0,1.0,0.0,"[""{\""phase_bucket\"": \""late\""}"", ""{\""phase_bucket\"": \""late\""}"", ""{\""phase_bucket\"": \""late\""}"", ""{\""phase_bucket\"": \""late\""}"", ""{\""phase_bucket\"": \""late\""}"", ""{\""phase_bucket\"": \""late\""}"", ""{\""phase_bucket\"": \""late\""}""]","[""\""late\"""", ""late""]","[""Phase 3""]",/mnt/data1/srchowd3/FD-NL2SQL/methodv2/runs/question_table_copy_tapex_full/questions/row_81_For_Avelumab_trials_bucket_trial_phase_into_early_1_1b_2_vs_late_3_4,/mnt/data1/srchowd3/FD-NL2SQL/methodv2/runs/question_table_copy_tapex_full/questions/row_81_For_Avelumab_trials_bucket_trial_phase_into_early_1_1b_2_vs_late_3_4/table_copy.csv,/mnt/data1/srchowd3/FD-NL2SQL/methodv2/runs/question_table_copy_tapex_full/questions/row_81_For_Avelumab_trials_bucket_trial_phase_into_early_1_1b_2_vs_late_3_4/tapex_table_view.csv,/mnt/data1/srchowd3/FD-NL2SQL/methodv2/runs/question_table_copy_tapex_full/questions/row_81_For_Avelumab_trials_bucket_trial_phase_into_early_1_1b_2_vs_late_3_4/ground_truth_table.csv
row_82,82,"In Colorectal trials, interpret the PD-L1 requirement flag as boolean true/false.",Is PD-L1 positivity inclusion criteria,"[""pd_l1_required""]",4,false,-0.6581829786300659,0,64,0.0,1.0,0.0,"[""{\""pd_l1_required\"": false}"", ""{\""pd_l1_required\"": false}"", ""{\""pd_l1_required\"": false}"", ""{\""pd_l1_required\"": false}""]","[""false"", ""False""]","[""No""]",/mnt/data1/srchowd3/FD-NL2SQL/methodv2/runs/question_table_copy_tapex_full/questions/row_82_In_Colorectal_trials_interpret_the_PD_L1_requirement_flag_as_boolean_true_false,/mnt/data1/srchowd3/FD-NL2SQL/methodv2/runs/question_table_copy_tapex_full/questions/row_82_In_Colorectal_trials_interpret_the_PD_L1_requirement_flag_as_boolean_true_false/table_copy.csv,/mnt/data1/srchowd3/FD-NL2SQL/methodv2/runs/question_table_copy_tapex_full/questions/row_82_In_Colorectal_trials_interpret_the_PD_L1_requirement_flag_as_boolean_true_false/tapex_table_view.csv,/mnt/data1/srchowd3/FD-NL2SQL/methodv2/runs/question_table_copy_tapex_full/questions/row_82_In_Colorectal_trials_interpret_the_PD_L1_requirement_flag_as_boolean_true_false/ground_truth_table.csv
row_83,83,"In Multiple Myeloma trials, classify the ICI by target class from its generic name as PD-1, PD-L1, or CTLA-4.",Name of ICI,"[""class""]",2,pd-1,-0.21989303827285767,0,64,0.0,0.0,0.0,"[""{\""class\"": \""PD1\""}"", ""{\""class\"": \""PD1\""}""]","[""\""PD1\"""", ""PD1""]","[""Pembrolizumab""]",/mnt/data1/srchowd3/FD-NL2SQL/methodv2/runs/question_table_copy_tapex_full/questions/row_83_In_Multiple_Myeloma_trials_classify_the_ICI_by_target_class_from_its_generic_name_as_PD_1_PD_L1_or_CTLA_4,/mnt/data1/srchowd3/FD-NL2SQL/methodv2/runs/question_table_copy_tapex_full/questions/row_83_In_Multiple_Myeloma_trials_classify_the_ICI_by_target_class_from_its_generic_name_as_PD_1_PD_L1_or_CTLA_4/table_copy.csv,/mnt/data1/srchowd3/FD-NL2SQL/methodv2/runs/question_table_copy_tapex_full/questions/row_83_In_Multiple_Myeloma_trials_classify_the_ICI_by_target_class_from_its_generic_name_as_PD_1_PD_L1_or_CTLA_4/tapex_table_view.csv,/mnt/data1/srchowd3/FD-NL2SQL/methodv2/runs/question_table_copy_tapex_full/questions/row_83_In_Multiple_Myeloma_trials_classify_the_ICI_by_target_class_from_its_generic_name_as_PD_1_PD_L1_or_CTLA_4/ground_truth_table.csv
row_84,84,"In Gastric/GEJ Phase 2 trials, standardize the primary endpoint into one of OS, PFS, ORR, DFS, DOR, AE-rate, or Other.",Primary endpoint,"[""primary_endpoint_category""]",1,dor,-0.21570950746536255,64,64,0.0,0.0,0.0,"[""{\""primary_endpoint_category\"": \""PFS\""}""]","[""\""PFS\"""", ""PFS""]","[""PFS""]",/mnt/data1/srchowd3/FD-NL2SQL/methodv2/runs/question_table_copy_tapex_full/questions/row_84_In_Gastric_GEJ_Phase_2_trials_standardize_the_primary_endpoint_into_one_of_OS_PFS_ORR_DFS_DOR_AE_rate_or_Other,/mnt/data1/srchowd3/FD-NL2SQL/methodv2/runs/question_table_copy_tapex_full/questions/row_84_In_Gastric_GEJ_Phase_2_trials_standardize_the_primary_endpoint_into_one_of_OS_PFS_ORR_DFS_DOR_AE_rate_or_Other/table_copy.csv,/mnt/data1/srchowd3/FD-NL2SQL/methodv2/runs/question_table_copy_tapex_full/questions/row_84_In_Gastric_GEJ_Phase_2_trials_standardize_the_primary_endpoint_into_one_of_OS_PFS_ORR_DFS_DOR_AE_rate_or_Other/tapex_table_view.csv,/mnt/data1/srchowd3/FD-NL2SQL/methodv2/runs/question_table_copy_tapex_full/questions/row_84_In_Gastric_GEJ_Phase_2_trials_standardize_the_primary_endpoint_into_one_of_OS_PFS_ORR_DFS_DOR_AE_rate_or_Other/ground_truth_table.csv
row_85,85,"In Esophageal/GEJ trials with chemotherapy control, list the specific cytotoxic drugs from the control regimen.",Control regimen,"[""control_drugs""]",2,"nct02256436, nct02256436, nct02256436",-0.356381893157959,0,64,0.0,0.0,0.0,"[""{\""control_drugs\"": [\""paclitaxel\"", \""docetaxel\""]}"", ""{\""control_drugs\"": [\""paclitaxel\"", \""docetaxel\"", \""irinotecan\""]}""]","[""[\""paclitaxel\"", \""docetaxel\""]"", ""paclitaxel"", ""docetaxel"", ""[\""paclitaxel\"", \""docetaxel\"", \""irinotecan\""]"", ""irinotecan""]","[""Paclitaxel/Docetaxel"", ""Paclitaxel/Docetaxel/Irinotecan""]",/mnt/data1/srchowd3/FD-NL2SQL/methodv2/runs/question_table_copy_tapex_full/questions/row_85_In_Esophageal_GEJ_trials_with_chemotherapy_control_list_the_specific_cytotoxic_drugs_from_the_control_regimen,/mnt/data1/srchowd3/FD-NL2SQL/methodv2/runs/question_table_copy_tapex_full/questions/row_85_In_Esophageal_GEJ_trials_with_chemotherapy_control_list_the_specific_cytotoxic_drugs_from_the_control_regimen/table_copy.csv,/mnt/data1/srchowd3/FD-NL2SQL/methodv2/runs/question_table_copy_tapex_full/questions/row_85_In_Esophageal_GEJ_trials_with_chemotherapy_control_list_the_specific_cytotoxic_drugs_from_the_control_regimen/tapex_table_view.csv,/mnt/data1/srchowd3/FD-NL2SQL/methodv2/runs/question_table_copy_tapex_full/questions/row_85_In_Esophageal_GEJ_trials_with_chemotherapy_control_list_the_specific_cytotoxic_drugs_from_the_control_regimen/ground_truth_table.csv
row_86,86,"In Esophageal/GEJ trials, classify overall follow-up maturity: 'mature' if ≥24 months, else 'immature' (or 'unknown' if missing).",Follow-up duration for primary endpoint(s) in months | Overall,"[""maturity""]",2,6 months,-0.6321721076965332,0,64,0.0,0.0,0.0,"[""{\""maturity\"": \""unknown\""}"", ""{\""maturity\"": \""unknown\""}""]","[""\""unknown\"""", ""unknown""]",[],/mnt/data1/srchowd3/FD-NL2SQL/methodv2/runs/question_table_copy_tapex_full/questions/row_86_In_Esophageal_GEJ_trials_classify_overall_follow_up_maturity_mature_if_24_months_else_immature_or_unknown_if_missing,/mnt/data1/srchowd3/FD-NL2SQL/methodv2/runs/question_table_copy_tapex_full/questions/row_86_In_Esophageal_GEJ_trials_classify_overall_follow_up_maturity_mature_if_24_months_else_immature_or_unknown_if_missing/table_copy.csv,/mnt/data1/srchowd3/FD-NL2SQL/methodv2/runs/question_table_copy_tapex_full/questions/row_86_In_Esophageal_GEJ_trials_classify_overall_follow_up_maturity_mature_if_24_months_else_immature_or_unknown_if_missing/tapex_table_view.csv,/mnt/data1/srchowd3/FD-NL2SQL/methodv2/runs/question_table_copy_tapex_full/questions/row_86_In_Esophageal_GEJ_trials_classify_overall_follow_up_maturity_mature_if_24_months_else_immature_or_unknown_if_missing/ground_truth_table.csv
row_87,87,"In Head and Neck trials, normalize the clinical setting to one of: neoadjuvant, adjuvant, perioperative, metastatic/advanced.",Clinical setting,"[""setting_normalized""]",9,adjuvant,-0.33265718817710876,64,64,0.0,0.0,0.0,"[""{\""setting_normalized\"": \""metastatic/advanced\""}"", ""{\""setting_normalized\"": \""metastatic/advanced\""}"", ""{\""setting_normalized\"": \""metastatic/advanced\""}"", ""{\""setting_normalized\"": \""metastatic/advanced\""}"", ""{\""setting_normalized\"": \""metastatic/advanced\""}"", ""{\""setting_normalized\"": \""metastatic/advanced\""}"", ""{\""setting_normalized\"": \""metastatic/advanced\""}"", ""{\""setting_normalized\"": \""metastatic/advanced\""}"", ""{\""setting_normalized\"": \""metastatic/advanced\""}""]","[""\""metastatic/advanced\"""", ""metastatic/advanced""]","[""Metastatic+recurrent (unresectable)""]",/mnt/data1/srchowd3/FD-NL2SQL/methodv2/runs/question_table_copy_tapex_full/questions/row_87_In_Head_and_Neck_trials_normalize_the_clinical_setting_to_one_of_neoadjuvant_adjuvant_perioperative_metastatic_advanced,/mnt/data1/srchowd3/FD-NL2SQL/methodv2/runs/question_table_copy_tapex_full/questions/row_87_In_Head_and_Neck_trials_normalize_the_clinical_setting_to_one_of_neoadjuvant_adjuvant_perioperative_metastatic_advanced/table_copy.csv,/mnt/data1/srchowd3/FD-NL2SQL/methodv2/runs/question_table_copy_tapex_full/questions/row_87_In_Head_and_Neck_trials_normalize_the_clinical_setting_to_one_of_neoadjuvant_adjuvant_perioperative_metastatic_advanced/tapex_table_view.csv,/mnt/data1/srchowd3/FD-NL2SQL/methodv2/runs/question_table_copy_tapex_full/questions/row_87_In_Head_and_Neck_trials_normalize_the_clinical_setting_to_one_of_neoadjuvant_adjuvant_perioperative_metastatic_advanced/ground_truth_table.csv
row_88,88,"In Renal cell trials with PD-L1 agents included in the meta-analysis, map the generic ICI name to its brand name.",Name of ICI,"[""brand_name""]",2,atezolumab,-0.6884458065032959,0,64,0.0,0.0,0.0,"[""{\""brand_name\"": \""Bavencio\""}"", ""{\""brand_name\"": \""Tecentriq\""}""]","[""\""Bavencio\"""", ""Bavencio"", ""\""Tecentriq\"""", ""Tecentriq""]","[""Avelumab"", ""Atezolizumab""]",/mnt/data1/srchowd3/FD-NL2SQL/methodv2/runs/question_table_copy_tapex_full/questions/row_88_In_Renal_cell_trials_with_PD_L1_agents_included_in_the_meta_analysis_map_the_generic_ICI_name_to_its_brand_name,/mnt/data1/srchowd3/FD-NL2SQL/methodv2/runs/question_table_copy_tapex_full/questions/row_88_In_Renal_cell_trials_with_PD_L1_agents_included_in_the_meta_analysis_map_the_generic_ICI_name_to_its_brand_name/table_copy.csv,/mnt/data1/srchowd3/FD-NL2SQL/methodv2/runs/question_table_copy_tapex_full/questions/row_88_In_Renal_cell_trials_with_PD_L1_agents_included_in_the_meta_analysis_map_the_generic_ICI_name_to_its_brand_name/tapex_table_view.csv,/mnt/data1/srchowd3/FD-NL2SQL/methodv2/runs/question_table_copy_tapex_full/questions/row_88_In_Renal_cell_trials_with_PD_L1_agents_included_in_the_meta_analysis_map_the_generic_ICI_name_to_its_brand_name/ground_truth_table.csv
row_89,89,"For Tremelimumab trials, bucket trial phase into early (1/1b/2) vs late (3/4).",Trial phase,"[""phase_bucket""]",3,late,-0.06707531958818436,0,64,0.0,1.0,0.0,"[""{\""phase_bucket\"": \""late\""}"", ""{\""phase_bucket\"": \""early\""}"", ""{\""phase_bucket\"": \""late\""}""]","[""\""late\"""", ""late"", ""\""early\"""", ""early""]","[""Phase 3"", ""Phase 2""]",/mnt/data1/srchowd3/FD-NL2SQL/methodv2/runs/question_table_copy_tapex_full/questions/row_89_For_Tremelimumab_trials_bucket_trial_phase_into_early_1_1b_2_vs_late_3_4,/mnt/data1/srchowd3/FD-NL2SQL/methodv2/runs/question_table_copy_tapex_full/questions/row_89_For_Tremelimumab_trials_bucket_trial_phase_into_early_1_1b_2_vs_late_3_4/table_copy.csv,/mnt/data1/srchowd3/FD-NL2SQL/methodv2/runs/question_table_copy_tapex_full/questions/row_89_For_Tremelimumab_trials_bucket_trial_phase_into_early_1_1b_2_vs_late_3_4/tapex_table_view.csv,/mnt/data1/srchowd3/FD-NL2SQL/methodv2/runs/question_table_copy_tapex_full/questions/row_89_For_Tremelimumab_trials_bucket_trial_phase_into_early_1_1b_2_vs_late_3_4/ground_truth_table.csv
row_91,91,"In Gastric/GEJ trials with PD-L1 agents included in the meta-analysis, map the generic ICI name to its brand name.",Name of ICI,"[""brand_name""]",1,speaker-021,-0.7418830394744873,0,64,0.0,0.0,0.0,"[""{\""brand_name\"": \""Bavencio\""}""]","[""\""Bavencio\"""", ""Bavencio""]","[""Avelumab""]",/mnt/data1/srchowd3/FD-NL2SQL/methodv2/runs/question_table_copy_tapex_full/questions/row_91_In_Gastric_GEJ_trials_with_PD_L1_agents_included_in_the_meta_analysis_map_the_generic_ICI_name_to_its_brand_name,/mnt/data1/srchowd3/FD-NL2SQL/methodv2/runs/question_table_copy_tapex_full/questions/row_91_In_Gastric_GEJ_trials_with_PD_L1_agents_included_in_the_meta_analysis_map_the_generic_ICI_name_to_its_brand_name/table_copy.csv,/mnt/data1/srchowd3/FD-NL2SQL/methodv2/runs/question_table_copy_tapex_full/questions/row_91_In_Gastric_GEJ_trials_with_PD_L1_agents_included_in_the_meta_analysis_map_the_generic_ICI_name_to_its_brand_name/tapex_table_view.csv,/mnt/data1/srchowd3/FD-NL2SQL/methodv2/runs/question_table_copy_tapex_full/questions/row_91_In_Gastric_GEJ_trials_with_PD_L1_agents_included_in_the_meta_analysis_map_the_generic_ICI_name_to_its_brand_name/ground_truth_table.csv
row_92,92,"In Mesothelioma trials, convert 'Original/Follow up' status into a boolean is_follow_up.",Originial publication or Follow-up,"[""is_follow_up""]",3,follow-up,-0.09167307615280151,64,64,0.0,0.0,0.0,"[""{\""is_follow_up\"": false}"", ""{\""is_follow_up\"": false}"", ""{\""is_follow_up\"": false}""]","[""false"", ""False""]","[""Original publication""]",/mnt/data1/srchowd3/FD-NL2SQL/methodv2/runs/question_table_copy_tapex_full/questions/row_92_In_Mesothelioma_trials_convert_Original_Follow_up_status_into_a_boolean_is_follow_up,/mnt/data1/srchowd3/FD-NL2SQL/methodv2/runs/question_table_copy_tapex_full/questions/row_92_In_Mesothelioma_trials_convert_Original_Follow_up_status_into_a_boolean_is_follow_up/table_copy.csv,/mnt/data1/srchowd3/FD-NL2SQL/methodv2/runs/question_table_copy_tapex_full/questions/row_92_In_Mesothelioma_trials_convert_Original_Follow_up_status_into_a_boolean_is_follow_up/tapex_table_view.csv,/mnt/data1/srchowd3/FD-NL2SQL/methodv2/runs/question_table_copy_tapex_full/questions/row_92_In_Mesothelioma_trials_convert_Original_Follow_up_status_into_a_boolean_is_follow_up/ground_truth_table.csv
row_93,93,"In NSCLC trials, convert 'Type of therapy' into is_combination = true/false.",Type of therapy,"[""is_combination""]",1,false,-0.5250496864318848,0,64,0.0,0.0,0.0,"[""{\""is_combination\"": true}""]","[""true"", ""True""]","[""Combination""]",/mnt/data1/srchowd3/FD-NL2SQL/methodv2/runs/question_table_copy_tapex_full/questions/row_93_In_NSCLC_trials_convert_Type_of_therapy_into_is_combination_true_false,/mnt/data1/srchowd3/FD-NL2SQL/methodv2/runs/question_table_copy_tapex_full/questions/row_93_In_NSCLC_trials_convert_Type_of_therapy_into_is_combination_true_false/table_copy.csv,/mnt/data1/srchowd3/FD-NL2SQL/methodv2/runs/question_table_copy_tapex_full/questions/row_93_In_NSCLC_trials_convert_Type_of_therapy_into_is_combination_true_false/tapex_table_view.csv,/mnt/data1/srchowd3/FD-NL2SQL/methodv2/runs/question_table_copy_tapex_full/questions/row_93_In_NSCLC_trials_convert_Type_of_therapy_into_is_combination_true_false/ground_truth_table.csv
row_94,94,"For Nivolumab, Ipilimumab trials, bucket total sample size as small(<100), medium(100–299), or large(≥300).",Total sample size,"[""size_bucket""]",9,large,-0.157104954123497,128,30,0.0,1.0,0.0,"[""{\""size_bucket\"": \""large\""}"", ""{\""size_bucket\"": \""large\""}"", ""{\""size_bucket\"": \""large\""}"", ""{\""size_bucket\"": \""large\""}"", ""{\""size_bucket\"": \""medium\""}"", ""{\""size_bucket\"": \""large\""}"", ""{\""size_bucket\"": \""large\""}"", ""{\""size_bucket\"": \""large\""}"", ""{\""size_bucket\"": \""large\""}""]","[""\""large\"""", ""large"", ""\""medium\"""", ""medium""]","[""1096.0"", ""1739.0"", ""167.0"", ""605.0"", ""719.0"", ""834.0""]",/mnt/data1/srchowd3/FD-NL2SQL/methodv2/runs/question_table_copy_tapex_full/questions/row_94_For_Nivolumab_Ipilimumab_trials_bucket_total_sample_size_as_small_100_medium_100_299_or_large_300,/mnt/data1/srchowd3/FD-NL2SQL/methodv2/runs/question_table_copy_tapex_full/questions/row_94_For_Nivolumab_Ipilimumab_trials_bucket_total_sample_size_as_small_100_medium_100_299_or_large_300/table_copy.csv,/mnt/data1/srchowd3/FD-NL2SQL/methodv2/runs/question_table_copy_tapex_full/questions/row_94_For_Nivolumab_Ipilimumab_trials_bucket_total_sample_size_as_small_100_medium_100_299_or_large_300/tapex_table_view.csv,/mnt/data1/srchowd3/FD-NL2SQL/methodv2/runs/question_table_copy_tapex_full/questions/row_94_For_Nivolumab_Ipilimumab_trials_bucket_total_sample_size_as_small_100_medium_100_299_or_large_300/ground_truth_table.csv
row_95,95,"In Small Cell Lung trials with PD-L1 agents included in the meta-analysis, map the generic ICI name to its brand name.",Name of ICI,"[""brand_name""]",2,speaker-021,-0.686500072479248,0,64,0.0,0.0,0.0,"[""{\""brand_name\"": \""Tecentriq\""}"", ""{\""brand_name\"": \""Imfinzi\""}""]","[""\""Tecentriq\"""", ""Tecentriq"", ""\""Imfinzi\"""", ""Imfinzi""]","[""Atezolizumab"", ""Durvalumab""]",/mnt/data1/srchowd3/FD-NL2SQL/methodv2/runs/question_table_copy_tapex_full/questions/row_95_In_Small_Cell_Lung_trials_with_PD_L1_agents_included_in_the_meta_analysis_map_the_generic_ICI_name_to_its_brand_name,/mnt/data1/srchowd3/FD-NL2SQL/methodv2/runs/question_table_copy_tapex_full/questions/row_95_In_Small_Cell_Lung_trials_with_PD_L1_agents_included_in_the_meta_analysis_map_the_generic_ICI_name_to_its_brand_name/table_copy.csv,/mnt/data1/srchowd3/FD-NL2SQL/methodv2/runs/question_table_copy_tapex_full/questions/row_95_In_Small_Cell_Lung_trials_with_PD_L1_agents_included_in_the_meta_analysis_map_the_generic_ICI_name_to_its_brand_name/tapex_table_view.csv,/mnt/data1/srchowd3/FD-NL2SQL/methodv2/runs/question_table_copy_tapex_full/questions/row_95_In_Small_Cell_Lung_trials_with_PD_L1_agents_included_in_the_meta_analysis_map_the_generic_ICI_name_to_its_brand_name/ground_truth_table.csv
row_96,96,"In Prostate combination therapy trials, normalize the combination type to standardized labels (e.g., ICI+Chemo, ICI+TKI, ICI+ICI).",Type of combination,"[""combo_type_norm""]",2,ici+chemo,-0.15665432810783386,64,13,0.0,0.0,0.0,"[""{\""combo_type_norm\"": \""ICI+Radiation\""}"", ""{\""combo_type_norm\"": \""ICI+Radiation\""}""]","[""\""ICI+Radiation\"""", ""ICI+Radiation""]","[""ICI+RadiatICIn""]",/mnt/data1/srchowd3/FD-NL2SQL/methodv2/runs/question_table_copy_tapex_full/questions/row_96_In_Prostate_combination_therapy_trials_normalize_the_combination_type_to_standardized_labels_e_g_ICI_Chemo_ICI_TKI_ICI_ICI,/mnt/data1/srchowd3/FD-NL2SQL/methodv2/runs/question_table_copy_tapex_full/questions/row_96_In_Prostate_combination_therapy_trials_normalize_the_combination_type_to_standardized_labels_e_g_ICI_Chemo_ICI_TKI_ICI_ICI/table_copy.csv,/mnt/data1/srchowd3/FD-NL2SQL/methodv2/runs/question_table_copy_tapex_full/questions/row_96_In_Prostate_combination_therapy_trials_normalize_the_combination_type_to_standardized_labels_e_g_ICI_Chemo_ICI_TKI_ICI_ICI/tapex_table_view.csv,/mnt/data1/srchowd3/FD-NL2SQL/methodv2/runs/question_table_copy_tapex_full/questions/row_96_In_Prostate_combination_therapy_trials_normalize_the_combination_type_to_standardized_labels_e_g_ICI_Chemo_ICI_TKI_ICI_ICI/ground_truth_table.csv
row_97,97,"For Nivolumab, Ipilimumab trials in Colorectal, extract the trial acronym from the trial name (e.g., KEYNOTE-xxx, CHECKMATE-xxx).",Trial name,"[""trial_acronym""]",0,checkmate 025,-0.42596983909606934,64,64,0.0,0.0,0.0,[],[],[],/mnt/data1/srchowd3/FD-NL2SQL/methodv2/runs/question_table_copy_tapex_full/questions/row_97_For_Nivolumab_Ipilimumab_trials_in_Colorectal_extract_the_trial_acronym_from_the_trial_name_e_g_KEYNOTE_xxx_CHECKMATE_xxx,/mnt/data1/srchowd3/FD-NL2SQL/methodv2/runs/question_table_copy_tapex_full/questions/row_97_For_Nivolumab_Ipilimumab_trials_in_Colorectal_extract_the_trial_acronym_from_the_trial_name_e_g_KEYNOTE_xxx_CHECKMATE_xxx/table_copy.csv,/mnt/data1/srchowd3/FD-NL2SQL/methodv2/runs/question_table_copy_tapex_full/questions/row_97_For_Nivolumab_Ipilimumab_trials_in_Colorectal_extract_the_trial_acronym_from_the_trial_name_e_g_KEYNOTE_xxx_CHECKMATE_xxx/tapex_table_view.csv,/mnt/data1/srchowd3/FD-NL2SQL/methodv2/runs/question_table_copy_tapex_full/questions/row_97_For_Nivolumab_Ipilimumab_trials_in_Colorectal_extract_the_trial_acronym_from_the_trial_name_e_g_KEYNOTE_xxx_CHECKMATE_xxx/ground_truth_table.csv
row_98,98,"In Mesothelioma trials with chemotherapy control, list the specific cytotoxic drugs from the control regimen.",Control regimen,"[""control_drugs""]",2,"nct03215706, nct02299999, nct02555657, nct03088540, nct02952586",-0.10848759114742279,128,31,0.0,0.0,0.0,"[""{\""control_drugs\"": [\""pemetrexed\"", \""cisplatin\"", \""carboplatin\""]}"", ""{\""control_drugs\"": [\""gemcitabine\"", \""vinorelbine\""]}""]","[""[\""pemetrexed\"", \""cisplatin\"", \""carboplatin\""]"", ""pemetrexed"", ""cisplatin"", ""carboplatin"", ""[\""gemcitabine\"", \""vinorelbine\""]"", ""gemcitabine"", ""vinorelbine""]","[""Pemetrexed+Cisplatin/Carboplatin"", ""Gemcitabine/Vinorelbine""]",/mnt/data1/srchowd3/FD-NL2SQL/methodv2/runs/question_table_copy_tapex_full/questions/row_98_In_Mesothelioma_trials_with_chemotherapy_control_list_the_specific_cytotoxic_drugs_from_the_control_regimen,/mnt/data1/srchowd3/FD-NL2SQL/methodv2/runs/question_table_copy_tapex_full/questions/row_98_In_Mesothelioma_trials_with_chemotherapy_control_list_the_specific_cytotoxic_drugs_from_the_control_regimen/table_copy.csv,/mnt/data1/srchowd3/FD-NL2SQL/methodv2/runs/question_table_copy_tapex_full/questions/row_98_In_Mesothelioma_trials_with_chemotherapy_control_list_the_specific_cytotoxic_drugs_from_the_control_regimen/tapex_table_view.csv,/mnt/data1/srchowd3/FD-NL2SQL/methodv2/runs/question_table_copy_tapex_full/questions/row_98_In_Mesothelioma_trials_with_chemotherapy_control_list_the_specific_cytotoxic_drugs_from_the_control_regimen/ground_truth_table.csv
row_99,99,"In Breast trials, classify overall follow-up maturity: 'mature' if ≥24 months, else 'immature' (or 'unknown' if missing).",Follow-up duration for primary endpoint(s) in months | Overall,"[""maturity""]",11,immotion151,-0.22351472079753876,0,64,0.0,0.0,0.0,"[""{\""maturity\"": \""immature\""}"", ""{\""maturity\"": \""unknown\""}"", ""{\""maturity\"": \""unknown\""}"", ""{\""maturity\"": \""unknown\""}"", ""{\""maturity\"": \""immature\""}"", ""{\""maturity\"": \""immature\""}"", ""{\""maturity\"": \""unknown\""}"", ""{\""maturity\"": \""unknown\""}"", ""{\""maturity\"": \""unknown\""}"", ""{\""maturity\"": \""immature\""}"", ""{\""maturity\"": \""mature\""}""]","[""\""immature\"""", ""immature"", ""\""unknown\"""", ""unknown"", ""\""mature\"""", ""mature""]","[""12.9"", ""15.5"", ""10.5"", ""19.7"", ""31.4""]",/mnt/data1/srchowd3/FD-NL2SQL/methodv2/runs/question_table_copy_tapex_full/questions/row_99_In_Breast_trials_classify_overall_follow_up_maturity_mature_if_24_months_else_immature_or_unknown_if_missing,/mnt/data1/srchowd3/FD-NL2SQL/methodv2/runs/question_table_copy_tapex_full/questions/row_99_In_Breast_trials_classify_overall_follow_up_maturity_mature_if_24_months_else_immature_or_unknown_if_missing/table_copy.csv,/mnt/data1/srchowd3/FD-NL2SQL/methodv2/runs/question_table_copy_tapex_full/questions/row_99_In_Breast_trials_classify_overall_follow_up_maturity_mature_if_24_months_else_immature_or_unknown_if_missing/tapex_table_view.csv,/mnt/data1/srchowd3/FD-NL2SQL/methodv2/runs/question_table_copy_tapex_full/questions/row_99_In_Breast_trials_classify_overall_follow_up_maturity_mature_if_24_months_else_immature_or_unknown_if_missing/ground_truth_table.csv
row_100,100,"In Small Cell Lung trials with chemotherapy control, list the specific cytotoxic drugs from the control regimen.",Control regimen,"[""control_drugs""]",11,"nct02302807, nct02256436, nct02256436, nct02256436, nct",-0.2291662096977234,0,64,0.0,0.0,0.0,"[""{\""control_drugs\"": [\""paclitaxel\"", \""carboplatin\""]}"", ""{\""control_drugs\"": [\""paclitaxel\"", \""carboplatin\""]}"", ""{\""control_drugs\"": [\""etoposide\""]}"", ""{\""control_drugs\"": [\""etoposide\"", \""carboplatin\"", \""topotecan\""]}"", ""{\""control_drugs\"": [\""etoposide\""]}"", ""{\""control_drugs\"": [\""etoposide\""]}"", ""{\""control_drugs\"": [\""carboplatin\"", \""etoposide\""]}"", ""{\""control_drugs\"": [\""etoposide\""]}"", ""{\""control_drugs\"": [\""etoposide\""]}"", ""{\""control_drugs\"": [\""etoposide\""]}"", ""{\""control_drugs\"": null}""]","[""[\""paclitaxel\"", \""carboplatin\""]"", ""paclitaxel"", ""carboplatin"", ""[\""etoposide\""]"", ""etoposide"", ""[\""etoposide\"", \""carboplatin\"", \""topotecan\""]"", ""topotecan"", ""[\""carboplatin\"", \""etoposide\""]"", ""null"", ""None""]","[""Placebo+Paclitaxel+Carboplatin"", ""Placebo+Etoposide+Platinum agent "", ""Etoposide+Carboplatin/Topotecan"", ""Platinum+Etoposide"", ""Placebo+Carboplatin+Etoposide"", ""Placebo+Etoposide+Platinum agent"", ""Chemotherapy""]",/mnt/data1/srchowd3/FD-NL2SQL/methodv2/runs/question_table_copy_tapex_full/questions/row_100_In_Small_Cell_Lung_trials_with_chemotherapy_control_list_the_specific_cytotoxic_drugs_from_the_control_regimen,/mnt/data1/srchowd3/FD-NL2SQL/methodv2/runs/question_table_copy_tapex_full/questions/row_100_In_Small_Cell_Lung_trials_with_chemotherapy_control_list_the_specific_cytotoxic_drugs_from_the_control_regimen/table_copy.csv,/mnt/data1/srchowd3/FD-NL2SQL/methodv2/runs/question_table_copy_tapex_full/questions/row_100_In_Small_Cell_Lung_trials_with_chemotherapy_control_list_the_specific_cytotoxic_drugs_from_the_control_regimen/tapex_table_view.csv,/mnt/data1/srchowd3/FD-NL2SQL/methodv2/runs/question_table_copy_tapex_full/questions/row_100_In_Small_Cell_Lung_trials_with_chemotherapy_control_list_the_specific_cytotoxic_drugs_from_the_control_regimen/ground_truth_table.csv
row_101,101,"In NSCLC Phase 3 trials, classify the control arm as active, placebo, or best supportive care.",Control arm,"[""control_category""]",1,best supporting care,-0.675879180431366,0,64,0.0,0.0,0.0,"[""{\""control_category\"": \""active\""}""]","[""\""active\"""", ""active""]","[""Chemo""]",/mnt/data1/srchowd3/FD-NL2SQL/methodv2/runs/question_table_copy_tapex_full/questions/row_101_In_NSCLC_Phase_3_trials_classify_the_control_arm_as_active_placebo_or_best_supportive_care,/mnt/data1/srchowd3/FD-NL2SQL/methodv2/runs/question_table_copy_tapex_full/questions/row_101_In_NSCLC_Phase_3_trials_classify_the_control_arm_as_active_placebo_or_best_supportive_care/table_copy.csv,/mnt/data1/srchowd3/FD-NL2SQL/methodv2/runs/question_table_copy_tapex_full/questions/row_101_In_NSCLC_Phase_3_trials_classify_the_control_arm_as_active_placebo_or_best_supportive_care/tapex_table_view.csv,/mnt/data1/srchowd3/FD-NL2SQL/methodv2/runs/question_table_copy_tapex_full/questions/row_101_In_NSCLC_Phase_3_trials_classify_the_control_arm_as_active_placebo_or_best_supportive_care/ground_truth_table.csv
row_102,102,"In renal cell carcinoma studies using ICI+Anti-VEGF, list the specific anti-VEGF agent(s) from the treatment regimen.",Treatment regimen,"[""anti_vegf_agents""]",1,nct01042379,-0.29219692945480347,64,64,0.0,0.0,0.0,"[""{\""anti_vegf_agents\"": [\""bevacizumab\""]}""]","[""[\""bevacizumab\""]"", ""bevacizumab""]","[""Atezolizumab+Bevacizumab""]",/mnt/data1/srchowd3/FD-NL2SQL/methodv2/runs/question_table_copy_tapex_full/questions/row_102_In_renal_cell_carcinoma_studies_using_ICI_Anti_VEGF_list_the_specific_anti_VEGF_agent_s_from_the_treatment_regimen,/mnt/data1/srchowd3/FD-NL2SQL/methodv2/runs/question_table_copy_tapex_full/questions/row_102_In_renal_cell_carcinoma_studies_using_ICI_Anti_VEGF_list_the_specific_anti_VEGF_agent_s_from_the_treatment_regimen/table_copy.csv,/mnt/data1/srchowd3/FD-NL2SQL/methodv2/runs/question_table_copy_tapex_full/questions/row_102_In_renal_cell_carcinoma_studies_using_ICI_Anti_VEGF_list_the_specific_anti_VEGF_agent_s_from_the_treatment_regimen/tapex_table_view.csv,/mnt/data1/srchowd3/FD-NL2SQL/methodv2/runs/question_table_copy_tapex_full/questions/row_102_In_renal_cell_carcinoma_studies_using_ICI_Anti_VEGF_list_the_specific_anti_VEGF_agent_s_from_the_treatment_regimen/ground_truth_table.csv
row_103,103,"In Gastric/GEJ Phase 3 trials, classify the control arm as active, placebo, or best supportive care.",Control arm,"[""control_category""]",7,best supportive care,-0.7540704607963562,0,64,0.0,1.0,1.0,"[""{\""control_category\"": \""placebo\""}"", ""{\""control_category\"": \""best supportive care\""}"", ""{\""control_category\"": \""active\""}"", ""{\""control_category\"": \""placebo\""}"", ""{\""control_category\"": \""active\""}"", ""{\""control_category\"": \""active\""}"", ""{\""control_category\"": \""active\""}""]","[""\""placebo\"""", ""placebo"", ""\""best supportive care\"""", ""best supportive care"", ""\""active\"""", ""active""]","[""Placebo"", ""Best supportive care"", ""Chemo""]",/mnt/data1/srchowd3/FD-NL2SQL/methodv2/runs/question_table_copy_tapex_full/questions/row_103_In_Gastric_GEJ_Phase_3_trials_classify_the_control_arm_as_active_placebo_or_best_supportive_care,/mnt/data1/srchowd3/FD-NL2SQL/methodv2/runs/question_table_copy_tapex_full/questions/row_103_In_Gastric_GEJ_Phase_3_trials_classify_the_control_arm_as_active_placebo_or_best_supportive_care/table_copy.csv,/mnt/data1/srchowd3/FD-NL2SQL/methodv2/runs/question_table_copy_tapex_full/questions/row_103_In_Gastric_GEJ_Phase_3_trials_classify_the_control_arm_as_active_placebo_or_best_supportive_care/tapex_table_view.csv,/mnt/data1/srchowd3/FD-NL2SQL/methodv2/runs/question_table_copy_tapex_full/questions/row_103_In_Gastric_GEJ_Phase_3_trials_classify_the_control_arm_as_active_placebo_or_best_supportive_care/ground_truth_table.csv
row_104,104,"In Renal cell trials, from the secondary endpoint text flag if immune-related adverse events (irAEs) were explicitly assessed.",Secondary endpoint,"[""irAE_assessed""]",14,nct02579863,-0.3763495981693268,64,64,0.0,0.0,0.0,"[""{\""irAE_assessed\"": false}"", ""{\""irAE_assessed\"": false}"", ""{\""irAE_assessed\"": false}"", ""{\""irAE_assessed\"": false}"", ""{\""irAE_assessed\"": false}"", ""{\""irAE_assessed\"": false}"", ""{\""irAE_assessed\"": false}"", ""{\""irAE_assessed\"": false}"", ""{\""irAE_assessed\"": false}"", ""{\""irAE_assessed\"": false}"", ""{\""irAE_assessed\"": false}"", ""{\""irAE_assessed\"": false}"", ""{\""irAE_assessed\"": false}"", ""{\""irAE_assessed\"": false}""]","[""false"", ""False""]","[""ORR; PFS, association between overall survival and tumor expression of PD-L1; incidence of adverse events."", ""Investigator-assessed PFS; ORR; \nDOR; OS; patient-reported outcomes; safety."", ""ORR, PFS and OS in \nintention-to-treat population; incidence rate of adverse events among all treated patients."", ""ORR, PFS and OS in intention-to-treat population; incidence rate of adverse events among all treated patients."", ""PFS and OS irrespective of PD-L1 expression; PFS as determined by investigator assessment; ORR; adverse events; pharmacokinetic measures; tumor tissue biomarkers; patient-reported outcomes."", ""ORR; duration of response; safety"", ""OS in PD-L1 positive population; PFS in the ITT population; proportion of patients who achieved an objective response; duration of response; patient-reported outcomes; safety"", ""ORR, PFS and OS in ITT population; incidence rate of AEs."", ""ORR, DoR, safety, tolerability"", ""OS; ORR; safety; investigator-assessed PFS"", ""OS; ORR; safety""]",/mnt/data1/srchowd3/FD-NL2SQL/methodv2/runs/question_table_copy_tapex_full/questions/row_104_In_Renal_cell_trials_from_the_secondary_endpoint_text_flag_if_immune_related_adverse_events_irAEs_were_explicitly_assessed,/mnt/data1/srchowd3/FD-NL2SQL/methodv2/runs/question_table_copy_tapex_full/questions/row_104_In_Renal_cell_trials_from_the_secondary_endpoint_text_flag_if_immune_related_adverse_events_irAEs_were_explicitly_assessed/table_copy.csv,/mnt/data1/srchowd3/FD-NL2SQL/methodv2/runs/question_table_copy_tapex_full/questions/row_104_In_Renal_cell_trials_from_the_secondary_endpoint_text_flag_if_immune_related_adverse_events_irAEs_were_explicitly_assessed/tapex_table_view.csv,/mnt/data1/srchowd3/FD-NL2SQL/methodv2/runs/question_table_copy_tapex_full/questions/row_104_In_Renal_cell_trials_from_the_secondary_endpoint_text_flag_if_immune_related_adverse_events_irAEs_were_explicitly_assessed/ground_truth_table.csv
row_105,105,"In Pancreatic trials, determine whether the listed endpoint is primary or secondary based on the endpoint text.",Secondary endpoint,"[""endpoint_role""]",2,caspian,-0.6863967180252075,128,24,0.0,0.0,0.0,"[""{\""endpoint_role\"": \""secondary\""}"", ""{\""endpoint_role\"": \""secondary\""}""]","[""\""secondary\"""", ""secondary""]","[""ORR; disease control rate; PFS; OS; change in cancer antigen (CA) 19–9."", ""Safety; toxicities; clinical and immunological responses.""]",/mnt/data1/srchowd3/FD-NL2SQL/methodv2/runs/question_table_copy_tapex_full/questions/row_105_In_Pancreatic_trials_determine_whether_the_listed_endpoint_is_primary_or_secondary_based_on_the_endpoint_text,/mnt/data1/srchowd3/FD-NL2SQL/methodv2/runs/question_table_copy_tapex_full/questions/row_105_In_Pancreatic_trials_determine_whether_the_listed_endpoint_is_primary_or_secondary_based_on_the_endpoint_text/table_copy.csv,/mnt/data1/srchowd3/FD-NL2SQL/methodv2/runs/question_table_copy_tapex_full/questions/row_105_In_Pancreatic_trials_determine_whether_the_listed_endpoint_is_primary_or_secondary_based_on_the_endpoint_text/tapex_table_view.csv,/mnt/data1/srchowd3/FD-NL2SQL/methodv2/runs/question_table_copy_tapex_full/questions/row_105_In_Pancreatic_trials_determine_whether_the_listed_endpoint_is_primary_or_secondary_based_on_the_endpoint_text/ground_truth_table.csv
row_106,106,"In Small Cell Lung trials, determine whether the listed endpoint is primary or secondary based on the endpoint text.",Secondary endpoint,"[""endpoint_role""]",14,6 months,-0.8936341404914856,128,24,0.0,0.0,0.0,"[""{\""endpoint_role\"": \""secondary\""}"", ""{\""endpoint_role\"": \""secondary\""}"", ""{\""endpoint_role\"": \""secondary\""}"", ""{\""endpoint_role\"": \""secondary\""}"", ""{\""endpoint_role\"": \""secondary\""}"", ""{\""endpoint_role\"": \""secondary\""}"", ""{\""endpoint_role\"": \""secondary\""}"", ""{\""endpoint_role\"": \""secondary\""}"", ""{\""endpoint_role\"": \""secondary\""}"", ""{\""endpoint_role\"": \""secondary\""}"", ""{\""endpoint_role\"": \""secondary\""}"", ""{\""endpoint_role\"": \""secondary\""}"", ""{\""endpoint_role\"": \""secondary\""}"", ""{\""endpoint_role\"": \""secondary\""}""]","[""\""secondary\"""", ""secondary""]","[""Immune-related PFS; modified WHO criteria PFS; OS; modified WHO criteria best overall response rate; irBORR (proportion of patients with irCR or irPR);  modified WHO criteria disease control rate; irDCR (proportion of patients with irCR, irPR or irSD)"", ""PFS, ORR, DOR"", ""ORR, DOR"", ""OS, PFS, RR, Disease progression/Death, QoL"", ""PFS; objective response; OS at 18 months; PFS at 6 and 12 months; safety; pharmacokinetics; immunogenicity; symptoms and health-related quality of life assessments."", ""Patient-reported outcomes"", ""ORR; DOR"", ""PFS, ORR, OS at 18 months, PFS, safety, pharmacokinetics, immunogenicity, HRQOL"", ""PFS; ORR; DoR"", ""OS in Arm 2 vs Arm 3; PFS""]",/mnt/data1/srchowd3/FD-NL2SQL/methodv2/runs/question_table_copy_tapex_full/questions/row_106_In_Small_Cell_Lung_trials_determine_whether_the_listed_endpoint_is_primary_or_secondary_based_on_the_endpoint_text,/mnt/data1/srchowd3/FD-NL2SQL/methodv2/runs/question_table_copy_tapex_full/questions/row_106_In_Small_Cell_Lung_trials_determine_whether_the_listed_endpoint_is_primary_or_secondary_based_on_the_endpoint_text/table_copy.csv,/mnt/data1/srchowd3/FD-NL2SQL/methodv2/runs/question_table_copy_tapex_full/questions/row_106_In_Small_Cell_Lung_trials_determine_whether_the_listed_endpoint_is_primary_or_secondary_based_on_the_endpoint_text/tapex_table_view.csv,/mnt/data1/srchowd3/FD-NL2SQL/methodv2/runs/question_table_copy_tapex_full/questions/row_106_In_Small_Cell_Lung_trials_determine_whether_the_listed_endpoint_is_primary_or_secondary_based_on_the_endpoint_text/ground_truth_table.csv
row_107,107,"For Atezolizumab trials, bucket trial phase into early (1/1b/2) vs late (3/4).",Trial phase,"[""phase_bucket""]",30,late,-0.04922788590192795,0,64,0.0,1.0,0.0,"[""{\""phase_bucket\"": \""late\""}"", ""{\""phase_bucket\"": \""late\""}"", ""{\""phase_bucket\"": \""late\""}"", ""{\""phase_bucket\"": \""late\""}"", ""{\""phase_bucket\"": \""early\""}"", ""{\""phase_bucket\"": \""early\""}"", ""{\""phase_bucket\"": \""late\""}"", ""{\""phase_bucket\"": \""early\""}"", ""{\""phase_bucket\"": \""late\""}"", ""{\""phase_bucket\"": \""late\""}"", ""{\""phase_bucket\"": \""late\""}"", ""{\""phase_bucket\"": \""late\""}"", ""{\""phase_bucket\"": \""late\""}"", ""{\""phase_bucket\"": \""late\""}"", ""{\""phase_bucket\"": \""early\""}"", ""{\""phase_bucket\"": \""late\""}"", ""{\""phase_bucket\"": \""late\""}"", ""{\""phase_bucket\"": \""late\""}"", ""{\""phase_bucket\"": \""late\""}"", ""{\""phase_bucket\"": \""late\""}"", ""{\""phase_bucket\"": \""late\""}"", ""{\""phase_bucket\"": \""late\""}"", ""{\""phase_bucket\"": \""late\""}"", ""{\""phase_bucket\"": \""late\""}"", ""{\""phase_bucket\"": \""late\""}"", ""{\""phase_bucket\"": \""late\""}"", ""{\""phase_bucket\"": \""late\""}"", ""{\""phase_bucket\"": \""early\""}"", ""{\""phase_bucket\"": \""late\""}"", ""{\""phase_bucket\"": \""late\""}""]","[""\""late\"""", ""late"", ""\""early\"""", ""early""]","[""Phase 3"", ""Phase 2""]",/mnt/data1/srchowd3/FD-NL2SQL/methodv2/runs/question_table_copy_tapex_full/questions/row_107_For_Atezolizumab_trials_bucket_trial_phase_into_early_1_1b_2_vs_late_3_4,/mnt/data1/srchowd3/FD-NL2SQL/methodv2/runs/question_table_copy_tapex_full/questions/row_107_For_Atezolizumab_trials_bucket_trial_phase_into_early_1_1b_2_vs_late_3_4/table_copy.csv,/mnt/data1/srchowd3/FD-NL2SQL/methodv2/runs/question_table_copy_tapex_full/questions/row_107_For_Atezolizumab_trials_bucket_trial_phase_into_early_1_1b_2_vs_late_3_4/tapex_table_view.csv,/mnt/data1/srchowd3/FD-NL2SQL/methodv2/runs/question_table_copy_tapex_full/questions/row_107_For_Atezolizumab_trials_bucket_trial_phase_into_early_1_1b_2_vs_late_3_4/ground_truth_table.csv
row_108,108,"For Chemotherapy trials, bucket total sample size as small(<100), medium(100–299), or large(≥300).",Total sample size,"[""size_bucket""]",1,large,-0.08937311172485352,128,30,0.0,1.0,0.0,"[""{\""size_bucket\"": \""large\""}""]","[""\""large\"""", ""large""]","[""622.0""]",/mnt/data1/srchowd3/FD-NL2SQL/methodv2/runs/question_table_copy_tapex_full/questions/row_108_For_Chemotherapy_trials_bucket_total_sample_size_as_small_100_medium_100_299_or_large_300,/mnt/data1/srchowd3/FD-NL2SQL/methodv2/runs/question_table_copy_tapex_full/questions/row_108_For_Chemotherapy_trials_bucket_total_sample_size_as_small_100_medium_100_299_or_large_300/table_copy.csv,/mnt/data1/srchowd3/FD-NL2SQL/methodv2/runs/question_table_copy_tapex_full/questions/row_108_For_Chemotherapy_trials_bucket_total_sample_size_as_small_100_medium_100_299_or_large_300/tapex_table_view.csv,/mnt/data1/srchowd3/FD-NL2SQL/methodv2/runs/question_table_copy_tapex_full/questions/row_108_For_Chemotherapy_trials_bucket_total_sample_size_as_small_100_medium_100_299_or_large_300/ground_truth_table.csv
row_110,110,"In Renal cell trials with chemotherapy control, list the specific cytotoxic drugs from the control regimen.",Control regimen,"[""control_drugs""]",0,"nct02256436, nct02256436, nct02256436, nct02256436, nct",-0.18258200585842133,0,64,0.0,0.0,0.0,[],[],[],/mnt/data1/srchowd3/FD-NL2SQL/methodv2/runs/question_table_copy_tapex_full/questions/row_110_In_Renal_cell_trials_with_chemotherapy_control_list_the_specific_cytotoxic_drugs_from_the_control_regimen,/mnt/data1/srchowd3/FD-NL2SQL/methodv2/runs/question_table_copy_tapex_full/questions/row_110_In_Renal_cell_trials_with_chemotherapy_control_list_the_specific_cytotoxic_drugs_from_the_control_regimen/table_copy.csv,/mnt/data1/srchowd3/FD-NL2SQL/methodv2/runs/question_table_copy_tapex_full/questions/row_110_In_Renal_cell_trials_with_chemotherapy_control_list_the_specific_cytotoxic_drugs_from_the_control_regimen/tapex_table_view.csv,/mnt/data1/srchowd3/FD-NL2SQL/methodv2/runs/question_table_copy_tapex_full/questions/row_110_In_Renal_cell_trials_with_chemotherapy_control_list_the_specific_cytotoxic_drugs_from_the_control_regimen/ground_truth_table.csv
row_111,111,"In Urothelial trials, convert 'Original/Follow up' status into a boolean is_follow_up.",Originial publication or Follow-up,"[""is_follow_up""]",7,follow-up,-0.1077072024345398,64,64,0.0,0.0,0.0,"[""{\""is_follow_up\"": false}"", ""{\""is_follow_up\"": false}"", ""{\""is_follow_up\"": false}"", ""{\""is_follow_up\"": false}"", ""{\""is_follow_up\"": false}"", ""{\""is_follow_up\"": false}"", ""{\""is_follow_up\"": false}""]","[""false"", ""False""]","[""Original publication""]",/mnt/data1/srchowd3/FD-NL2SQL/methodv2/runs/question_table_copy_tapex_full/questions/row_111_In_Urothelial_trials_convert_Original_Follow_up_status_into_a_boolean_is_follow_up,/mnt/data1/srchowd3/FD-NL2SQL/methodv2/runs/question_table_copy_tapex_full/questions/row_111_In_Urothelial_trials_convert_Original_Follow_up_status_into_a_boolean_is_follow_up/table_copy.csv,/mnt/data1/srchowd3/FD-NL2SQL/methodv2/runs/question_table_copy_tapex_full/questions/row_111_In_Urothelial_trials_convert_Original_Follow_up_status_into_a_boolean_is_follow_up/tapex_table_view.csv,/mnt/data1/srchowd3/FD-NL2SQL/methodv2/runs/question_table_copy_tapex_full/questions/row_111_In_Urothelial_trials_convert_Original_Follow_up_status_into_a_boolean_is_follow_up/ground_truth_table.csv
row_114,114,"In Pancreatic trials with chemotherapy control, list the specific cytotoxic drugs from the control regimen.",Control regimen,"[""control_drugs""]",1,"nct03215706, nct02299999, nct02555657, nct03088540, nct02952586",-0.14108581840991974,128,31,0.0,0.0,0.0,"[""{\""control_drugs\"": [\""folfirinox\""]}""]","[""[\""folfirinox\""]"", ""folfirinox""]","[""FOLFIRINOX""]",/mnt/data1/srchowd3/FD-NL2SQL/methodv2/runs/question_table_copy_tapex_full/questions/row_114_In_Pancreatic_trials_with_chemotherapy_control_list_the_specific_cytotoxic_drugs_from_the_control_regimen,/mnt/data1/srchowd3/FD-NL2SQL/methodv2/runs/question_table_copy_tapex_full/questions/row_114_In_Pancreatic_trials_with_chemotherapy_control_list_the_specific_cytotoxic_drugs_from_the_control_regimen/table_copy.csv,/mnt/data1/srchowd3/FD-NL2SQL/methodv2/runs/question_table_copy_tapex_full/questions/row_114_In_Pancreatic_trials_with_chemotherapy_control_list_the_specific_cytotoxic_drugs_from_the_control_regimen/tapex_table_view.csv,/mnt/data1/srchowd3/FD-NL2SQL/methodv2/runs/question_table_copy_tapex_full/questions/row_114_In_Pancreatic_trials_with_chemotherapy_control_list_the_specific_cytotoxic_drugs_from_the_control_regimen/ground_truth_table.csv
row_115,115,"In Gastric/GEJ trials with chemotherapy control, list the specific cytotoxic drugs from the control regimen.",Control regimen,"[""control_drugs""]",4,"nct02256436, nct02256436, nct02256436, nct02256436, nct",-0.17496128380298615,0,64,0.0,0.0,0.0,"[""{\""control_drugs\"": [\""paclitaxel\""]}"", ""{\""control_drugs\"": [\""cisplatin\"", \""5-fu\"", \""capecitabine\""]}"", ""{\""control_drugs\"": [\""cisplatin\"", \""5-fu\"", \""capecitabine\""]}"", ""{\""control_drugs\"": [\""oxaliplstin\"", \""5-fu\"", \""leucovorin\"", \""capecitabine\""]}""]","[""[\""paclitaxel\""]"", ""paclitaxel"", ""[\""cisplatin\"", \""5-fu\"", \""capecitabine\""]"", ""cisplatin"", ""5-fu"", ""capecitabine"", ""[\""oxaliplstin\"", \""5-fu\"", \""leucovorin\"", \""capecitabine\""]"", ""oxaliplstin"", ""leucovorin""]","[""Paclitaxel"", ""Placebo+Cisplatin+5-FU+Capecitabine"", ""Oxaliplstin+5-FU+Leucovorin+Capecitabine+Best supportive care""]",/mnt/data1/srchowd3/FD-NL2SQL/methodv2/runs/question_table_copy_tapex_full/questions/row_115_In_Gastric_GEJ_trials_with_chemotherapy_control_list_the_specific_cytotoxic_drugs_from_the_control_regimen,/mnt/data1/srchowd3/FD-NL2SQL/methodv2/runs/question_table_copy_tapex_full/questions/row_115_In_Gastric_GEJ_trials_with_chemotherapy_control_list_the_specific_cytotoxic_drugs_from_the_control_regimen/table_copy.csv,/mnt/data1/srchowd3/FD-NL2SQL/methodv2/runs/question_table_copy_tapex_full/questions/row_115_In_Gastric_GEJ_trials_with_chemotherapy_control_list_the_specific_cytotoxic_drugs_from_the_control_regimen/tapex_table_view.csv,/mnt/data1/srchowd3/FD-NL2SQL/methodv2/runs/question_table_copy_tapex_full/questions/row_115_In_Gastric_GEJ_trials_with_chemotherapy_control_list_the_specific_cytotoxic_drugs_from_the_control_regimen/ground_truth_table.csv
row_116,116,"In Hepatocellular trials, determine whether the listed endpoint is primary or secondary based on the endpoint text.",Secondary endpoint,"[""endpoint_role""]",2,6 months,-0.7412051558494568,128,24,0.0,0.0,0.0,"[""{\""endpoint_role\"": \""secondary\""}"", ""{\""endpoint_role\"": \""secondary\""}""]","[""\""secondary\"""", ""secondary""]","[""ORR; DCR; DoR; time to progression; safety and tolerability."", ""ORR, DOR, safety, tolerability""]",/mnt/data1/srchowd3/FD-NL2SQL/methodv2/runs/question_table_copy_tapex_full/questions/row_116_In_Hepatocellular_trials_determine_whether_the_listed_endpoint_is_primary_or_secondary_based_on_the_endpoint_text,/mnt/data1/srchowd3/FD-NL2SQL/methodv2/runs/question_table_copy_tapex_full/questions/row_116_In_Hepatocellular_trials_determine_whether_the_listed_endpoint_is_primary_or_secondary_based_on_the_endpoint_text/table_copy.csv,/mnt/data1/srchowd3/FD-NL2SQL/methodv2/runs/question_table_copy_tapex_full/questions/row_116_In_Hepatocellular_trials_determine_whether_the_listed_endpoint_is_primary_or_secondary_based_on_the_endpoint_text/tapex_table_view.csv,/mnt/data1/srchowd3/FD-NL2SQL/methodv2/runs/question_table_copy_tapex_full/questions/row_116_In_Hepatocellular_trials_determine_whether_the_listed_endpoint_is_primary_or_secondary_based_on_the_endpoint_text/ground_truth_table.csv
row_117,117,"For Chemotherapy trials, bucket trial phase into early (1/1b/2) vs late (3/4).",Trial phase,"[""phase_bucket""]",1,phase 3,-0.09390459954738617,128,31,0.0,0.0,1.0,"[""{\""phase_bucket\"": \""late\""}""]","[""\""late\"""", ""late""]","[""Phase 3""]",/mnt/data1/srchowd3/FD-NL2SQL/methodv2/runs/question_table_copy_tapex_full/questions/row_117_For_Chemotherapy_trials_bucket_trial_phase_into_early_1_1b_2_vs_late_3_4,/mnt/data1/srchowd3/FD-NL2SQL/methodv2/runs/question_table_copy_tapex_full/questions/row_117_For_Chemotherapy_trials_bucket_trial_phase_into_early_1_1b_2_vs_late_3_4/table_copy.csv,/mnt/data1/srchowd3/FD-NL2SQL/methodv2/runs/question_table_copy_tapex_full/questions/row_117_For_Chemotherapy_trials_bucket_trial_phase_into_early_1_1b_2_vs_late_3_4/tapex_table_view.csv,/mnt/data1/srchowd3/FD-NL2SQL/methodv2/runs/question_table_copy_tapex_full/questions/row_117_For_Chemotherapy_trials_bucket_trial_phase_into_early_1_1b_2_vs_late_3_4/ground_truth_table.csv
row_118,118,"In Small Cell Lung Phase 2 trials, standardize the primary endpoint into one of OS, PFS, ORR, DFS, DOR, AE-rate, or Other.",Primary endpoint,"[""primary_endpoint_category""]",3,dor,-0.14445346593856812,64,64,0.0,0.0,0.0,"[""{\""primary_endpoint_category\"": null}"", ""{\""primary_endpoint_category\"": null}"", ""{\""primary_endpoint_category\"": \""ORR\""}""]","[""null"", ""None"", ""\""ORR\"""", ""ORR""]","[""ORR""]",/mnt/data1/srchowd3/FD-NL2SQL/methodv2/runs/question_table_copy_tapex_full/questions/row_118_In_Small_Cell_Lung_Phase_2_trials_standardize_the_primary_endpoint_into_one_of_OS_PFS_ORR_DFS_DOR_AE_rate_or_Other,/mnt/data1/srchowd3/FD-NL2SQL/methodv2/runs/question_table_copy_tapex_full/questions/row_118_In_Small_Cell_Lung_Phase_2_trials_standardize_the_primary_endpoint_into_one_of_OS_PFS_ORR_DFS_DOR_AE_rate_or_Other/table_copy.csv,/mnt/data1/srchowd3/FD-NL2SQL/methodv2/runs/question_table_copy_tapex_full/questions/row_118_In_Small_Cell_Lung_Phase_2_trials_standardize_the_primary_endpoint_into_one_of_OS_PFS_ORR_DFS_DOR_AE_rate_or_Other/tapex_table_view.csv,/mnt/data1/srchowd3/FD-NL2SQL/methodv2/runs/question_table_copy_tapex_full/questions/row_118_In_Small_Cell_Lung_Phase_2_trials_standardize_the_primary_endpoint_into_one_of_OS_PFS_ORR_DFS_DOR_AE_rate_or_Other/ground_truth_table.csv
row_119,119,"In Urothelial trials, classify the ICI by target class from its generic name as PD-1, PD-L1, or CTLA-4.",Name of ICI,"[""class""]",7,pd-1,-0.14560750126838684,0,64,0.0,0.0,0.0,"[""{\""class\"": \""PD1\""}"", ""{\""class\"": \""PD-L1\""}"", ""{\""class\"": \""PD-L1\""}"", ""{\""class\"": \""PD-L1\""}"", ""{\""class\"": \""PD-L1, CTLA-4\""}"", ""{\""class\"": \""PD-L1\""}"", ""{\""class\"": \""PD-L1\""}""]","[""\""PD1\"""", ""PD1"", ""\""PD-L1\"""", ""PD-L1"", ""\""PD-L1, CTLA-4\"""", ""PD-L1, CTLA-4""]","[""Pembrolizumab"", ""Atezolizumab"", ""Durvalumab"", ""Durvalumab, Tremelimumab"", ""Avelumab""]",/mnt/data1/srchowd3/FD-NL2SQL/methodv2/runs/question_table_copy_tapex_full/questions/row_119_In_Urothelial_trials_classify_the_ICI_by_target_class_from_its_generic_name_as_PD_1_PD_L1_or_CTLA_4,/mnt/data1/srchowd3/FD-NL2SQL/methodv2/runs/question_table_copy_tapex_full/questions/row_119_In_Urothelial_trials_classify_the_ICI_by_target_class_from_its_generic_name_as_PD_1_PD_L1_or_CTLA_4/table_copy.csv,/mnt/data1/srchowd3/FD-NL2SQL/methodv2/runs/question_table_copy_tapex_full/questions/row_119_In_Urothelial_trials_classify_the_ICI_by_target_class_from_its_generic_name_as_PD_1_PD_L1_or_CTLA_4/tapex_table_view.csv,/mnt/data1/srchowd3/FD-NL2SQL/methodv2/runs/question_table_copy_tapex_full/questions/row_119_In_Urothelial_trials_classify_the_ICI_by_target_class_from_its_generic_name_as_PD_1_PD_L1_or_CTLA_4/ground_truth_table.csv
row_120,120,"For Nivolumab, Ipilimumab trials in NSCLC, extract the trial acronym from the trial name (e.g., KEYNOTE-xxx, CHECKMATE-xxx).",Trial name,"[""trial_acronym""]",0,checkmate 025,-0.47294729948043823,64,64,0.0,0.0,0.0,[],[],[],/mnt/data1/srchowd3/FD-NL2SQL/methodv2/runs/question_table_copy_tapex_full/questions/row_120_For_Nivolumab_Ipilimumab_trials_in_NSCLC_extract_the_trial_acronym_from_the_trial_name_e_g_KEYNOTE_xxx_CHECKMATE_xxx,/mnt/data1/srchowd3/FD-NL2SQL/methodv2/runs/question_table_copy_tapex_full/questions/row_120_For_Nivolumab_Ipilimumab_trials_in_NSCLC_extract_the_trial_acronym_from_the_trial_name_e_g_KEYNOTE_xxx_CHECKMATE_xxx/table_copy.csv,/mnt/data1/srchowd3/FD-NL2SQL/methodv2/runs/question_table_copy_tapex_full/questions/row_120_For_Nivolumab_Ipilimumab_trials_in_NSCLC_extract_the_trial_acronym_from_the_trial_name_e_g_KEYNOTE_xxx_CHECKMATE_xxx/tapex_table_view.csv,/mnt/data1/srchowd3/FD-NL2SQL/methodv2/runs/question_table_copy_tapex_full/questions/row_120_For_Nivolumab_Ipilimumab_trials_in_NSCLC_extract_the_trial_acronym_from_the_trial_name_e_g_KEYNOTE_xxx_CHECKMATE_xxx/ground_truth_table.csv
row_121,121,"In Hepatocellular trials, classify overall follow-up maturity: 'mature' if ≥24 months, else 'immature' (or 'unknown' if missing).",Follow-up duration for primary endpoint(s) in months | Overall,"[""maturity""]",2,immotion151,-0.4700271785259247,0,64,0.0,0.0,0.0,"[""{\""maturity\"": \""unknown\""}"", ""{\""maturity\"": \""unknown\""}""]","[""\""unknown\"""", ""unknown""]",[],/mnt/data1/srchowd3/FD-NL2SQL/methodv2/runs/question_table_copy_tapex_full/questions/row_121_In_Hepatocellular_trials_classify_overall_follow_up_maturity_mature_if_24_months_else_immature_or_unknown_if_missing,/mnt/data1/srchowd3/FD-NL2SQL/methodv2/runs/question_table_copy_tapex_full/questions/row_121_In_Hepatocellular_trials_classify_overall_follow_up_maturity_mature_if_24_months_else_immature_or_unknown_if_missing/table_copy.csv,/mnt/data1/srchowd3/FD-NL2SQL/methodv2/runs/question_table_copy_tapex_full/questions/row_121_In_Hepatocellular_trials_classify_overall_follow_up_maturity_mature_if_24_months_else_immature_or_unknown_if_missing/tapex_table_view.csv,/mnt/data1/srchowd3/FD-NL2SQL/methodv2/runs/question_table_copy_tapex_full/questions/row_121_In_Hepatocellular_trials_classify_overall_follow_up_maturity_mature_if_24_months_else_immature_or_unknown_if_missing/ground_truth_table.csv
row_123,123,"For Tremelimumab combination therapy trials, list additional agents in the treatment regimen beyond the ICI.",Treatment regimen,"[""added_agents""]",0,"nct02256436, nct02256436, nct02425891, nct02685059, nct",-0.19820117950439453,0,64,0.0,0.0,0.0,[],[],[],/mnt/data1/srchowd3/FD-NL2SQL/methodv2/runs/question_table_copy_tapex_full/questions/row_123_For_Tremelimumab_combination_therapy_trials_list_additional_agents_in_the_treatment_regimen_beyond_the_ICI,/mnt/data1/srchowd3/FD-NL2SQL/methodv2/runs/question_table_copy_tapex_full/questions/row_123_For_Tremelimumab_combination_therapy_trials_list_additional_agents_in_the_treatment_regimen_beyond_the_ICI/table_copy.csv,/mnt/data1/srchowd3/FD-NL2SQL/methodv2/runs/question_table_copy_tapex_full/questions/row_123_For_Tremelimumab_combination_therapy_trials_list_additional_agents_in_the_treatment_regimen_beyond_the_ICI/tapex_table_view.csv,/mnt/data1/srchowd3/FD-NL2SQL/methodv2/runs/question_table_copy_tapex_full/questions/row_123_For_Tremelimumab_combination_therapy_trials_list_additional_agents_in_the_treatment_regimen_beyond_the_ICI/ground_truth_table.csv
row_124,124,"For Ipilimumab trials in Esophageal/GEJ, extract the trial acronym from the trial name (e.g., KEYNOTE-xxx, CHECKMATE-xxx).",Trial name,"[""trial_acronym""]",0,keynote-204,-0.8209418654441833,128,16,0.0,0.0,0.0,[],[],[],/mnt/data1/srchowd3/FD-NL2SQL/methodv2/runs/question_table_copy_tapex_full/questions/row_124_For_Ipilimumab_trials_in_Esophageal_GEJ_extract_the_trial_acronym_from_the_trial_name_e_g_KEYNOTE_xxx_CHECKMATE_xxx,/mnt/data1/srchowd3/FD-NL2SQL/methodv2/runs/question_table_copy_tapex_full/questions/row_124_For_Ipilimumab_trials_in_Esophageal_GEJ_extract_the_trial_acronym_from_the_trial_name_e_g_KEYNOTE_xxx_CHECKMATE_xxx/table_copy.csv,/mnt/data1/srchowd3/FD-NL2SQL/methodv2/runs/question_table_copy_tapex_full/questions/row_124_For_Ipilimumab_trials_in_Esophageal_GEJ_extract_the_trial_acronym_from_the_trial_name_e_g_KEYNOTE_xxx_CHECKMATE_xxx/tapex_table_view.csv,/mnt/data1/srchowd3/FD-NL2SQL/methodv2/runs/question_table_copy_tapex_full/questions/row_124_For_Ipilimumab_trials_in_Esophageal_GEJ_extract_the_trial_acronym_from_the_trial_name_e_g_KEYNOTE_xxx_CHECKMATE_xxx/ground_truth_table.csv
row_125,125,"In Hodgkin Lymphoma trials, convert 'Type of therapy' into is_combination = true/false.",Type of therapy,"[""is_combination""]",1,combination,-0.32671838998794556,128,31,0.0,0.0,0.0,"[""{\""is_combination\"": false}""]","[""false"", ""False""]","[""Monotherapy""]",/mnt/data1/srchowd3/FD-NL2SQL/methodv2/runs/question_table_copy_tapex_full/questions/row_125_In_Hodgkin_Lymphoma_trials_convert_Type_of_therapy_into_is_combination_true_false,/mnt/data1/srchowd3/FD-NL2SQL/methodv2/runs/question_table_copy_tapex_full/questions/row_125_In_Hodgkin_Lymphoma_trials_convert_Type_of_therapy_into_is_combination_true_false/table_copy.csv,/mnt/data1/srchowd3/FD-NL2SQL/methodv2/runs/question_table_copy_tapex_full/questions/row_125_In_Hodgkin_Lymphoma_trials_convert_Type_of_therapy_into_is_combination_true_false/tapex_table_view.csv,/mnt/data1/srchowd3/FD-NL2SQL/methodv2/runs/question_table_copy_tapex_full/questions/row_125_In_Hodgkin_Lymphoma_trials_convert_Type_of_therapy_into_is_combination_true_false/ground_truth_table.csv
row_126,126,"In Breast trials, convert 'Type of therapy' into is_combination = true/false.",Type of therapy,"[""is_combination""]",11,false,-0.5039994120597839,0,64,0.0,1.0,0.0,"[""{\""is_combination\"": true}"", ""{\""is_combination\"": true}"", ""{\""is_combination\"": true}"", ""{\""is_combination\"": true}"", ""{\""is_combination\"": true}"", ""{\""is_combination\"": true}"", ""{\""is_combination\"": true}"", ""{\""is_combination\"": true}"", ""{\""is_combination\"": true}"", ""{\""is_combination\"": false}"", ""{\""is_combination\"": false}""]","[""true"", ""True"", ""false"", ""False""]","[""Combination"", ""Monotherapy""]",/mnt/data1/srchowd3/FD-NL2SQL/methodv2/runs/question_table_copy_tapex_full/questions/row_126_In_Breast_trials_convert_Type_of_therapy_into_is_combination_true_false,/mnt/data1/srchowd3/FD-NL2SQL/methodv2/runs/question_table_copy_tapex_full/questions/row_126_In_Breast_trials_convert_Type_of_therapy_into_is_combination_true_false/table_copy.csv,/mnt/data1/srchowd3/FD-NL2SQL/methodv2/runs/question_table_copy_tapex_full/questions/row_126_In_Breast_trials_convert_Type_of_therapy_into_is_combination_true_false/tapex_table_view.csv,/mnt/data1/srchowd3/FD-NL2SQL/methodv2/runs/question_table_copy_tapex_full/questions/row_126_In_Breast_trials_convert_Type_of_therapy_into_is_combination_true_false/ground_truth_table.csv
row_128,128,"In NSCLC trials, classify the ICI by target class from its generic name as PD-1, PD-L1, or CTLA-4.",Name of ICI,"[""class""]",1,pd-1,-0.3402096629142761,128,31,0.0,0.0,0.0,"[""{\""class\"": \""PD-L1\""}""]","[""\""PD-L1\"""", ""PD-L1""]","[""Atezolizumab""]",/mnt/data1/srchowd3/FD-NL2SQL/methodv2/runs/question_table_copy_tapex_full/questions/row_128_In_NSCLC_trials_classify_the_ICI_by_target_class_from_its_generic_name_as_PD_1_PD_L1_or_CTLA_4,/mnt/data1/srchowd3/FD-NL2SQL/methodv2/runs/question_table_copy_tapex_full/questions/row_128_In_NSCLC_trials_classify_the_ICI_by_target_class_from_its_generic_name_as_PD_1_PD_L1_or_CTLA_4/table_copy.csv,/mnt/data1/srchowd3/FD-NL2SQL/methodv2/runs/question_table_copy_tapex_full/questions/row_128_In_NSCLC_trials_classify_the_ICI_by_target_class_from_its_generic_name_as_PD_1_PD_L1_or_CTLA_4/tapex_table_view.csv,/mnt/data1/srchowd3/FD-NL2SQL/methodv2/runs/question_table_copy_tapex_full/questions/row_128_In_NSCLC_trials_classify_the_ICI_by_target_class_from_its_generic_name_as_PD_1_PD_L1_or_CTLA_4/ground_truth_table.csv
row_129,129,"In Melanoma Phase 3 trials, classify the control arm as active, placebo, or best supportive care.",Control arm,"[""control_category""]",18,best supporting care,-0.6623464822769165,0,64,0.0,0.0,0.0,"[""{\""control_category\"": \""active\""}"", ""{\""control_category\"": \""active\""}"", ""{\""control_category\"": \""active\""}"", ""{\""control_category\"": \""active\""}"", ""{\""control_category\"": \""placebo\""}"", ""{\""control_category\"": \""placebo\""}"", ""{\""control_category\"": \""active\""}"", ""{\""control_category\"": \""active\""}"", ""{\""control_category\"": \""active\""}"", ""{\""control_category\"": \""active\""}"", ""{\""control_category\"": \""active\""}"", ""{\""control_category\"": \""active\""}"", ""{\""control_category\"": \""active\""}"", ""{\""control_category\"": \""active\""}"", ""{\""control_category\"": \""active\""}"", ""{\""control_category\"": \""active\""}"", ""{\""control_category\"": \""placebo\""}"", ""{\""control_category\"": \""placebo\""}""]","[""\""active\"""", ""active"", ""\""placebo\"""", ""placebo""]","[""Chemo"", ""Vaccine"", ""Placebo"", ""Interferon"", ""BRAFi+MEKi""]",/mnt/data1/srchowd3/FD-NL2SQL/methodv2/runs/question_table_copy_tapex_full/questions/row_129_In_Melanoma_Phase_3_trials_classify_the_control_arm_as_active_placebo_or_best_supportive_care,/mnt/data1/srchowd3/FD-NL2SQL/methodv2/runs/question_table_copy_tapex_full/questions/row_129_In_Melanoma_Phase_3_trials_classify_the_control_arm_as_active_placebo_or_best_supportive_care/table_copy.csv,/mnt/data1/srchowd3/FD-NL2SQL/methodv2/runs/question_table_copy_tapex_full/questions/row_129_In_Melanoma_Phase_3_trials_classify_the_control_arm_as_active_placebo_or_best_supportive_care/tapex_table_view.csv,/mnt/data1/srchowd3/FD-NL2SQL/methodv2/runs/question_table_copy_tapex_full/questions/row_129_In_Melanoma_Phase_3_trials_classify_the_control_arm_as_active_placebo_or_best_supportive_care/ground_truth_table.csv
row_130,130,"For Ipilimumab trials, bucket total sample size as small(<100), medium(100–299), or large(≥300).",Total sample size,"[""size_bucket""]",20,large,-0.10057426989078522,128,30,0.0,1.0,0.0,"[""{\""size_bucket\"": \""medium\""}"", ""{\""size_bucket\"": \""medium\""}"", ""{\""size_bucket\"": \""medium\""}"", ""{\""size_bucket\"": \""medium\""}"", ""{\""size_bucket\"": \""medium\""}"", ""{\""size_bucket\"": \""large\""}"", ""{\""size_bucket\"": \""large\""}"", ""{\""size_bucket\"": \""large\""}"", ""{\""size_bucket\"": \""large\""}"", ""{\""size_bucket\"": \""large\""}"", ""{\""size_bucket\"": \""large\""}"", ""{\""size_bucket\"": \""large\""}"", ""{\""size_bucket\"": \""large\""}"", ""{\""size_bucket\"": \""large\""}"", ""{\""size_bucket\"": \""large\""}"", ""{\""size_bucket\"": \""small\""}"", ""{\""size_bucket\"": \""large\""}"", ""{\""size_bucket\"": \""large\""}"", ""{\""size_bucket\"": \""large\""}"", ""{\""size_bucket\"": \""large\""}""]","[""\""medium\"""", ""medium"", ""\""large\"""", ""large"", ""\""small\"""", ""small""]","[""114.0"", ""204.0"", ""130.0"", ""1132.0"", ""749.0"", ""502.0"", ""676.0"", ""951.0"", ""799.0"", ""602.0"", ""1670.0"", ""83.0""]",/mnt/data1/srchowd3/FD-NL2SQL/methodv2/runs/question_table_copy_tapex_full/questions/row_130_For_Ipilimumab_trials_bucket_total_sample_size_as_small_100_medium_100_299_or_large_300,/mnt/data1/srchowd3/FD-NL2SQL/methodv2/runs/question_table_copy_tapex_full/questions/row_130_For_Ipilimumab_trials_bucket_total_sample_size_as_small_100_medium_100_299_or_large_300/table_copy.csv,/mnt/data1/srchowd3/FD-NL2SQL/methodv2/runs/question_table_copy_tapex_full/questions/row_130_For_Ipilimumab_trials_bucket_total_sample_size_as_small_100_medium_100_299_or_large_300/tapex_table_view.csv,/mnt/data1/srchowd3/FD-NL2SQL/methodv2/runs/question_table_copy_tapex_full/questions/row_130_For_Ipilimumab_trials_bucket_total_sample_size_as_small_100_medium_100_299_or_large_300/ground_truth_table.csv
row_131,131,"In Multiple Myeloma trials, convert 'Original/Follow up' status into a boolean is_follow_up.",Originial publication or Follow-up,"[""is_follow_up""]",2,follow-up,-0.13958339393138885,64,64,0.0,0.0,0.0,"[""{\""is_follow_up\"": false}"", ""{\""is_follow_up\"": false}""]","[""false"", ""False""]","[""Original publication""]",/mnt/data1/srchowd3/FD-NL2SQL/methodv2/runs/question_table_copy_tapex_full/questions/row_131_In_Multiple_Myeloma_trials_convert_Original_Follow_up_status_into_a_boolean_is_follow_up,/mnt/data1/srchowd3/FD-NL2SQL/methodv2/runs/question_table_copy_tapex_full/questions/row_131_In_Multiple_Myeloma_trials_convert_Original_Follow_up_status_into_a_boolean_is_follow_up/table_copy.csv,/mnt/data1/srchowd3/FD-NL2SQL/methodv2/runs/question_table_copy_tapex_full/questions/row_131_In_Multiple_Myeloma_trials_convert_Original_Follow_up_status_into_a_boolean_is_follow_up/tapex_table_view.csv,/mnt/data1/srchowd3/FD-NL2SQL/methodv2/runs/question_table_copy_tapex_full/questions/row_131_In_Multiple_Myeloma_trials_convert_Original_Follow_up_status_into_a_boolean_is_follow_up/ground_truth_table.csv
row_132,132,"In NSCLC combination therapy trials, normalize the combination type to standardized labels (e.g., ICI+Chemo, ICI+TKI, ICI+ICI).",Type of combination,"[""combo_type_norm""]",1,ici+chemo,-0.1944071501493454,64,13,0.0,1.0,1.0,"[""{\""combo_type_norm\"": \""ICI+Chemo\""}""]","[""\""ICI+Chemo\"""", ""ICI+Chemo""]","[""ICI+Chemo""]",/mnt/data1/srchowd3/FD-NL2SQL/methodv2/runs/question_table_copy_tapex_full/questions/row_132_In_NSCLC_combination_therapy_trials_normalize_the_combination_type_to_standardized_labels_e_g_ICI_Chemo_ICI_TKI_ICI_ICI,/mnt/data1/srchowd3/FD-NL2SQL/methodv2/runs/question_table_copy_tapex_full/questions/row_132_In_NSCLC_combination_therapy_trials_normalize_the_combination_type_to_standardized_labels_e_g_ICI_Chemo_ICI_TKI_ICI_ICI/table_copy.csv,/mnt/data1/srchowd3/FD-NL2SQL/methodv2/runs/question_table_copy_tapex_full/questions/row_132_In_NSCLC_combination_therapy_trials_normalize_the_combination_type_to_standardized_labels_e_g_ICI_Chemo_ICI_TKI_ICI_ICI/tapex_table_view.csv,/mnt/data1/srchowd3/FD-NL2SQL/methodv2/runs/question_table_copy_tapex_full/questions/row_132_In_NSCLC_combination_therapy_trials_normalize_the_combination_type_to_standardized_labels_e_g_ICI_Chemo_ICI_TKI_ICI_ICI/ground_truth_table.csv
row_134,134,"In Melanoma trials, convert 'Original/Follow up' status into a boolean is_follow_up.",Originial publication or Follow-up,"[""is_follow_up""]",26,follow-up,-0.08688084781169891,64,64,0.0,0.0,1.0,"[""{\""is_follow_up\"": false}"", ""{\""is_follow_up\"": false}"", ""{\""is_follow_up\"": false}"", ""{\""is_follow_up\"": false}"", ""{\""is_follow_up\"": false}"", ""{\""is_follow_up\"": false}"", ""{\""is_follow_up\"": false}"", ""{\""is_follow_up\"": true}"", ""{\""is_follow_up\"": true}"", ""{\""is_follow_up\"": false}"", ""{\""is_follow_up\"": false}"", ""{\""is_follow_up\"": true}"", ""{\""is_follow_up\"": false}"", ""{\""is_follow_up\"": false}"", ""{\""is_follow_up\"": true}"", ""{\""is_follow_up\"": false}"", ""{\""is_follow_up\"": false}"", ""{\""is_follow_up\"": false}"", ""{\""is_follow_up\"": false}"", ""{\""is_follow_up\"": false}"", ""{\""is_follow_up\"": true}"", ""{\""is_follow_up\"": true}"", ""{\""is_follow_up\"": true}"", ""{\""is_follow_up\"": false}"", ""{\""is_follow_up\"": true}"", ""{\""is_follow_up\"": false}""]","[""false"", ""False"", ""true"", ""True""]","[""Original publication"", ""Follow-up""]",/mnt/data1/srchowd3/FD-NL2SQL/methodv2/runs/question_table_copy_tapex_full/questions/row_134_In_Melanoma_trials_convert_Original_Follow_up_status_into_a_boolean_is_follow_up,/mnt/data1/srchowd3/FD-NL2SQL/methodv2/runs/question_table_copy_tapex_full/questions/row_134_In_Melanoma_trials_convert_Original_Follow_up_status_into_a_boolean_is_follow_up/table_copy.csv,/mnt/data1/srchowd3/FD-NL2SQL/methodv2/runs/question_table_copy_tapex_full/questions/row_134_In_Melanoma_trials_convert_Original_Follow_up_status_into_a_boolean_is_follow_up/tapex_table_view.csv,/mnt/data1/srchowd3/FD-NL2SQL/methodv2/runs/question_table_copy_tapex_full/questions/row_134_In_Melanoma_trials_convert_Original_Follow_up_status_into_a_boolean_is_follow_up/ground_truth_table.csv
row_136,136,"In Non-Small Cell Lung studies using ICI+TKI, list the TKI agent(s) mentioned in the treatment regimen.",Treatment regimen,"[""tki_agents""]",1,nct02657434,-0.45856207609176636,128,31,0.0,0.0,0.0,"[""{\""tki_agents\"": [\""osimertinib\""]}""]","[""[\""osimertinib\""]"", ""osimertinib""]","[""Durvalumab+Osimertinib""]",/mnt/data1/srchowd3/FD-NL2SQL/methodv2/runs/question_table_copy_tapex_full/questions/row_136_In_Non_Small_Cell_Lung_studies_using_ICI_TKI_list_the_TKI_agent_s_mentioned_in_the_treatment_regimen,/mnt/data1/srchowd3/FD-NL2SQL/methodv2/runs/question_table_copy_tapex_full/questions/row_136_In_Non_Small_Cell_Lung_studies_using_ICI_TKI_list_the_TKI_agent_s_mentioned_in_the_treatment_regimen/table_copy.csv,/mnt/data1/srchowd3/FD-NL2SQL/methodv2/runs/question_table_copy_tapex_full/questions/row_136_In_Non_Small_Cell_Lung_studies_using_ICI_TKI_list_the_TKI_agent_s_mentioned_in_the_treatment_regimen/tapex_table_view.csv,/mnt/data1/srchowd3/FD-NL2SQL/methodv2/runs/question_table_copy_tapex_full/questions/row_136_In_Non_Small_Cell_Lung_studies_using_ICI_TKI_list_the_TKI_agent_s_mentioned_in_the_treatment_regimen/ground_truth_table.csv
row_137,137,"In Hodgkin Lymphoma trials, interpret the PD-L1 requirement flag as boolean true/false.",Is PD-L1 positivity inclusion criteria,"[""pd_l1_required""]",1,false,-0.44005438685417175,128,31,0.0,1.0,0.0,"[""{\""pd_l1_required\"": false}""]","[""false"", ""False""]","[""No""]",/mnt/data1/srchowd3/FD-NL2SQL/methodv2/runs/question_table_copy_tapex_full/questions/row_137_In_Hodgkin_Lymphoma_trials_interpret_the_PD_L1_requirement_flag_as_boolean_true_false,/mnt/data1/srchowd3/FD-NL2SQL/methodv2/runs/question_table_copy_tapex_full/questions/row_137_In_Hodgkin_Lymphoma_trials_interpret_the_PD_L1_requirement_flag_as_boolean_true_false/table_copy.csv,/mnt/data1/srchowd3/FD-NL2SQL/methodv2/runs/question_table_copy_tapex_full/questions/row_137_In_Hodgkin_Lymphoma_trials_interpret_the_PD_L1_requirement_flag_as_boolean_true_false/tapex_table_view.csv,/mnt/data1/srchowd3/FD-NL2SQL/methodv2/runs/question_table_copy_tapex_full/questions/row_137_In_Hodgkin_Lymphoma_trials_interpret_the_PD_L1_requirement_flag_as_boolean_true_false/ground_truth_table.csv
row_138,138,"In Breast trials, from the secondary endpoint text flag if immune-related adverse events (irAEs) were explicitly assessed.",Secondary endpoint,"[""irAE_assessed""]",11,nct01721772,-0.1795816421508789,128,24,0.0,0.0,0.0,"[""{\""irAE_assessed\"": false}"", ""{\""irAE_assessed\"": false}"", ""{\""irAE_assessed\"": false}"", ""{\""irAE_assessed\"": false}"", ""{\""irAE_assessed\"": false}"", ""{\""irAE_assessed\"": false}"", ""{\""irAE_assessed\"": false}"", ""{\""irAE_assessed\"": false}"", ""{\""irAE_assessed\"": false}"", ""{\""irAE_assessed\"": false}"", ""{\""irAE_assessed\"": false}""]","[""false"", ""False""]","[""investigator-assessed RECIST v1.1 ORR,  DoR"", ""response rate by other path CR definitions (ypT0/is ypN0, ypT0/is ypN0/þ, and ypN0) and by clinical and imaging assessment; rate of breast conserving surgery and axilla lymph node dissection; efficacy in predefined subgroups according to centrally assessed sTILs [low ( 10%), intermediate (11%–59%), high ( 60%)]"", ""residual cancer burden (RCB) and 3-year event-free and distant recurrence-free survival."", ""pathological complete response, a pathological complete response according to all definitions in patients with PD-L1–positive tumors, eventfree survival among patients with PD-L1–positive tumors, and OS among all patients and patients with PD-L1–positive tumors."", ""PFS per irRECIST, ORR, OS, DoR, clinical benefit rate, safety, tolerability"", ""ORR, DoR, DCR"", ""OS, Event free survival , disease free survival"", ""OS, ORR, DOR"", ""OS"", ""PFS; ORR; DCR; DoR; safety""]",/mnt/data1/srchowd3/FD-NL2SQL/methodv2/runs/question_table_copy_tapex_full/questions/row_138_In_Breast_trials_from_the_secondary_endpoint_text_flag_if_immune_related_adverse_events_irAEs_were_explicitly_assessed,/mnt/data1/srchowd3/FD-NL2SQL/methodv2/runs/question_table_copy_tapex_full/questions/row_138_In_Breast_trials_from_the_secondary_endpoint_text_flag_if_immune_related_adverse_events_irAEs_were_explicitly_assessed/table_copy.csv,/mnt/data1/srchowd3/FD-NL2SQL/methodv2/runs/question_table_copy_tapex_full/questions/row_138_In_Breast_trials_from_the_secondary_endpoint_text_flag_if_immune_related_adverse_events_irAEs_were_explicitly_assessed/tapex_table_view.csv,/mnt/data1/srchowd3/FD-NL2SQL/methodv2/runs/question_table_copy_tapex_full/questions/row_138_In_Breast_trials_from_the_secondary_endpoint_text_flag_if_immune_related_adverse_events_irAEs_were_explicitly_assessed/ground_truth_table.csv
row_139,139,"For Avelumab trials in Head and Neck, extract the trial acronym from the trial name (e.g., KEYNOTE-xxx, CHECKMATE-xxx).",Trial name,"[""trial_acronym""]",2,keynote-204,-0.7781206369400024,128,16,0.0,0.0,0.0,"[""{\""trial_acronym\"": \""JAVELIN Head and Neck 101\""}"", ""{\""trial_acronym\"": \""REACH\""}""]","[""\""JAVELIN Head and Neck 101\"""", ""JAVELIN Head and Neck 101"", ""\""REACH\"""", ""REACH""]","[""JAVELIN Head and Neck 101"", ""REACH""]",/mnt/data1/srchowd3/FD-NL2SQL/methodv2/runs/question_table_copy_tapex_full/questions/row_139_For_Avelumab_trials_in_Head_and_Neck_extract_the_trial_acronym_from_the_trial_name_e_g_KEYNOTE_xxx_CHECKMATE_xxx,/mnt/data1/srchowd3/FD-NL2SQL/methodv2/runs/question_table_copy_tapex_full/questions/row_139_For_Avelumab_trials_in_Head_and_Neck_extract_the_trial_acronym_from_the_trial_name_e_g_KEYNOTE_xxx_CHECKMATE_xxx/table_copy.csv,/mnt/data1/srchowd3/FD-NL2SQL/methodv2/runs/question_table_copy_tapex_full/questions/row_139_For_Avelumab_trials_in_Head_and_Neck_extract_the_trial_acronym_from_the_trial_name_e_g_KEYNOTE_xxx_CHECKMATE_xxx/tapex_table_view.csv,/mnt/data1/srchowd3/FD-NL2SQL/methodv2/runs/question_table_copy_tapex_full/questions/row_139_For_Avelumab_trials_in_Head_and_Neck_extract_the_trial_acronym_from_the_trial_name_e_g_KEYNOTE_xxx_CHECKMATE_xxx/ground_truth_table.csv
row_142,142,"For Atezolizumab+Trastuzumab emtansine+Placebo trials, bucket the publication year into: ≤2014, 2015–2018, ≥2019.",Year,"[""era""]",1,2021,-0.1792183369398117,128,31,0.0,0.0,0.0,"[""{\""era\"": \""≥2019\""}""]","[""\""≥2019\"""", ""≥2019""]","[""2020""]",/mnt/data1/srchowd3/FD-NL2SQL/methodv2/runs/question_table_copy_tapex_full/questions/row_142_For_Atezolizumab_Trastuzumab_emtansine_Placebo_trials_bucket_the_publication_year_into_2014_2015_2018_2019,/mnt/data1/srchowd3/FD-NL2SQL/methodv2/runs/question_table_copy_tapex_full/questions/row_142_For_Atezolizumab_Trastuzumab_emtansine_Placebo_trials_bucket_the_publication_year_into_2014_2015_2018_2019/table_copy.csv,/mnt/data1/srchowd3/FD-NL2SQL/methodv2/runs/question_table_copy_tapex_full/questions/row_142_For_Atezolizumab_Trastuzumab_emtansine_Placebo_trials_bucket_the_publication_year_into_2014_2015_2018_2019/tapex_table_view.csv,/mnt/data1/srchowd3/FD-NL2SQL/methodv2/runs/question_table_copy_tapex_full/questions/row_142_For_Atezolizumab_Trastuzumab_emtansine_Placebo_trials_bucket_the_publication_year_into_2014_2015_2018_2019/ground_truth_table.csv
row_143,143,"In Prostate trials, interpret the PD-L1 requirement flag as boolean true/false.",Is PD-L1 positivity inclusion criteria,"[""pd_l1_required""]",3,false,-0.5204833745956421,0,64,0.0,1.0,0.0,"[""{\""pd_l1_required\"": false}"", ""{\""pd_l1_required\"": false}"", ""{\""pd_l1_required\"": false}""]","[""false"", ""False""]","[""No""]",/mnt/data1/srchowd3/FD-NL2SQL/methodv2/runs/question_table_copy_tapex_full/questions/row_143_In_Prostate_trials_interpret_the_PD_L1_requirement_flag_as_boolean_true_false,/mnt/data1/srchowd3/FD-NL2SQL/methodv2/runs/question_table_copy_tapex_full/questions/row_143_In_Prostate_trials_interpret_the_PD_L1_requirement_flag_as_boolean_true_false/table_copy.csv,/mnt/data1/srchowd3/FD-NL2SQL/methodv2/runs/question_table_copy_tapex_full/questions/row_143_In_Prostate_trials_interpret_the_PD_L1_requirement_flag_as_boolean_true_false/tapex_table_view.csv,/mnt/data1/srchowd3/FD-NL2SQL/methodv2/runs/question_table_copy_tapex_full/questions/row_143_In_Prostate_trials_interpret_the_PD_L1_requirement_flag_as_boolean_true_false/ground_truth_table.csv
row_144,144,"In Non-Small Cell Lung trials, classify the ICI by target class from its generic name as PD-1, PD-L1, or CTLA-4.",Name of ICI,"[""class""]",45,pd-1,-0.16364170610904694,128,31,0.0,0.0,0.0,"[""{\""class\"": \""CTLA-4\""}"", ""{\""class\"": \""CTLA-4\""}"", ""{\""class\"": \""PD1\""}"", ""{\""class\"": \""PD1\""}"", ""{\""class\"": \""PD1\""}"", ""{\""class\"": \""PD1\""}"", ""{\""class\"": \""PD-L1\""}"", ""{\""class\"": \""PD1\""}"", ""{\""class\"": \""CTLA-4\""}"", ""{\""class\"": \""PD-L1\""}"", ""{\""class\"": \""PD-L1\""}"", ""{\""class\"": \""PD-L1\""}"", ""{\""class\"": \""PD1\""}"", ""{\""class\"": \""PD1\""}"", ""{\""class\"": \""PD-L1\""}"", ""{\""class\"": \""PD-L1\""}"", ""{\""class\"": \""PD1\""}"", ""{\""class\"": \""PD1\""}"", ""{\""class\"": \""PD-L1\""}"", ""{\""class\"": \""PD-L1\""}"", ""{\""class\"": \""PD1, CTLA-4\""}"", ""{\""class\"": \""PD1\""}"", ""{\""class\"": \""PD1, CTLA-4\""}"", ""{\""class\"": \""PD1\""}"", ""{\""class\"": \""PD1\""}"", ""{\""class\"": \""PD1\""}"", ""{\""class\"": \""PD1\""}"", ""{\""class\"": \""PD-L1\""}"", ""{\""class\"": \""PD1\""}"", ""{\""class\"": \""PD-L1\""}"", ""{\""class\"": \""PD-L1\""}"", ""{\""class\"": \""CTLA-4\""}"", ""{\""class\"": \""PD-L1, CTLA-4\""}"", ""{\""class\"": \""PD-L1\""}"", ""{\""class\"": \""PD-L1, CTLA-4\""}"", ""{\""class\"": \""PD-L1\""}"", ""{\""class\"": \""PD-L1\""}"", ""{\""class\"": \""PD1\""}"", ""{\""class\"": \""PD1\""}"", ""{\""class\"": \""PD-L1\""}"", ""{\""class\"": \""PD-L1\""}"", ""{\""class\"": \""PD-L1\""}"", ""{\""class\"": \""PD1, CTLA-4\""}"", ""{\""class\"": \""PD1\""}"", ""{\""class\"": \""PD1\""}""]","[""\""CTLA-4\"""", ""CTLA-4"", ""\""PD1\"""", ""PD1"", ""\""PD-L1\"""", ""PD-L1"", ""\""PD1, CTLA-4\"""", ""PD1, CTLA-4"", ""\""PD-L1, CTLA-4\"""", ""PD-L1, CTLA-4""]","[""Ipilimumab"", ""Nivolumab"", ""Pembrolizumab"", ""Atezolizumab"", ""Durvalumab"", ""Nivolumab, Ipilimumab"", ""Tremelimumab"", ""Durvalumab, Tremelimumab"", ""Cemiplimab""]",/mnt/data1/srchowd3/FD-NL2SQL/methodv2/runs/question_table_copy_tapex_full/questions/row_144_In_Non_Small_Cell_Lung_trials_classify_the_ICI_by_target_class_from_its_generic_name_as_PD_1_PD_L1_or_CTLA_4,/mnt/data1/srchowd3/FD-NL2SQL/methodv2/runs/question_table_copy_tapex_full/questions/row_144_In_Non_Small_Cell_Lung_trials_classify_the_ICI_by_target_class_from_its_generic_name_as_PD_1_PD_L1_or_CTLA_4/table_copy.csv,/mnt/data1/srchowd3/FD-NL2SQL/methodv2/runs/question_table_copy_tapex_full/questions/row_144_In_Non_Small_Cell_Lung_trials_classify_the_ICI_by_target_class_from_its_generic_name_as_PD_1_PD_L1_or_CTLA_4/tapex_table_view.csv,/mnt/data1/srchowd3/FD-NL2SQL/methodv2/runs/question_table_copy_tapex_full/questions/row_144_In_Non_Small_Cell_Lung_trials_classify_the_ICI_by_target_class_from_its_generic_name_as_PD_1_PD_L1_or_CTLA_4/ground_truth_table.csv
row_145,145,"In Renal cell combination therapy trials, normalize the combination type to standardized labels (e.g., ICI+Chemo, ICI+TKI, ICI+ICI).",Type of combination,"[""combo_type_norm""]",11,ici+chemo,-0.10074509680271149,64,13,0.0,1.0,1.0,"[""{\""combo_type_norm\"": \""ICI+Chemo\""}"", ""{\""combo_type_norm\"": \""ICI+ICI\""}"", ""{\""combo_type_norm\"": \""ICI+ICI\""}"", ""{\""combo_type_norm\"": \""ICI+TKI\""}"", ""{\""combo_type_norm\"": \""ICI+TKI\""}"", ""{\""combo_type_norm\"": \""ICI+Anti-VEGF\""}"", ""{\""combo_type_norm\"": \""ICI+ICI\""}"", ""{\""combo_type_norm\"": \""ICI+TKI\""}"", ""{\""combo_type_norm\"": \""ICI+TKI\""}"", ""{\""combo_type_norm\"": \""ICI+TKI\""}"", ""{\""combo_type_norm\"": \""ICI+TKI\""}""]","[""\""ICI+Chemo\"""", ""ICI+Chemo"", ""\""ICI+ICI\"""", ""ICI+ICI"", ""\""ICI+TKI\"""", ""ICI+TKI"", ""\""ICI+Anti-VEGF\"""", ""ICI+Anti-VEGF""]","[""ICI+Chemo"", ""ICI+ICI"", ""ICI+TKI"", ""ICI+Anti-VEGF""]",/mnt/data1/srchowd3/FD-NL2SQL/methodv2/runs/question_table_copy_tapex_full/questions/row_145_In_Renal_cell_combination_therapy_trials_normalize_the_combination_type_to_standardized_labels_e_g_ICI_Chemo_ICI_TKI_ICI_ICI,/mnt/data1/srchowd3/FD-NL2SQL/methodv2/runs/question_table_copy_tapex_full/questions/row_145_In_Renal_cell_combination_therapy_trials_normalize_the_combination_type_to_standardized_labels_e_g_ICI_Chemo_ICI_TKI_ICI_ICI/table_copy.csv,/mnt/data1/srchowd3/FD-NL2SQL/methodv2/runs/question_table_copy_tapex_full/questions/row_145_In_Renal_cell_combination_therapy_trials_normalize_the_combination_type_to_standardized_labels_e_g_ICI_Chemo_ICI_TKI_ICI_ICI/tapex_table_view.csv,/mnt/data1/srchowd3/FD-NL2SQL/methodv2/runs/question_table_copy_tapex_full/questions/row_145_In_Renal_cell_combination_therapy_trials_normalize_the_combination_type_to_standardized_labels_e_g_ICI_Chemo_ICI_TKI_ICI_ICI/ground_truth_table.csv
row_148,148,"In Head and Neck Phase 3 trials, classify the control arm as active, placebo, or best supportive care.",Control arm,"[""control_category""]",9,best supporting care,-0.6703249216079712,0,64,0.0,0.0,0.0,"[""{\""control_category\"": \""active\""}"", ""{\""control_category\"": \""active\""}"", ""{\""control_category\"": \""active\""}"", ""{\""control_category\"": \""active\""}"", ""{\""control_category\"": \""active\""}"", ""{\""control_category\"": \""active\""}"", ""{\""control_category\"": \""active\""}"", ""{\""control_category\"": \""active\""}"", ""{\""control_category\"": \""active\""}""]","[""\""active\"""", ""active""]","[""Chemo/Anti-EGFR"", ""Chemo+Anti-EGFR"", ""Anti-VEGF"", ""Chemoradio"", ""Chemo/Anti-EGFR+Radiotherapy""]",/mnt/data1/srchowd3/FD-NL2SQL/methodv2/runs/question_table_copy_tapex_full/questions/row_148_In_Head_and_Neck_Phase_3_trials_classify_the_control_arm_as_active_placebo_or_best_supportive_care,/mnt/data1/srchowd3/FD-NL2SQL/methodv2/runs/question_table_copy_tapex_full/questions/row_148_In_Head_and_Neck_Phase_3_trials_classify_the_control_arm_as_active_placebo_or_best_supportive_care/table_copy.csv,/mnt/data1/srchowd3/FD-NL2SQL/methodv2/runs/question_table_copy_tapex_full/questions/row_148_In_Head_and_Neck_Phase_3_trials_classify_the_control_arm_as_active_placebo_or_best_supportive_care/tapex_table_view.csv,/mnt/data1/srchowd3/FD-NL2SQL/methodv2/runs/question_table_copy_tapex_full/questions/row_148_In_Head_and_Neck_Phase_3_trials_classify_the_control_arm_as_active_placebo_or_best_supportive_care/ground_truth_table.csv
row_149,149,"In Melanoma trials, normalize the clinical setting to one of: neoadjuvant, adjuvant, perioperative, metastatic/advanced.",Clinical setting,"[""setting_normalized""]",26,adjuvant,-0.2567906081676483,128,29,0.0,1.0,1.0,"[""{\""setting_normalized\"": \""metastatic/advanced\""}"", ""{\""setting_normalized\"": \""metastatic/advanced\""}"", ""{\""setting_normalized\"": \""metastatic/advanced\""}"", ""{\""setting_normalized\"": \""metastatic/advanced\""}"", ""{\""setting_normalized\"": \""adjuvant\""}"", ""{\""setting_normalized\"": \""metastatic/advanced\""}"", ""{\""setting_normalized\"": \""metastatic/advanced\""}"", ""{\""setting_normalized\"": \""metastatic/advanced\""}"", ""{\""setting_normalized\"": \""metastatic/advanced\""}"", ""{\""setting_normalized\"": \""metastatic/advanced\""}"", ""{\""setting_normalized\"": \""metastatic/advanced\""}"", ""{\""setting_normalized\"": \""metastatic/advanced\""}"", ""{\""setting_normalized\"": \""metastatic/advanced\""}"", ""{\""setting_normalized\"": \""metastatic/advanced\""}"", ""{\""setting_normalized\"": \""metastatic/advanced\""}"", ""{\""setting_normalized\"": \""adjuvant\""}"", ""{\""setting_normalized\"": \""adjuvant\""}"", ""{\""setting_normalized\"": \""metastatic/advanced\""}"", ""{\""setting_normalized\"": \""metastatic/advanced\""}"", ""{\""setting_normalized\"": \""metastatic/advanced\""}"", ""{\""setting_normalized\"": \""metastatic/advanced\""}"", ""{\""setting_normalized\"": \""metastatic/advanced\""}"", ""{\""setting_normalized\"": \""metastatic/advanced\""}"", ""{\""setting_normalized\"": \""metastatic/advanced\""}"", ""{\""setting_normalized\"": \""adjuvant\""}"", ""{\""setting_normalized\"": \""metastatic/advanced\""}""]","[""\""metastatic/advanced\"""", ""metastatic/advanced"", ""\""adjuvant\"""", ""adjuvant""]","[""Metastatic+recurrent (unresectable)"", ""Adjuvant""]",/mnt/data1/srchowd3/FD-NL2SQL/methodv2/runs/question_table_copy_tapex_full/questions/row_149_In_Melanoma_trials_normalize_the_clinical_setting_to_one_of_neoadjuvant_adjuvant_perioperative_metastatic_advanced,/mnt/data1/srchowd3/FD-NL2SQL/methodv2/runs/question_table_copy_tapex_full/questions/row_149_In_Melanoma_trials_normalize_the_clinical_setting_to_one_of_neoadjuvant_adjuvant_perioperative_metastatic_advanced/table_copy.csv,/mnt/data1/srchowd3/FD-NL2SQL/methodv2/runs/question_table_copy_tapex_full/questions/row_149_In_Melanoma_trials_normalize_the_clinical_setting_to_one_of_neoadjuvant_adjuvant_perioperative_metastatic_advanced/tapex_table_view.csv,/mnt/data1/srchowd3/FD-NL2SQL/methodv2/runs/question_table_copy_tapex_full/questions/row_149_In_Melanoma_trials_normalize_the_clinical_setting_to_one_of_neoadjuvant_adjuvant_perioperative_metastatic_advanced/ground_truth_table.csv
row_150,150,"In Mesothelioma trials, determine whether the listed endpoint is primary or secondary based on the endpoint text.",Secondary endpoint,"[""endpoint_role""]",3,keynote-045,-0.7822045683860779,0,64,0.0,0.0,0.0,"[""{\""endpoint_role\"": \""secondary\""}"", ""{\""endpoint_role\"": \""secondary\""}"", ""{\""endpoint_role\"": \""secondary\""}""]","[""\""secondary\"""", ""secondary""]","[""18-month OS; disease control and durable disease control; PFS; proportion of patients achieving an objective response; duration of response;  patient-reported outcomes; pharmacokinetics; immunogenicity of tremelimumab; and safety and tolerability."", ""PFS, ORR, time to response, DoR, DCR "", ""investigator-assessed PFS, OS, ORR, time to treatment failure, safety""]",/mnt/data1/srchowd3/FD-NL2SQL/methodv2/runs/question_table_copy_tapex_full/questions/row_150_In_Mesothelioma_trials_determine_whether_the_listed_endpoint_is_primary_or_secondary_based_on_the_endpoint_text,/mnt/data1/srchowd3/FD-NL2SQL/methodv2/runs/question_table_copy_tapex_full/questions/row_150_In_Mesothelioma_trials_determine_whether_the_listed_endpoint_is_primary_or_secondary_based_on_the_endpoint_text/table_copy.csv,/mnt/data1/srchowd3/FD-NL2SQL/methodv2/runs/question_table_copy_tapex_full/questions/row_150_In_Mesothelioma_trials_determine_whether_the_listed_endpoint_is_primary_or_secondary_based_on_the_endpoint_text/tapex_table_view.csv,/mnt/data1/srchowd3/FD-NL2SQL/methodv2/runs/question_table_copy_tapex_full/questions/row_150_In_Mesothelioma_trials_determine_whether_the_listed_endpoint_is_primary_or_secondary_based_on_the_endpoint_text/ground_truth_table.csv
row_151,151,"In Prostate trials with chemotherapy control, list the specific cytotoxic drugs from the control regimen.",Control regimen,"[""control_drugs""]",0,"nct03088540, nct02852083, nct02999087",-0.2458861917257309,128,31,0.0,0.0,0.0,[],[],[],/mnt/data1/srchowd3/FD-NL2SQL/methodv2/runs/question_table_copy_tapex_full/questions/row_151_In_Prostate_trials_with_chemotherapy_control_list_the_specific_cytotoxic_drugs_from_the_control_regimen,/mnt/data1/srchowd3/FD-NL2SQL/methodv2/runs/question_table_copy_tapex_full/questions/row_151_In_Prostate_trials_with_chemotherapy_control_list_the_specific_cytotoxic_drugs_from_the_control_regimen/table_copy.csv,/mnt/data1/srchowd3/FD-NL2SQL/methodv2/runs/question_table_copy_tapex_full/questions/row_151_In_Prostate_trials_with_chemotherapy_control_list_the_specific_cytotoxic_drugs_from_the_control_regimen/tapex_table_view.csv,/mnt/data1/srchowd3/FD-NL2SQL/methodv2/runs/question_table_copy_tapex_full/questions/row_151_In_Prostate_trials_with_chemotherapy_control_list_the_specific_cytotoxic_drugs_from_the_control_regimen/ground_truth_table.csv
row_152,152,"In Prostate trials, determine whether the listed endpoint is primary or secondary based on the endpoint text.",Secondary endpoint,"[""endpoint_role""]",3,caspian,-0.7058331370353699,128,24,0.0,0.0,0.0,"[""{\""endpoint_role\"": \""secondary\""}"", ""{\""endpoint_role\"": \""secondary\""}"", ""{\""endpoint_role\"": \""secondary\""}""]","[""\""secondary\"""", ""secondary""]","[""PFS; pain response; safety profile."", ""PFS; time to subsequent systemic, cytotoxic therapy and to pain progression in all patients; safety profile in treated patients.""]",/mnt/data1/srchowd3/FD-NL2SQL/methodv2/runs/question_table_copy_tapex_full/questions/row_152_In_Prostate_trials_determine_whether_the_listed_endpoint_is_primary_or_secondary_based_on_the_endpoint_text,/mnt/data1/srchowd3/FD-NL2SQL/methodv2/runs/question_table_copy_tapex_full/questions/row_152_In_Prostate_trials_determine_whether_the_listed_endpoint_is_primary_or_secondary_based_on_the_endpoint_text/table_copy.csv,/mnt/data1/srchowd3/FD-NL2SQL/methodv2/runs/question_table_copy_tapex_full/questions/row_152_In_Prostate_trials_determine_whether_the_listed_endpoint_is_primary_or_secondary_based_on_the_endpoint_text/tapex_table_view.csv,/mnt/data1/srchowd3/FD-NL2SQL/methodv2/runs/question_table_copy_tapex_full/questions/row_152_In_Prostate_trials_determine_whether_the_listed_endpoint_is_primary_or_secondary_based_on_the_endpoint_text/ground_truth_table.csv
row_153,153,"For Atezolizumab combination therapy trials, list additional agents in the treatment regimen beyond the ICI.",Treatment regimen,"[""added_agents""]",17,"nct02409342, nct02924883, nct02853331, nct02657434",-0.2747654914855957,128,31,0.0,0.0,0.0,"[""{\""added_agents\"": [\""nab-paclitaxel\""]}"", ""{\""added_agents\"": [\""cobimetinib\""]}"", ""{\""added_agents\"": [\""bevacizumab\""]}"", ""{\""added_agents\"": [\""bevacizumab\""]}"", ""{\""added_agents\"": [\""etoposide\"", \""carboplatin\""]}"", ""{\""added_agents\"": [\""carboplatin\"", \""paclitaxel\""]}"", ""{\""added_agents\"": [\""carboplatin\"", \""paclitaxel\"", \""bevacizumab\""]}"", ""{\""added_agents\"": [\""carboplatin\"", \""nab-paclitaxel\""]}"", ""{\""added_agents\"": [\""nab-paclitaxel\""]}"", ""{\""added_agents\"": [\""carboplatin\"", \""etoposide\""]}"", ""{\""added_agents\"": [\""carboplatin\"", \""paclitaxel\""]}"", ""{\""added_agents\"": [\""carboplatin\"", \""nab-paclitaxel\""]}"", ""{\""added_agents\"": [\""vemurafenib\"", \""cobimetinib\""]}"", ""{\""added_agents\"": [\""gemcitabine\"", \""carboplatin\"", \""cisplatin\""]}"", ""{\""added_agents\"": [\""bevacizumab\""]}"", ""{\""added_agents\"": [\""nab-paclitaxel\"", \""doxorubicin\"", \""cyclophosphamide\"", \""filgrastim\"", \""pegfilgrastim\""]}"", ""{\""added_agents\"": [\""carboplatin\"", \""cisplatin\"", \""pemetrexed\""]}""]","[""[\""nab-paclitaxel\""]"", ""nab-paclitaxel"", ""[\""cobimetinib\""]"", ""cobimetinib"", ""[\""bevacizumab\""]"", ""bevacizumab"", ""[\""etoposide\"", \""carboplatin\""]"", ""etoposide"", ""carboplatin"", ""[\""carboplatin\"", \""paclitaxel\""]"", ""paclitaxel"", ""[\""carboplatin\"", \""paclitaxel\"", \""bevacizumab\""]"", ""[\""carboplatin\"", \""nab-paclitaxel\""]"", ""[\""carboplatin\"", \""etoposide\""]"", ""[\""vemurafenib\"", \""cobimetinib\""]"", ""vemurafenib"", ""[\""gemcitabine\"", \""carboplatin\"", \""cisplatin\""]"", ""gemcitabine"", ""cisplatin"", ""[\""nab-paclitaxel\"", \""doxorubicin\"", \""cyclophosphamide\"", \""filgrastim\"", \""pegfilgrastim\""]"", ""doxorubicin"", ""cyclophosphamide"", ""filgrastim"", ""pegfilgrastim"", ""[\""carboplatin\"", \""cisplatin\"", \""pemetrexed\""]"", ""pemetrexed""]","[""Atezolizumab+Nab-paclitaxel"", ""Atezolizumab+Cobimetinib"", ""Atezolizumab+Bevacizumab"", ""Atezolizumab+Etoposide+Carboplatin"", ""Atezolizumab+Carboplatin+Paclitaxel"", ""Atezolizumab+Carboplatin+Paclitaxel+Bevacizumab"", ""Atezolizumab+Carboplatin+Nab-paclitaxel"", ""Atezolizumab+Carboplatin+Etoposide"", ""Atezolizumab+Vemurafenib+Cobimetinib"", ""Atezolizumab+Gemcitabine+Carboplatin or Cisplatin"", ""Atezolizumab+Nab-paclitaxel+Doxorubicin+Cyclophosphamide+Filgrastim/Pegfilgrastim"", ""Atezolizumab+Carboplatin/Cisplatin+Pemetrexed""]",/mnt/data1/srchowd3/FD-NL2SQL/methodv2/runs/question_table_copy_tapex_full/questions/row_153_For_Atezolizumab_combination_therapy_trials_list_additional_agents_in_the_treatment_regimen_beyond_the_ICI,/mnt/data1/srchowd3/FD-NL2SQL/methodv2/runs/question_table_copy_tapex_full/questions/row_153_For_Atezolizumab_combination_therapy_trials_list_additional_agents_in_the_treatment_regimen_beyond_the_ICI/table_copy.csv,/mnt/data1/srchowd3/FD-NL2SQL/methodv2/runs/question_table_copy_tapex_full/questions/row_153_For_Atezolizumab_combination_therapy_trials_list_additional_agents_in_the_treatment_regimen_beyond_the_ICI/tapex_table_view.csv,/mnt/data1/srchowd3/FD-NL2SQL/methodv2/runs/question_table_copy_tapex_full/questions/row_153_For_Atezolizumab_combination_therapy_trials_list_additional_agents_in_the_treatment_regimen_beyond_the_ICI/ground_truth_table.csv
row_154,154,"In Head and Neck Phase 3 trials, standardize the primary endpoint into one of OS, PFS, ORR, DFS, DOR, AE-rate, or Other.",Primary endpoint,"[""primary_endpoint_category""]",9,dfs,-0.14086386561393738,128,27,0.0,0.0,0.0,"[""{\""primary_endpoint_category\"": \""OS\""}"", ""{\""primary_endpoint_category\"": \""OS\""}"", ""{\""primary_endpoint_category\"": \""PFS\""}"", ""{\""primary_endpoint_category\"": \""PFS\""}"", ""{\""primary_endpoint_category\"": \""OS\""}"", ""{\""primary_endpoint_category\"": \""OS\""}"", ""{\""primary_endpoint_category\"": \""OS\""}"", ""{\""primary_endpoint_category\"": \""PFS\""}"", ""{\""primary_endpoint_category\"": \""PFS\""}""]","[""\""OS\"""", ""OS"", ""\""PFS\"""", ""PFS""]","[""OS"", ""OS+PFS"", ""PFS""]",/mnt/data1/srchowd3/FD-NL2SQL/methodv2/runs/question_table_copy_tapex_full/questions/row_154_In_Head_and_Neck_Phase_3_trials_standardize_the_primary_endpoint_into_one_of_OS_PFS_ORR_DFS_DOR_AE_rate_or_Other,/mnt/data1/srchowd3/FD-NL2SQL/methodv2/runs/question_table_copy_tapex_full/questions/row_154_In_Head_and_Neck_Phase_3_trials_standardize_the_primary_endpoint_into_one_of_OS_PFS_ORR_DFS_DOR_AE_rate_or_Other/table_copy.csv,/mnt/data1/srchowd3/FD-NL2SQL/methodv2/runs/question_table_copy_tapex_full/questions/row_154_In_Head_and_Neck_Phase_3_trials_standardize_the_primary_endpoint_into_one_of_OS_PFS_ORR_DFS_DOR_AE_rate_or_Other/tapex_table_view.csv,/mnt/data1/srchowd3/FD-NL2SQL/methodv2/runs/question_table_copy_tapex_full/questions/row_154_In_Head_and_Neck_Phase_3_trials_standardize_the_primary_endpoint_into_one_of_OS_PFS_ORR_DFS_DOR_AE_rate_or_Other/ground_truth_table.csv
row_155,155,"In Head and Neck trials, categorize number of arms as 1-arm, 2-arm, or ≥3-arm.",Number of arms,"[""arm_category""]",9,2,-0.17156168818473816,128,31,0.0,0.0,1.0,"[""{\""arm_category\"": \""2-arm\""}"", ""{\""arm_category\"": \""2-arm\""}"", ""{\""arm_category\"": \""≥3-arm\""}"", ""{\""arm_category\"": \""≥3-arm\""}"", ""{\""arm_category\"": \""2-arm\""}"", ""{\""arm_category\"": \""≥3-arm\""}"", ""{\""arm_category\"": \""≥3-arm\""}"", ""{\""arm_category\"": \""2-arm\""}"", ""{\""arm_category\"": \""2-arm\""}""]","[""\""2-arm\"""", ""2-arm"", ""\""≥3-arm\"""", ""≥3-arm""]","[""2"", ""3""]",/mnt/data1/srchowd3/FD-NL2SQL/methodv2/runs/question_table_copy_tapex_full/questions/row_155_In_Head_and_Neck_trials_categorize_number_of_arms_as_1_arm_2_arm_or_3_arm,/mnt/data1/srchowd3/FD-NL2SQL/methodv2/runs/question_table_copy_tapex_full/questions/row_155_In_Head_and_Neck_trials_categorize_number_of_arms_as_1_arm_2_arm_or_3_arm/table_copy.csv,/mnt/data1/srchowd3/FD-NL2SQL/methodv2/runs/question_table_copy_tapex_full/questions/row_155_In_Head_and_Neck_trials_categorize_number_of_arms_as_1_arm_2_arm_or_3_arm/tapex_table_view.csv,/mnt/data1/srchowd3/FD-NL2SQL/methodv2/runs/question_table_copy_tapex_full/questions/row_155_In_Head_and_Neck_trials_categorize_number_of_arms_as_1_arm_2_arm_or_3_arm/ground_truth_table.csv
row_156,156,"In Multiple Myeloma trials with PD-L1 agents included in the meta-analysis, map the generic ICI name to its brand name.",Name of ICI,"[""brand_name""]",0,speaker-045,-0.6308450102806091,0,64,0.0,0.0,0.0,[],[],[],/mnt/data1/srchowd3/FD-NL2SQL/methodv2/runs/question_table_copy_tapex_full/questions/row_156_In_Multiple_Myeloma_trials_with_PD_L1_agents_included_in_the_meta_analysis_map_the_generic_ICI_name_to_its_brand_name,/mnt/data1/srchowd3/FD-NL2SQL/methodv2/runs/question_table_copy_tapex_full/questions/row_156_In_Multiple_Myeloma_trials_with_PD_L1_agents_included_in_the_meta_analysis_map_the_generic_ICI_name_to_its_brand_name/table_copy.csv,/mnt/data1/srchowd3/FD-NL2SQL/methodv2/runs/question_table_copy_tapex_full/questions/row_156_In_Multiple_Myeloma_trials_with_PD_L1_agents_included_in_the_meta_analysis_map_the_generic_ICI_name_to_its_brand_name/tapex_table_view.csv,/mnt/data1/srchowd3/FD-NL2SQL/methodv2/runs/question_table_copy_tapex_full/questions/row_156_In_Multiple_Myeloma_trials_with_PD_L1_agents_included_in_the_meta_analysis_map_the_generic_ICI_name_to_its_brand_name/ground_truth_table.csv
row_157,157,"In Pancreatic Phase 3 trials, classify the control arm as active, placebo, or best supportive care.",Control arm,"[""control_category""]",0,best supporting care,-0.6605541110038757,0,64,0.0,0.0,0.0,[],[],[],/mnt/data1/srchowd3/FD-NL2SQL/methodv2/runs/question_table_copy_tapex_full/questions/row_157_In_Pancreatic_Phase_3_trials_classify_the_control_arm_as_active_placebo_or_best_supportive_care,/mnt/data1/srchowd3/FD-NL2SQL/methodv2/runs/question_table_copy_tapex_full/questions/row_157_In_Pancreatic_Phase_3_trials_classify_the_control_arm_as_active_placebo_or_best_supportive_care/table_copy.csv,/mnt/data1/srchowd3/FD-NL2SQL/methodv2/runs/question_table_copy_tapex_full/questions/row_157_In_Pancreatic_Phase_3_trials_classify_the_control_arm_as_active_placebo_or_best_supportive_care/tapex_table_view.csv,/mnt/data1/srchowd3/FD-NL2SQL/methodv2/runs/question_table_copy_tapex_full/questions/row_157_In_Pancreatic_Phase_3_trials_classify_the_control_arm_as_active_placebo_or_best_supportive_care/ground_truth_table.csv
row_158,158,"In Non-Small Cell Lung combination therapy trials, normalize the combination type to standardized labels (e.g., ICI+Chemo, ICI+TKI, ICI+ICI).",Type of combination,"[""combo_type_norm""]",20,ici+chemo,-0.1346040815114975,64,13,0.0,1.0,1.0,"[""{\""combo_type_norm\"": \""ICI+Chemo\""}"", ""{\""combo_type_norm\"": \""ICI+Chemo\""}"", ""{\""combo_type_norm\"": \""ICI+Chemo\""}"", ""{\""combo_type_norm\"": \""ICI+Chemo\""}"", ""{\""combo_type_norm\"": \""ICI+Chemo\""}"", ""{\""combo_type_norm\"": \""ICI+Chemo\""}"", ""{\""combo_type_norm\"": \""ICI+Chemo\""}"", ""{\""combo_type_norm\"": \""ICI+Chemo\""}"", ""{\""combo_type_norm\"": \""ICI+Chemo+Anti-VEGF\""}"", ""{\""combo_type_norm\"": \""ICI+ICI\""}"", ""{\""combo_type_norm\"": \""ICI+ICI\""}"", ""{\""combo_type_norm\"": \""ICI+Chemo\""}"", ""{\""combo_type_norm\"": \""ICI+Chemo\""}"", ""{\""combo_type_norm\"": \""ICI+TKI\""}"", ""{\""combo_type_norm\"": \""ICI+ICI\""}"", ""{\""combo_type_norm\"": \""ICI+ICI\""}"", ""{\""combo_type_norm\"": \""ICI+Chemo\""}"", ""{\""combo_type_norm\"": \""ICI+Chemo\""}"", ""{\""combo_type_norm\"": \""ICI+Chemo\""}"", ""{\""combo_type_norm\"": \""ICI+ICI+Chemo\""}""]","[""\""ICI+Chemo\"""", ""ICI+Chemo"", ""\""ICI+Chemo+Anti-VEGF\"""", ""ICI+Chemo+Anti-VEGF"", ""\""ICI+ICI\"""", ""ICI+ICI"", ""\""ICI+TKI\"""", ""ICI+TKI"", ""\""ICI+ICI+Chemo\"""", ""ICI+ICI+Chemo""]","[""ICI+Chemo"", ""ICI+Chemo+Anti-VEGF"", ""ICI+ICI"", ""ICI+TKI"", ""ICI+ICI+Chemo""]",/mnt/data1/srchowd3/FD-NL2SQL/methodv2/runs/question_table_copy_tapex_full/questions/row_158_In_Non_Small_Cell_Lung_combination_therapy_trials_normalize_the_combination_type_to_standardized_labels_e_g_ICI_Chemo_ICI_TKI_ICI_ICI,/mnt/data1/srchowd3/FD-NL2SQL/methodv2/runs/question_table_copy_tapex_full/questions/row_158_In_Non_Small_Cell_Lung_combination_therapy_trials_normalize_the_combination_type_to_standardized_labels_e_g_ICI_Chemo_ICI_TKI_ICI_ICI/table_copy.csv,/mnt/data1/srchowd3/FD-NL2SQL/methodv2/runs/question_table_copy_tapex_full/questions/row_158_In_Non_Small_Cell_Lung_combination_therapy_trials_normalize_the_combination_type_to_standardized_labels_e_g_ICI_Chemo_ICI_TKI_ICI_ICI/tapex_table_view.csv,/mnt/data1/srchowd3/FD-NL2SQL/methodv2/runs/question_table_copy_tapex_full/questions/row_158_In_Non_Small_Cell_Lung_combination_therapy_trials_normalize_the_combination_type_to_standardized_labels_e_g_ICI_Chemo_ICI_TKI_ICI_ICI/ground_truth_table.csv
row_160,160,"In Colorectal trials, normalize the clinical setting to one of: neoadjuvant, adjuvant, perioperative, metastatic/advanced.",Clinical setting,"[""setting_normalized""]",4,adjuvant,-0.25085577368736267,128,29,0.0,0.0,0.0,"[""{\""setting_normalized\"": \""metastatic/advanced\""}"", ""{\""setting_normalized\"": \""metastatic/advanced\""}"", ""{\""setting_normalized\"": \""metastatic/advanced\""}"", ""{\""setting_normalized\"": \""metastatic/advanced\""}""]","[""\""metastatic/advanced\"""", ""metastatic/advanced""]","[""Metastatic+recurrent (unresectable)""]",/mnt/data1/srchowd3/FD-NL2SQL/methodv2/runs/question_table_copy_tapex_full/questions/row_160_In_Colorectal_trials_normalize_the_clinical_setting_to_one_of_neoadjuvant_adjuvant_perioperative_metastatic_advanced,/mnt/data1/srchowd3/FD-NL2SQL/methodv2/runs/question_table_copy_tapex_full/questions/row_160_In_Colorectal_trials_normalize_the_clinical_setting_to_one_of_neoadjuvant_adjuvant_perioperative_metastatic_advanced/table_copy.csv,/mnt/data1/srchowd3/FD-NL2SQL/methodv2/runs/question_table_copy_tapex_full/questions/row_160_In_Colorectal_trials_normalize_the_clinical_setting_to_one_of_neoadjuvant_adjuvant_perioperative_metastatic_advanced/tapex_table_view.csv,/mnt/data1/srchowd3/FD-NL2SQL/methodv2/runs/question_table_copy_tapex_full/questions/row_160_In_Colorectal_trials_normalize_the_clinical_setting_to_one_of_neoadjuvant_adjuvant_perioperative_metastatic_advanced/ground_truth_table.csv
row_161,161,"In Renal cell trials, categorize number of arms as 1-arm, 2-arm, or ≥3-arm.",Number of arms,"[""arm_category""]",14,2,-0.21936677396297455,128,31,0.0,0.0,1.0,"[""{\""arm_category\"": \""2-arm\""}"", ""{\""arm_category\"": \""≥3-arm\""}"", ""{\""arm_category\"": \""≥3-arm\""}"", ""{\""arm_category\"": \""2-arm\""}"", ""{\""arm_category\"": \""2-arm\""}"", ""{\""arm_category\"": \""2-arm\""}"", ""{\""arm_category\"": \""2-arm\""}"", ""{\""arm_category\"": \""2-arm\""}"", ""{\""arm_category\"": \""2-arm\""}"", ""{\""arm_category\"": \""2-arm\""}"", ""{\""arm_category\"": \""2-arm\""}"", ""{\""arm_category\"": \""2-arm\""}"", ""{\""arm_category\"": \""≥3-arm\""}"", ""{\""arm_category\"": \""2-arm\""}""]","[""\""2-arm\"""", ""2-arm"", ""\""≥3-arm\"""", ""≥3-arm""]","[""2"", ""3""]",/mnt/data1/srchowd3/FD-NL2SQL/methodv2/runs/question_table_copy_tapex_full/questions/row_161_In_Renal_cell_trials_categorize_number_of_arms_as_1_arm_2_arm_or_3_arm,/mnt/data1/srchowd3/FD-NL2SQL/methodv2/runs/question_table_copy_tapex_full/questions/row_161_In_Renal_cell_trials_categorize_number_of_arms_as_1_arm_2_arm_or_3_arm/table_copy.csv,/mnt/data1/srchowd3/FD-NL2SQL/methodv2/runs/question_table_copy_tapex_full/questions/row_161_In_Renal_cell_trials_categorize_number_of_arms_as_1_arm_2_arm_or_3_arm/tapex_table_view.csv,/mnt/data1/srchowd3/FD-NL2SQL/methodv2/runs/question_table_copy_tapex_full/questions/row_161_In_Renal_cell_trials_categorize_number_of_arms_as_1_arm_2_arm_or_3_arm/ground_truth_table.csv
row_162,162,"For Brentuximab-vedotin trials, bucket total sample size as small(<100), medium(100–299), or large(≥300).",Total sample size,"[""size_bucket""]",1,large,-0.13024583458900452,128,30,0.0,1.0,0.0,"[""{\""size_bucket\"": \""large\""}""]","[""\""large\"""", ""large""]","[""304.0""]",/mnt/data1/srchowd3/FD-NL2SQL/methodv2/runs/question_table_copy_tapex_full/questions/row_162_For_Brentuximab_vedotin_trials_bucket_total_sample_size_as_small_100_medium_100_299_or_large_300,/mnt/data1/srchowd3/FD-NL2SQL/methodv2/runs/question_table_copy_tapex_full/questions/row_162_For_Brentuximab_vedotin_trials_bucket_total_sample_size_as_small_100_medium_100_299_or_large_300/table_copy.csv,/mnt/data1/srchowd3/FD-NL2SQL/methodv2/runs/question_table_copy_tapex_full/questions/row_162_For_Brentuximab_vedotin_trials_bucket_total_sample_size_as_small_100_medium_100_299_or_large_300/tapex_table_view.csv,/mnt/data1/srchowd3/FD-NL2SQL/methodv2/runs/question_table_copy_tapex_full/questions/row_162_For_Brentuximab_vedotin_trials_bucket_total_sample_size_as_small_100_medium_100_299_or_large_300/ground_truth_table.csv
row_163,163,"In Melanoma trials, classify overall follow-up maturity: 'mature' if ≥24 months, else 'immature' (or 'unknown' if missing).",Follow-up duration for primary endpoint(s) in months | Overall,"[""maturity""]",26,immotion151,-0.30583301186561584,0,64,0.0,0.0,0.0,"[""{\""maturity\"": \""unknown\""}"", ""{\""maturity\"": \""unknown\""}"", ""{\""maturity\"": \""unknown\""}"", ""{\""maturity\"": \""unknown\""}"", ""{\""maturity\"": \""immature\""}"", ""{\""maturity\"": \""immature\""}"", ""{\""maturity\"": \""immature\""}"", ""{\""maturity\"": \""mature\""}"", ""{\""maturity\"": \""mature\""}"", ""{\""maturity\"": \""immature\""}"", ""{\""maturity\"": \""immature\""}"", ""{\""maturity\"": \""mature\""}"", ""{\""maturity\"": \""immature\""}"", ""{\""maturity\"": \""immature\""}"", ""{\""maturity\"": \""mature\""}"", ""{\""maturity\"": \""mature\""}"", ""{\""maturity\"": \""mature\""}"", ""{\""maturity\"": \""mature\""}"", ""{\""maturity\"": \""mature\""}"", ""{\""maturity\"": \""immature\""}"", ""{\""maturity\"": \""unknown\""}"", ""{\""maturity\"": \""unknown\""}"", ""{\""maturity\"": \""unknown\""}"", ""{\""maturity\"": \""mature\""}"", ""{\""maturity\"": \""mature\""}"", ""{\""maturity\"": \""unknown\""}""]","[""\""unknown\"""", ""unknown"", ""\""immature\"""", ""immature"", ""\""mature\"""", ""mature""]","[""15.1"", ""10"", ""28"", ""5.3"", ""6"", ""24"", ""9.6"", ""16.7"", ""38.4"", ""57.4"", ""28.4"", ""18.9"", ""36.6""]",/mnt/data1/srchowd3/FD-NL2SQL/methodv2/runs/question_table_copy_tapex_full/questions/row_163_In_Melanoma_trials_classify_overall_follow_up_maturity_mature_if_24_months_else_immature_or_unknown_if_missing,/mnt/data1/srchowd3/FD-NL2SQL/methodv2/runs/question_table_copy_tapex_full/questions/row_163_In_Melanoma_trials_classify_overall_follow_up_maturity_mature_if_24_months_else_immature_or_unknown_if_missing/table_copy.csv,/mnt/data1/srchowd3/FD-NL2SQL/methodv2/runs/question_table_copy_tapex_full/questions/row_163_In_Melanoma_trials_classify_overall_follow_up_maturity_mature_if_24_months_else_immature_or_unknown_if_missing/tapex_table_view.csv,/mnt/data1/srchowd3/FD-NL2SQL/methodv2/runs/question_table_copy_tapex_full/questions/row_163_In_Melanoma_trials_classify_overall_follow_up_maturity_mature_if_24_months_else_immature_or_unknown_if_missing/ground_truth_table.csv
row_164,164,"For Pembrolizumab trials in Head and Neck, extract the trial acronym from the trial name (e.g., KEYNOTE-xxx, CHECKMATE-xxx).",Trial name,"[""trial_acronym""]",2,checkmate 025,-0.4415549039840698,64,64,0.0,0.0,0.0,"[""{\""trial_acronym\"": \""KEYNOTE-048\""}"", ""{\""trial_acronym\"": \""KEYNOTE-048\""}""]","[""\""KEYNOTE-048\"""", ""KEYNOTE-048""]","[""KEYNOTE-048""]",/mnt/data1/srchowd3/FD-NL2SQL/methodv2/runs/question_table_copy_tapex_full/questions/row_164_For_Pembrolizumab_trials_in_Head_and_Neck_extract_the_trial_acronym_from_the_trial_name_e_g_KEYNOTE_xxx_CHECKMATE_xxx,/mnt/data1/srchowd3/FD-NL2SQL/methodv2/runs/question_table_copy_tapex_full/questions/row_164_For_Pembrolizumab_trials_in_Head_and_Neck_extract_the_trial_acronym_from_the_trial_name_e_g_KEYNOTE_xxx_CHECKMATE_xxx/table_copy.csv,/mnt/data1/srchowd3/FD-NL2SQL/methodv2/runs/question_table_copy_tapex_full/questions/row_164_For_Pembrolizumab_trials_in_Head_and_Neck_extract_the_trial_acronym_from_the_trial_name_e_g_KEYNOTE_xxx_CHECKMATE_xxx/tapex_table_view.csv,/mnt/data1/srchowd3/FD-NL2SQL/methodv2/runs/question_table_copy_tapex_full/questions/row_164_For_Pembrolizumab_trials_in_Head_and_Neck_extract_the_trial_acronym_from_the_trial_name_e_g_KEYNOTE_xxx_CHECKMATE_xxx/ground_truth_table.csv
row_165,165,"In Small Cell Lung trials, normalize the clinical setting to one of: neoadjuvant, adjuvant, perioperative, metastatic/advanced.",Clinical setting,"[""setting_normalized""]",14,adjuvant,-0.2088557481765747,128,29,0.0,0.0,0.0,"[""{\""setting_normalized\"": \""metastatic/advanced\""}"", ""{\""setting_normalized\"": \""metastatic/advanced\""}"", ""{\""setting_normalized\"": \""metastatic/advanced\""}"", ""{\""setting_normalized\"": \""metastatic/advanced\""}"", ""{\""setting_normalized\"": \""metastatic/advanced\""}"", ""{\""setting_normalized\"": \""metastatic/advanced\""}"", ""{\""setting_normalized\"": \""metastatic/advanced\""}"", ""{\""setting_normalized\"": \""metastatic/advanced\""}"", ""{\""setting_normalized\"": \""metastatic/advanced\""}"", ""{\""setting_normalized\"": \""metastatic/advanced\""}"", ""{\""setting_normalized\"": \""metastatic/advanced\""}"", ""{\""setting_normalized\"": \""metastatic/advanced\""}"", ""{\""setting_normalized\"": \""maintenance\""}"", ""{\""setting_normalized\"": \""maintenance\""}""]","[""\""metastatic/advanced\"""", ""metastatic/advanced"", ""\""maintenance\"""", ""maintenance""]","[""Metastatic+recurrent (unresectable)"", ""Maintenance""]",/mnt/data1/srchowd3/FD-NL2SQL/methodv2/runs/question_table_copy_tapex_full/questions/row_165_In_Small_Cell_Lung_trials_normalize_the_clinical_setting_to_one_of_neoadjuvant_adjuvant_perioperative_metastatic_advanced,/mnt/data1/srchowd3/FD-NL2SQL/methodv2/runs/question_table_copy_tapex_full/questions/row_165_In_Small_Cell_Lung_trials_normalize_the_clinical_setting_to_one_of_neoadjuvant_adjuvant_perioperative_metastatic_advanced/table_copy.csv,/mnt/data1/srchowd3/FD-NL2SQL/methodv2/runs/question_table_copy_tapex_full/questions/row_165_In_Small_Cell_Lung_trials_normalize_the_clinical_setting_to_one_of_neoadjuvant_adjuvant_perioperative_metastatic_advanced/tapex_table_view.csv,/mnt/data1/srchowd3/FD-NL2SQL/methodv2/runs/question_table_copy_tapex_full/questions/row_165_In_Small_Cell_Lung_trials_normalize_the_clinical_setting_to_one_of_neoadjuvant_adjuvant_perioperative_metastatic_advanced/ground_truth_table.csv
row_168,168,"For Atezolizumab+Trastuzumab emtansine+Placebo trials in Non-Small Cell Lung, extract the trial acronym from the trial name (e.g., KEYNOTE-xxx, CHECKMATE-xxx).",Trial name,"[""trial_acronym""]",0,speaker-204,-0.6505690217018127,128,16,0.0,0.0,0.0,[],[],[],/mnt/data1/srchowd3/FD-NL2SQL/methodv2/runs/question_table_copy_tapex_full/questions/row_168_For_Atezolizumab_Trastuzumab_emtansine_Placebo_trials_in_Non_Small_Cell_Lung_extract_the_trial_acronym_from_the_trial_name_e_g_KEYNOTE_xxx_CHECKMATE_xxx,/mnt/data1/srchowd3/FD-NL2SQL/methodv2/runs/question_table_copy_tapex_full/questions/row_168_For_Atezolizumab_Trastuzumab_emtansine_Placebo_trials_in_Non_Small_Cell_Lung_extract_the_trial_acronym_from_the_trial_name_e_g_KEYNOTE_xxx_CHECKMATE_xxx/table_copy.csv,/mnt/data1/srchowd3/FD-NL2SQL/methodv2/runs/question_table_copy_tapex_full/questions/row_168_For_Atezolizumab_Trastuzumab_emtansine_Placebo_trials_in_Non_Small_Cell_Lung_extract_the_trial_acronym_from_the_trial_name_e_g_KEYNOTE_xxx_CHECKMATE_xxx/tapex_table_view.csv,/mnt/data1/srchowd3/FD-NL2SQL/methodv2/runs/question_table_copy_tapex_full/questions/row_168_For_Atezolizumab_Trastuzumab_emtansine_Placebo_trials_in_Non_Small_Cell_Lung_extract_the_trial_acronym_from_the_trial_name_e_g_KEYNOTE_xxx_CHECKMATE_xxx/ground_truth_table.csv
row_170,170,"For Pembrolizumab combination therapy trials, list additional agents in the treatment regimen beyond the ICI.",Treatment regimen,"[""added_agents""]",20,"nct02564263, nct02991482, nct02362594, nct02684292, nct02555",-0.20496830344200134,128,31,0.0,0.0,0.0,"[""{\""added_agents\"": [\""axitinib\""]}"", ""{\""added_agents\"": [\""pemetrexed\"", \""carboplatin\""]}"", ""{\""added_agents\"": [\""pemetrexed\"", \""carboplatin\""]}"", ""{\""added_agents\"": [\""platinum agent\""]}"", ""{\""added_agents\"": [\""carboplatin\"", \""paclitaxel\"", \""nab-paclitaxel\""]}"", ""{\""added_agents\"": [\""dabrafenib\"", \""trametinib\""]}"", ""{\""added_agents\"": [\""pomalidomide\"", \""dexamethasone\""]}"", ""{\""added_agents\"": [\""lenalidomide\"", \""dexamethasone\""]}"", ""{\""added_agents\"": [\""paclitaxel\""]}"", ""{\""added_agents\"": [\""platinum agent\"", \""5-fluorouracil\""]}"", ""{\""added_agents\"": [\""acalabrutinib\""]}"", ""{\""added_agents\"": [\""paclitaxel\"", \""carboplatin\""]}"", ""{\""added_agents\"": [\""etoposide\"", \""platinum agent\""]}"", ""{\""added_agents\"": [\""docetaxel\""]}"", ""{\""added_agents\"": [\""eribulin\""]}"", ""{\""added_agents\"": [\""cisplatin\"", \""5-fu\"", \""capecitabine\""]}"", ""{\""added_agents\"": [\""nab-paclitaxel\"", \""paclitaxel\"", \""gemcitabine\"", \""carboplatin\""]}"", ""{\""added_agents\"": [\""axitinib\""]}"", ""{\""added_agents\"": [\""dabrafenib\"", \""trametinib\""]}"", ""{\""added_agents\"": [\""lenvatinib\""]}""]","[""[\""axitinib\""]"", ""axitinib"", ""[\""pemetrexed\"", \""carboplatin\""]"", ""pemetrexed"", ""carboplatin"", ""[\""platinum agent\""]"", ""platinum agent"", ""[\""carboplatin\"", \""paclitaxel\"", \""nab-paclitaxel\""]"", ""paclitaxel"", ""nab-paclitaxel"", ""[\""dabrafenib\"", \""trametinib\""]"", ""dabrafenib"", ""trametinib"", ""[\""pomalidomide\"", \""dexamethasone\""]"", ""pomalidomide"", ""dexamethasone"", ""[\""lenalidomide\"", \""dexamethasone\""]"", ""lenalidomide"", ""[\""paclitaxel\""]"", ""[\""platinum agent\"", \""5-fluorouracil\""]"", ""5-fluorouracil"", ""[\""acalabrutinib\""]"", ""acalabrutinib"", ""[\""paclitaxel\"", \""carboplatin\""]"", ""[\""etoposide\"", \""platinum agent\""]"", ""etoposide"", ""[\""docetaxel\""]"", ""docetaxel"", ""[\""eribulin\""]"", ""eribulin"", ""[\""cisplatin\"", \""5-fu\"", \""capecitabine\""]"", ""cisplatin"", ""5-fu"", ""capecitabine"", ""[\""nab-paclitaxel\"", \""paclitaxel\"", \""gemcitabine\"", \""carboplatin\""]"", ""gemcitabine"", ""[\""lenvatinib\""]"", ""lenvatinib""]","[""Pembrolizumab+Axitinib"", ""Pembrolizumab+Pemetrexed+Carboplatin"", ""Pembrolizumab+Platinum agent"", ""Pembrolizumab+Carboplatin+Paclitaxel/nab-paclitaxel"", ""Pembrolizumab+Dabrafenib+Trametinib"", ""Pembrolizumab+Pomalidomide+Dexamethasone"", ""Pembrolizumab+Lenalidomide+Dexamethasone"", ""Pembrolizumab+Paclitaxel"", ""Pembrolizumab+Platinum agent+5-Fluorouracil"", ""Pembrolizumab+Acalabrutinib"", ""Pembrolizumab+Paclitaxel+Carboplatin"", ""Pembrolizumab+Etoposide+Platinum agent"", ""Pembrolizumab+ Docetaxel"", ""Pembrolizumab+Eribulin"", ""Pembrolizumab+Cisplatin+5-FU+Capecitabine"", ""Pembrolizumab+nab-paclitaxel/paclitaxel/gemcitabine+ carboplatin"", ""Pembrolizumab+Lenvatinib""]",/mnt/data1/srchowd3/FD-NL2SQL/methodv2/runs/question_table_copy_tapex_full/questions/row_170_For_Pembrolizumab_combination_therapy_trials_list_additional_agents_in_the_treatment_regimen_beyond_the_ICI,/mnt/data1/srchowd3/FD-NL2SQL/methodv2/runs/question_table_copy_tapex_full/questions/row_170_For_Pembrolizumab_combination_therapy_trials_list_additional_agents_in_the_treatment_regimen_beyond_the_ICI/table_copy.csv,/mnt/data1/srchowd3/FD-NL2SQL/methodv2/runs/question_table_copy_tapex_full/questions/row_170_For_Pembrolizumab_combination_therapy_trials_list_additional_agents_in_the_treatment_regimen_beyond_the_ICI/tapex_table_view.csv,/mnt/data1/srchowd3/FD-NL2SQL/methodv2/runs/question_table_copy_tapex_full/questions/row_170_For_Pembrolizumab_combination_therapy_trials_list_additional_agents_in_the_treatment_regimen_beyond_the_ICI/ground_truth_table.csv
row_171,171,"For Ipilimumab trials, bucket trial phase into early (1/1b/2) vs late (3/4).",Trial phase,"[""phase_bucket""]",20,late,-0.05754020810127258,0,64,0.0,1.0,0.0,"[""{\""phase_bucket\"": \""early\""}"", ""{\""phase_bucket\"": \""early\""}"", ""{\""phase_bucket\"": \""early\""}"", ""{\""phase_bucket\"": \""early\""}"", ""{\""phase_bucket\"": \""early\""}"", ""{\""phase_bucket\"": \""late\""}"", ""{\""phase_bucket\"": \""late\""}"", ""{\""phase_bucket\"": \""late\""}"", ""{\""phase_bucket\"": \""late\""}"", ""{\""phase_bucket\"": \""late\""}"", ""{\""phase_bucket\"": \""late\""}"", ""{\""phase_bucket\"": \""late\""}"", ""{\""phase_bucket\"": \""late\""}"", ""{\""phase_bucket\"": \""late\""}"", ""{\""phase_bucket\"": \""late\""}"", ""{\""phase_bucket\"": \""early\""}"", ""{\""phase_bucket\"": \""late\""}"", ""{\""phase_bucket\"": \""late\""}"", ""{\""phase_bucket\"": \""late\""}"", ""{\""phase_bucket\"": \""late\""}""]","[""\""early\"""", ""early"", ""\""late\"""", ""late""]","[""Phase 2"", ""Phase 3""]",/mnt/data1/srchowd3/FD-NL2SQL/methodv2/runs/question_table_copy_tapex_full/questions/row_171_For_Ipilimumab_trials_bucket_trial_phase_into_early_1_1b_2_vs_late_3_4,/mnt/data1/srchowd3/FD-NL2SQL/methodv2/runs/question_table_copy_tapex_full/questions/row_171_For_Ipilimumab_trials_bucket_trial_phase_into_early_1_1b_2_vs_late_3_4/table_copy.csv,/mnt/data1/srchowd3/FD-NL2SQL/methodv2/runs/question_table_copy_tapex_full/questions/row_171_For_Ipilimumab_trials_bucket_trial_phase_into_early_1_1b_2_vs_late_3_4/tapex_table_view.csv,/mnt/data1/srchowd3/FD-NL2SQL/methodv2/runs/question_table_copy_tapex_full/questions/row_171_For_Ipilimumab_trials_bucket_trial_phase_into_early_1_1b_2_vs_late_3_4/ground_truth_table.csv
row_172,172,"In Non-Small Cell Lung trials with chemotherapy control, list the specific cytotoxic drugs from the control regimen.",Control regimen,"[""control_drugs""]",36,"nct02256436, nct02256436, nct02256436, nct02256436, nct",-0.17561523616313934,0,64,0.0,0.0,0.0,"[""{\""control_drugs\"": [\""paclitaxel\"", \""carboplatin\""]}"", ""{\""control_drugs\"": [\""paclitaxel\"", \""carboplatin\""]}"", ""{\""control_drugs\"": [\""docetaxel\""]}"", ""{\""control_drugs\"": [\""docetaxel\""]}"", ""{\""control_drugs\"": [\""docetaxel\""]}"", ""{\""control_drugs\"": [\""docetaxel\""]}"", ""{\""control_drugs\"": [\""docetaxel\""]}"", ""{\""control_drugs\"": null}"", ""{\""control_drugs\"": [\""paclitaxel\"", \""carboplatin\""]}"", ""{\""control_drugs\"": [\""docetaxel\""]}"", ""{\""control_drugs\"": [\""pemetrexed\"", \""carboplatin\""]}"", ""{\""control_drugs\"": [\""pemetrexed\"", \""carboplatin\""]}"", ""{\""control_drugs\"": [\""docetaxel\""]}"", ""{\""control_drugs\"": [\""docetaxel\""]}"", ""{\""control_drugs\"": [\""pemetrexed\""]}"", ""{\""control_drugs\"": [\""carboplatin\"", \""paclitaxel\"", \""nab-paclitaxel\""]}"", ""{\""control_drugs\"": null}"", ""{\""control_drugs\"": null}"", ""{\""control_drugs\"": null}"", ""{\""control_drugs\"": null}"", ""{\""control_drugs\"": null}"", ""{\""control_drugs\"": [\""carboplatin\"", \""pemetrexed\"", \""paclitaxel\""]}"", ""{\""control_drugs\"": null}"", ""{\""control_drugs\"": [\""carboplatin\"", \""nab-paclitaxel\""]}"", ""{\""control_drugs\"": [\""docetaxel\""]}"", ""{\""control_drugs\"": null}"", ""{\""control_drugs\"": null}"", ""{\""control_drugs\"": [\""carboplatin\"", \""nab-paclitaxel\""]}"", ""{\""control_drugs\"": [\""carboplatin\"", \""nab-paclitaxel\""]}"", ""{\""control_drugs\"": [\""docetaxel\""]}"", ""{\""control_drugs\"": null}"", ""{\""control_drugs\"": [\""cisplatin\"", \""carboplatin\"", \""gemcitabine\""]}"", ""{\""control_drugs\"": [\""docetaxel\""]}"", ""{\""control_drugs\"": [\""docetaxel\""]}"", ""{\""control_drugs\"": null}"", ""{\""control_drugs\"": null}""]","[""[\""paclitaxel\"", \""carboplatin\""]"", ""paclitaxel"", ""carboplatin"", ""[\""docetaxel\""]"", ""docetaxel"", ""null"", ""None"", ""[\""pemetrexed\"", \""carboplatin\""]"", ""pemetrexed"", ""[\""pemetrexed\""]"", ""[\""carboplatin\"", \""paclitaxel\"", \""nab-paclitaxel\""]"", ""nab-paclitaxel"", ""[\""carboplatin\"", \""pemetrexed\"", \""paclitaxel\""]"", ""[\""carboplatin\"", \""nab-paclitaxel\""]"", ""[\""cisplatin\"", \""carboplatin\"", \""gemcitabine\""]"", ""cisplatin"", ""gemcitabine""]","[""Placebo+Paclitaxel+Carboplatin"", ""Docetaxel"", ""Platinum-based chemotherapy"", ""Pemetrexed+Carboplatin"", ""Placebo+Pemetrexed+Platinum agent"", ""Placebo+Carboplatin+paclitaxel/nab-paclitaxel"", ""Chemotherapy"", ""Carboplatin+Pemetrexed+Paclitaxel"", ""Carboplatin+Nab-paclitaxel"", ""Investigator's choice chemotherapy"", ""Cisplatin/carboplatin+gemcitabine""]",/mnt/data1/srchowd3/FD-NL2SQL/methodv2/runs/question_table_copy_tapex_full/questions/row_172_In_Non_Small_Cell_Lung_trials_with_chemotherapy_control_list_the_specific_cytotoxic_drugs_from_the_control_regimen,/mnt/data1/srchowd3/FD-NL2SQL/methodv2/runs/question_table_copy_tapex_full/questions/row_172_In_Non_Small_Cell_Lung_trials_with_chemotherapy_control_list_the_specific_cytotoxic_drugs_from_the_control_regimen/table_copy.csv,/mnt/data1/srchowd3/FD-NL2SQL/methodv2/runs/question_table_copy_tapex_full/questions/row_172_In_Non_Small_Cell_Lung_trials_with_chemotherapy_control_list_the_specific_cytotoxic_drugs_from_the_control_regimen/tapex_table_view.csv,/mnt/data1/srchowd3/FD-NL2SQL/methodv2/runs/question_table_copy_tapex_full/questions/row_172_In_Non_Small_Cell_Lung_trials_with_chemotherapy_control_list_the_specific_cytotoxic_drugs_from_the_control_regimen/ground_truth_table.csv
row_173,173,"For Durvalumab trials, bucket trial phase into early (1/1b/2) vs late (3/4).",Trial phase,"[""phase_bucket""]",11,phase 3,-0.093314528465271,128,31,0.0,0.0,1.0,"[""{\""phase_bucket\"": \""early\""}"", ""{\""phase_bucket\"": \""late\""}"", ""{\""phase_bucket\"": \""late\""}"", ""{\""phase_bucket\"": \""late\""}"", ""{\""phase_bucket\"": \""late\""}"", ""{\""phase_bucket\"": \""late\""}"", ""{\""phase_bucket\"": \""late\""}"", ""{\""phase_bucket\"": \""late\""}"", ""{\""phase_bucket\"": \""late\""}"", ""{\""phase_bucket\"": \""late\""}"", ""{\""phase_bucket\"": \""early\""}""]","[""\""early\"""", ""early"", ""\""late\"""", ""late""]","[""Phase 2"", ""Phase 3""]",/mnt/data1/srchowd3/FD-NL2SQL/methodv2/runs/question_table_copy_tapex_full/questions/row_173_For_Durvalumab_trials_bucket_trial_phase_into_early_1_1b_2_vs_late_3_4,/mnt/data1/srchowd3/FD-NL2SQL/methodv2/runs/question_table_copy_tapex_full/questions/row_173_For_Durvalumab_trials_bucket_trial_phase_into_early_1_1b_2_vs_late_3_4/table_copy.csv,/mnt/data1/srchowd3/FD-NL2SQL/methodv2/runs/question_table_copy_tapex_full/questions/row_173_For_Durvalumab_trials_bucket_trial_phase_into_early_1_1b_2_vs_late_3_4/tapex_table_view.csv,/mnt/data1/srchowd3/FD-NL2SQL/methodv2/runs/question_table_copy_tapex_full/questions/row_173_For_Durvalumab_trials_bucket_trial_phase_into_early_1_1b_2_vs_late_3_4/ground_truth_table.csv
row_175,175,"In Pancreatic trials, interpret the PD-L1 requirement flag as boolean true/false.",Is PD-L1 positivity inclusion criteria,"[""pd_l1_required""]",2,false,-0.6169591546058655,0,64,0.0,1.0,0.0,"[""{\""pd_l1_required\"": false}"", ""{\""pd_l1_required\"": false}""]","[""false"", ""False""]","[""No""]",/mnt/data1/srchowd3/FD-NL2SQL/methodv2/runs/question_table_copy_tapex_full/questions/row_175_In_Pancreatic_trials_interpret_the_PD_L1_requirement_flag_as_boolean_true_false,/mnt/data1/srchowd3/FD-NL2SQL/methodv2/runs/question_table_copy_tapex_full/questions/row_175_In_Pancreatic_trials_interpret_the_PD_L1_requirement_flag_as_boolean_true_false/table_copy.csv,/mnt/data1/srchowd3/FD-NL2SQL/methodv2/runs/question_table_copy_tapex_full/questions/row_175_In_Pancreatic_trials_interpret_the_PD_L1_requirement_flag_as_boolean_true_false/tapex_table_view.csv,/mnt/data1/srchowd3/FD-NL2SQL/methodv2/runs/question_table_copy_tapex_full/questions/row_175_In_Pancreatic_trials_interpret_the_PD_L1_requirement_flag_as_boolean_true_false/ground_truth_table.csv
row_176,176,"In Urothelial trials, classify overall follow-up maturity: 'mature' if ≥24 months, else 'immature' (or 'unknown' if missing).",Follow-up duration for primary endpoint(s) in months | Overall,"[""maturity""]",7,immotion151,-0.47543835639953613,0,64,0.0,0.0,0.0,"[""{\""maturity\"": \""unknown\""}"", ""{\""maturity\"": \""unknown\""}"", ""{\""maturity\"": \""unknown\""}"", ""{\""maturity\"": \""mature\""}"", ""{\""maturity\"": \""mature\""}"", ""{\""maturity\"": \""immature\""}"", ""{\""maturity\"": \""immature\""}""]","[""\""unknown\"""", ""unknown"", ""\""mature\"""", ""mature"", ""\""immature\"""", ""immature""]","[""41.2"", ""19"", ""21.9""]",/mnt/data1/srchowd3/FD-NL2SQL/methodv2/runs/question_table_copy_tapex_full/questions/row_176_In_Urothelial_trials_classify_overall_follow_up_maturity_mature_if_24_months_else_immature_or_unknown_if_missing,/mnt/data1/srchowd3/FD-NL2SQL/methodv2/runs/question_table_copy_tapex_full/questions/row_176_In_Urothelial_trials_classify_overall_follow_up_maturity_mature_if_24_months_else_immature_or_unknown_if_missing/table_copy.csv,/mnt/data1/srchowd3/FD-NL2SQL/methodv2/runs/question_table_copy_tapex_full/questions/row_176_In_Urothelial_trials_classify_overall_follow_up_maturity_mature_if_24_months_else_immature_or_unknown_if_missing/tapex_table_view.csv,/mnt/data1/srchowd3/FD-NL2SQL/methodv2/runs/question_table_copy_tapex_full/questions/row_176_In_Urothelial_trials_classify_overall_follow_up_maturity_mature_if_24_months_else_immature_or_unknown_if_missing/ground_truth_table.csv
row_179,179,"In Gastric/GEJ trials, determine whether the listed endpoint is primary or secondary based on the endpoint text.",Secondary endpoint,"[""endpoint_role""]",8,speaker,-0.8205516338348389,0,64,0.0,0.0,0.0,"[""{\""endpoint_role\"": \""secondary\""}"", ""{\""endpoint_role\"": \""secondary\""}"", ""{\""endpoint_role\"": \""secondary\""}"", ""{\""endpoint_role\"": \""secondary\""}"", ""{\""endpoint_role\"": \""secondary\""}"", ""{\""endpoint_role\"": \""secondary\""}"", ""{\""endpoint_role\"": \""secondary\""}"", ""{\""endpoint_role\"": \""secondary\""}""]","[""\""secondary\"""", ""secondary""]","[""PFS by mWHO criteria, OS, immune-related best overall response rate (irBORR)"", ""PFS, ORR, disease control rate, DoR, time to response, best overall response, the maximum percentage change from baseline in the sum of diameters of target lesions."", ""PFS, ORR per independent review committee assessment, safety, tolerability"", ""ORR, DoR, in patients with PD-L1 CPS of 1 or higher and in the total population; PFS, OS in the total population; PFS in the population with CPS of 1 or higher and in the total population; and time to progression in the population with CPS of 1 or higher and in the total population; safety"", ""ORR, DoR, safety, tolerability, HRQOL"", ""PFS, best overall response, DOR, safety""]",/mnt/data1/srchowd3/FD-NL2SQL/methodv2/runs/question_table_copy_tapex_full/questions/row_179_In_Gastric_GEJ_trials_determine_whether_the_listed_endpoint_is_primary_or_secondary_based_on_the_endpoint_text,/mnt/data1/srchowd3/FD-NL2SQL/methodv2/runs/question_table_copy_tapex_full/questions/row_179_In_Gastric_GEJ_trials_determine_whether_the_listed_endpoint_is_primary_or_secondary_based_on_the_endpoint_text/table_copy.csv,/mnt/data1/srchowd3/FD-NL2SQL/methodv2/runs/question_table_copy_tapex_full/questions/row_179_In_Gastric_GEJ_trials_determine_whether_the_listed_endpoint_is_primary_or_secondary_based_on_the_endpoint_text/tapex_table_view.csv,/mnt/data1/srchowd3/FD-NL2SQL/methodv2/runs/question_table_copy_tapex_full/questions/row_179_In_Gastric_GEJ_trials_determine_whether_the_listed_endpoint_is_primary_or_secondary_based_on_the_endpoint_text/ground_truth_table.csv
row_180,180,"In Mesothelioma trials, convert 'Type of therapy' into is_combination = true/false.",Type of therapy,"[""is_combination""]",3,combination,-0.47821730375289917,128,31,0.0,0.0,1.0,"[""{\""is_combination\"": false}"", ""{\""is_combination\"": true}"", ""{\""is_combination\"": false}""]","[""false"", ""False"", ""true"", ""True""]","[""Monotherapy"", ""Combination""]",/mnt/data1/srchowd3/FD-NL2SQL/methodv2/runs/question_table_copy_tapex_full/questions/row_180_In_Mesothelioma_trials_convert_Type_of_therapy_into_is_combination_true_false,/mnt/data1/srchowd3/FD-NL2SQL/methodv2/runs/question_table_copy_tapex_full/questions/row_180_In_Mesothelioma_trials_convert_Type_of_therapy_into_is_combination_true_false/table_copy.csv,/mnt/data1/srchowd3/FD-NL2SQL/methodv2/runs/question_table_copy_tapex_full/questions/row_180_In_Mesothelioma_trials_convert_Type_of_therapy_into_is_combination_true_false/tapex_table_view.csv,/mnt/data1/srchowd3/FD-NL2SQL/methodv2/runs/question_table_copy_tapex_full/questions/row_180_In_Mesothelioma_trials_convert_Type_of_therapy_into_is_combination_true_false/ground_truth_table.csv
row_182,182,"In Hodgkin Lymphoma trials, classify the ICI by target class from its generic name as PD-1, PD-L1, or CTLA-4.",Name of ICI,"[""class""]",1,pd-1,-0.28240641951560974,128,31,0.0,0.0,0.0,"[""{\""class\"": null}""]","[""null"", ""None""]","[""Brentuximab-vedotin""]",/mnt/data1/srchowd3/FD-NL2SQL/methodv2/runs/question_table_copy_tapex_full/questions/row_182_In_Hodgkin_Lymphoma_trials_classify_the_ICI_by_target_class_from_its_generic_name_as_PD_1_PD_L1_or_CTLA_4,/mnt/data1/srchowd3/FD-NL2SQL/methodv2/runs/question_table_copy_tapex_full/questions/row_182_In_Hodgkin_Lymphoma_trials_classify_the_ICI_by_target_class_from_its_generic_name_as_PD_1_PD_L1_or_CTLA_4/table_copy.csv,/mnt/data1/srchowd3/FD-NL2SQL/methodv2/runs/question_table_copy_tapex_full/questions/row_182_In_Hodgkin_Lymphoma_trials_classify_the_ICI_by_target_class_from_its_generic_name_as_PD_1_PD_L1_or_CTLA_4/tapex_table_view.csv,/mnt/data1/srchowd3/FD-NL2SQL/methodv2/runs/question_table_copy_tapex_full/questions/row_182_In_Hodgkin_Lymphoma_trials_classify_the_ICI_by_target_class_from_its_generic_name_as_PD_1_PD_L1_or_CTLA_4/ground_truth_table.csv
row_185,185,"In Breast trials, categorize number of arms as 1-arm, 2-arm, or ≥3-arm.",Number of arms,"[""arm_category""]",11,2,-0.2807946801185608,128,31,0.0,0.0,1.0,"[""{\""arm_category\"": \""2-arm\""}"", ""{\""arm_category\"": \""2-arm\""}"", ""{\""arm_category\"": \""2-arm\""}"", ""{\""arm_category\"": \""2-arm\""}"", ""{\""arm_category\"": \""2-arm\""}"", ""{\""arm_category\"": \""2-arm\""}"", ""{\""arm_category\"": \""2-arm\""}"", ""{\""arm_category\"": \""2-arm\""}"", ""{\""arm_category\"": \""2-arm\""}"", ""{\""arm_category\"": \""2-arm\""}"", ""{\""arm_category\"": \""2-arm\""}""]","[""\""2-arm\"""", ""2-arm""]","[""2""]",/mnt/data1/srchowd3/FD-NL2SQL/methodv2/runs/question_table_copy_tapex_full/questions/row_185_In_Breast_trials_categorize_number_of_arms_as_1_arm_2_arm_or_3_arm,/mnt/data1/srchowd3/FD-NL2SQL/methodv2/runs/question_table_copy_tapex_full/questions/row_185_In_Breast_trials_categorize_number_of_arms_as_1_arm_2_arm_or_3_arm/table_copy.csv,/mnt/data1/srchowd3/FD-NL2SQL/methodv2/runs/question_table_copy_tapex_full/questions/row_185_In_Breast_trials_categorize_number_of_arms_as_1_arm_2_arm_or_3_arm/tapex_table_view.csv,/mnt/data1/srchowd3/FD-NL2SQL/methodv2/runs/question_table_copy_tapex_full/questions/row_185_In_Breast_trials_categorize_number_of_arms_as_1_arm_2_arm_or_3_arm/ground_truth_table.csv
row_186,186,"In Hepatocellular trials, from the secondary endpoint text flag if immune-related adverse events (irAEs) were explicitly assessed.",Secondary endpoint,"[""irAE_assessed""]",2,nct02523313,-0.20553602278232574,64,64,0.0,0.0,0.0,"[""{\""irAE_assessed\"": false}"", ""{\""irAE_assessed\"": false}""]","[""false"", ""False""]","[""ORR; DCR; DoR; time to progression; safety and tolerability."", ""ORR, DOR, safety, tolerability""]",/mnt/data1/srchowd3/FD-NL2SQL/methodv2/runs/question_table_copy_tapex_full/questions/row_186_In_Hepatocellular_trials_from_the_secondary_endpoint_text_flag_if_immune_related_adverse_events_irAEs_were_explicitly_assessed,/mnt/data1/srchowd3/FD-NL2SQL/methodv2/runs/question_table_copy_tapex_full/questions/row_186_In_Hepatocellular_trials_from_the_secondary_endpoint_text_flag_if_immune_related_adverse_events_irAEs_were_explicitly_assessed/table_copy.csv,/mnt/data1/srchowd3/FD-NL2SQL/methodv2/runs/question_table_copy_tapex_full/questions/row_186_In_Hepatocellular_trials_from_the_secondary_endpoint_text_flag_if_immune_related_adverse_events_irAEs_were_explicitly_assessed/tapex_table_view.csv,/mnt/data1/srchowd3/FD-NL2SQL/methodv2/runs/question_table_copy_tapex_full/questions/row_186_In_Hepatocellular_trials_from_the_secondary_endpoint_text_flag_if_immune_related_adverse_events_irAEs_were_explicitly_assessed/ground_truth_table.csv
row_187,187,"In Colorectal combination therapy trials, normalize the combination type to standardized labels (e.g., ICI+Chemo, ICI+TKI, ICI+ICI).",Type of combination,"[""combo_type_norm""]",2,ici+chemo,-0.25543612241744995,64,13,0.0,0.0,0.0,"[""{\""combo_type_norm\"": \""ICI+MEKi\""}"", ""{\""combo_type_norm\"": \""ICI+ICI+Chemo\""}""]","[""\""ICI+MEKi\"""", ""ICI+MEKi"", ""\""ICI+ICI+Chemo\"""", ""ICI+ICI+Chemo""]","[""ICI+MEKi"", ""ICI+ICI+Chemo""]",/mnt/data1/srchowd3/FD-NL2SQL/methodv2/runs/question_table_copy_tapex_full/questions/row_187_In_Colorectal_combination_therapy_trials_normalize_the_combination_type_to_standardized_labels_e_g_ICI_Chemo_ICI_TKI_ICI_ICI,/mnt/data1/srchowd3/FD-NL2SQL/methodv2/runs/question_table_copy_tapex_full/questions/row_187_In_Colorectal_combination_therapy_trials_normalize_the_combination_type_to_standardized_labels_e_g_ICI_Chemo_ICI_TKI_ICI_ICI/table_copy.csv,/mnt/data1/srchowd3/FD-NL2SQL/methodv2/runs/question_table_copy_tapex_full/questions/row_187_In_Colorectal_combination_therapy_trials_normalize_the_combination_type_to_standardized_labels_e_g_ICI_Chemo_ICI_TKI_ICI_ICI/tapex_table_view.csv,/mnt/data1/srchowd3/FD-NL2SQL/methodv2/runs/question_table_copy_tapex_full/questions/row_187_In_Colorectal_combination_therapy_trials_normalize_the_combination_type_to_standardized_labels_e_g_ICI_Chemo_ICI_TKI_ICI_ICI/ground_truth_table.csv
row_189,189,"In Multiple Myeloma trials, categorize number of arms as 1-arm, 2-arm, or ≥3-arm.",Number of arms,"[""arm_category""]",2,2,-0.11456349492073059,128,31,0.0,0.0,1.0,"[""{\""arm_category\"": \""2-arm\""}"", ""{\""arm_category\"": \""2-arm\""}""]","[""\""2-arm\"""", ""2-arm""]","[""2""]",/mnt/data1/srchowd3/FD-NL2SQL/methodv2/runs/question_table_copy_tapex_full/questions/row_189_In_Multiple_Myeloma_trials_categorize_number_of_arms_as_1_arm_2_arm_or_3_arm,/mnt/data1/srchowd3/FD-NL2SQL/methodv2/runs/question_table_copy_tapex_full/questions/row_189_In_Multiple_Myeloma_trials_categorize_number_of_arms_as_1_arm_2_arm_or_3_arm/table_copy.csv,/mnt/data1/srchowd3/FD-NL2SQL/methodv2/runs/question_table_copy_tapex_full/questions/row_189_In_Multiple_Myeloma_trials_categorize_number_of_arms_as_1_arm_2_arm_or_3_arm/tapex_table_view.csv,/mnt/data1/srchowd3/FD-NL2SQL/methodv2/runs/question_table_copy_tapex_full/questions/row_189_In_Multiple_Myeloma_trials_categorize_number_of_arms_as_1_arm_2_arm_or_3_arm/ground_truth_table.csv
row_191,191,"For Brentuximab-vedotin trials, bucket the publication year into: ≤2014, 2015–2018, ≥2019.",Year,"[""era""]",1,2021,-0.06328774988651276,128,31,0.0,0.0,1.0,"[""{\""era\"": \""≥2019\""}""]","[""\""≥2019\"""", ""≥2019""]","[""2021""]",/mnt/data1/srchowd3/FD-NL2SQL/methodv2/runs/question_table_copy_tapex_full/questions/row_191_For_Brentuximab_vedotin_trials_bucket_the_publication_year_into_2014_2015_2018_2019,/mnt/data1/srchowd3/FD-NL2SQL/methodv2/runs/question_table_copy_tapex_full/questions/row_191_For_Brentuximab_vedotin_trials_bucket_the_publication_year_into_2014_2015_2018_2019/table_copy.csv,/mnt/data1/srchowd3/FD-NL2SQL/methodv2/runs/question_table_copy_tapex_full/questions/row_191_For_Brentuximab_vedotin_trials_bucket_the_publication_year_into_2014_2015_2018_2019/tapex_table_view.csv,/mnt/data1/srchowd3/FD-NL2SQL/methodv2/runs/question_table_copy_tapex_full/questions/row_191_For_Brentuximab_vedotin_trials_bucket_the_publication_year_into_2014_2015_2018_2019/ground_truth_table.csv
row_193,193,"In Hepatocellular trials, normalize the clinical setting to one of: neoadjuvant, adjuvant, perioperative, metastatic/advanced.",Clinical setting,"[""setting_normalized""]",2,adjuvant,-0.2615317702293396,128,29,0.0,0.0,0.0,"[""{\""setting_normalized\"": \""metastatic/advanced\""}"", ""{\""setting_normalized\"": \""metastatic/advanced\""}""]","[""\""metastatic/advanced\"""", ""metastatic/advanced""]","[""Metastatic+recurrent (unresectable)""]",/mnt/data1/srchowd3/FD-NL2SQL/methodv2/runs/question_table_copy_tapex_full/questions/row_193_In_Hepatocellular_trials_normalize_the_clinical_setting_to_one_of_neoadjuvant_adjuvant_perioperative_metastatic_advanced,/mnt/data1/srchowd3/FD-NL2SQL/methodv2/runs/question_table_copy_tapex_full/questions/row_193_In_Hepatocellular_trials_normalize_the_clinical_setting_to_one_of_neoadjuvant_adjuvant_perioperative_metastatic_advanced/table_copy.csv,/mnt/data1/srchowd3/FD-NL2SQL/methodv2/runs/question_table_copy_tapex_full/questions/row_193_In_Hepatocellular_trials_normalize_the_clinical_setting_to_one_of_neoadjuvant_adjuvant_perioperative_metastatic_advanced/tapex_table_view.csv,/mnt/data1/srchowd3/FD-NL2SQL/methodv2/runs/question_table_copy_tapex_full/questions/row_193_In_Hepatocellular_trials_normalize_the_clinical_setting_to_one_of_neoadjuvant_adjuvant_perioperative_metastatic_advanced/ground_truth_table.csv
row_195,195,"For Atezolizumab trials in Breast, extract the trial acronym from the trial name (e.g., KEYNOTE-xxx, CHECKMATE-xxx).",Trial name,"[""trial_acronym""]",3,checkmate 025,-0.532289981842041,64,64,0.0,0.0,0.0,"[""{\""trial_acronym\"": \""IMpassion130\""}"", ""{\""trial_acronym\"": \""IMpassion130\""}"", ""{\""trial_acronym\"": \""IMpassion031\""}""]","[""\""IMpassion130\"""", ""IMpassion130"", ""\""IMpassion031\"""", ""IMpassion031""]","[""IMpassion130"", ""IMpassion031""]",/mnt/data1/srchowd3/FD-NL2SQL/methodv2/runs/question_table_copy_tapex_full/questions/row_195_For_Atezolizumab_trials_in_Breast_extract_the_trial_acronym_from_the_trial_name_e_g_KEYNOTE_xxx_CHECKMATE_xxx,/mnt/data1/srchowd3/FD-NL2SQL/methodv2/runs/question_table_copy_tapex_full/questions/row_195_For_Atezolizumab_trials_in_Breast_extract_the_trial_acronym_from_the_trial_name_e_g_KEYNOTE_xxx_CHECKMATE_xxx/table_copy.csv,/mnt/data1/srchowd3/FD-NL2SQL/methodv2/runs/question_table_copy_tapex_full/questions/row_195_For_Atezolizumab_trials_in_Breast_extract_the_trial_acronym_from_the_trial_name_e_g_KEYNOTE_xxx_CHECKMATE_xxx/tapex_table_view.csv,/mnt/data1/srchowd3/FD-NL2SQL/methodv2/runs/question_table_copy_tapex_full/questions/row_195_For_Atezolizumab_trials_in_Breast_extract_the_trial_acronym_from_the_trial_name_e_g_KEYNOTE_xxx_CHECKMATE_xxx/ground_truth_table.csv
row_196,196,"For Chemotherapy combination therapy trials, list additional agents in the treatment regimen beyond the ICI.",Treatment regimen,"[""added_agents""]",0,"nct02256436, nct02256436, nct02425891, nct02685059, nct",-0.21126331388950348,0,64,0.0,0.0,0.0,[],[],[],/mnt/data1/srchowd3/FD-NL2SQL/methodv2/runs/question_table_copy_tapex_full/questions/row_196_For_Chemotherapy_combination_therapy_trials_list_additional_agents_in_the_treatment_regimen_beyond_the_ICI,/mnt/data1/srchowd3/FD-NL2SQL/methodv2/runs/question_table_copy_tapex_full/questions/row_196_For_Chemotherapy_combination_therapy_trials_list_additional_agents_in_the_treatment_regimen_beyond_the_ICI/table_copy.csv,/mnt/data1/srchowd3/FD-NL2SQL/methodv2/runs/question_table_copy_tapex_full/questions/row_196_For_Chemotherapy_combination_therapy_trials_list_additional_agents_in_the_treatment_regimen_beyond_the_ICI/tapex_table_view.csv,/mnt/data1/srchowd3/FD-NL2SQL/methodv2/runs/question_table_copy_tapex_full/questions/row_196_For_Chemotherapy_combination_therapy_trials_list_additional_agents_in_the_treatment_regimen_beyond_the_ICI/ground_truth_table.csv
row_197,197,"For Durvalumab combination therapy trials, list additional agents in the treatment regimen beyond the ICI.",Treatment regimen,"[""added_agents""]",4,"nct03043872, nct00299999",-0.3745841681957245,128,31,0.0,0.0,0.0,"[""{\""added_agents\"": [\""nab-paclitaxel\"", \""epirubicin\"", \""cyclophosphamide\""]}"", ""{\""added_agents\"": [\""osimertinib\""]}"", ""{\""added_agents\"": [\""etoposide\"", \""platinum agent\""]}"", ""{\""added_agents\"": [\""etoposide\"", \""platinum agent\""]}""]","[""[\""nab-paclitaxel\"", \""epirubicin\"", \""cyclophosphamide\""]"", ""nab-paclitaxel"", ""epirubicin"", ""cyclophosphamide"", ""[\""osimertinib\""]"", ""osimertinib"", ""[\""etoposide\"", \""platinum agent\""]"", ""etoposide"", ""platinum agent""]","[""Durvalumab+Nab-paclitaxel+epirubicin+cyclophosphamide"", ""Durvalumab+Osimertinib"", ""Durvalumab+Etoposide+Platinum agent""]",/mnt/data1/srchowd3/FD-NL2SQL/methodv2/runs/question_table_copy_tapex_full/questions/row_197_For_Durvalumab_combination_therapy_trials_list_additional_agents_in_the_treatment_regimen_beyond_the_ICI,/mnt/data1/srchowd3/FD-NL2SQL/methodv2/runs/question_table_copy_tapex_full/questions/row_197_For_Durvalumab_combination_therapy_trials_list_additional_agents_in_the_treatment_regimen_beyond_the_ICI/table_copy.csv,/mnt/data1/srchowd3/FD-NL2SQL/methodv2/runs/question_table_copy_tapex_full/questions/row_197_For_Durvalumab_combination_therapy_trials_list_additional_agents_in_the_treatment_regimen_beyond_the_ICI/tapex_table_view.csv,/mnt/data1/srchowd3/FD-NL2SQL/methodv2/runs/question_table_copy_tapex_full/questions/row_197_For_Durvalumab_combination_therapy_trials_list_additional_agents_in_the_treatment_regimen_beyond_the_ICI/ground_truth_table.csv
row_198,198,"In NSCLC trials, interpret the PD-L1 requirement flag as boolean true/false.",Is PD-L1 positivity inclusion criteria,"[""pd_l1_required""]",1,false,-0.4466082453727722,0,64,0.0,1.0,0.0,"[""{\""pd_l1_required\"": false}""]","[""false"", ""False""]","[""No""]",/mnt/data1/srchowd3/FD-NL2SQL/methodv2/runs/question_table_copy_tapex_full/questions/row_198_In_NSCLC_trials_interpret_the_PD_L1_requirement_flag_as_boolean_true_false,/mnt/data1/srchowd3/FD-NL2SQL/methodv2/runs/question_table_copy_tapex_full/questions/row_198_In_NSCLC_trials_interpret_the_PD_L1_requirement_flag_as_boolean_true_false/table_copy.csv,/mnt/data1/srchowd3/FD-NL2SQL/methodv2/runs/question_table_copy_tapex_full/questions/row_198_In_NSCLC_trials_interpret_the_PD_L1_requirement_flag_as_boolean_true_false/tapex_table_view.csv,/mnt/data1/srchowd3/FD-NL2SQL/methodv2/runs/question_table_copy_tapex_full/questions/row_198_In_NSCLC_trials_interpret_the_PD_L1_requirement_flag_as_boolean_true_false/ground_truth_table.csv
row_200,200,"In Multiple Myeloma trials with chemotherapy control, list the specific cytotoxic drugs from the control regimen.",Control regimen,"[""control_drugs""]",2,"nct03215706, nct02299999, nct02555657, nct03088540, nct02952586",-0.16495351493358612,128,31,0.0,0.0,0.0,"[""{\""control_drugs\"": [\""pomalidomide\"", \""dexamethasone\""]}"", ""{\""control_drugs\"": [\""lenalidomide\"", \""dexamethasone\""]}""]","[""[\""pomalidomide\"", \""dexamethasone\""]"", ""pomalidomide"", ""dexamethasone"", ""[\""lenalidomide\"", \""dexamethasone\""]"", ""lenalidomide""]","[""Pomalidomide+Dexamethasone"", ""Lenalidomide+Dexamethasone""]",/mnt/data1/srchowd3/FD-NL2SQL/methodv2/runs/question_table_copy_tapex_full/questions/row_200_In_Multiple_Myeloma_trials_with_chemotherapy_control_list_the_specific_cytotoxic_drugs_from_the_control_regimen,/mnt/data1/srchowd3/FD-NL2SQL/methodv2/runs/question_table_copy_tapex_full/questions/row_200_In_Multiple_Myeloma_trials_with_chemotherapy_control_list_the_specific_cytotoxic_drugs_from_the_control_regimen/table_copy.csv,/mnt/data1/srchowd3/FD-NL2SQL/methodv2/runs/question_table_copy_tapex_full/questions/row_200_In_Multiple_Myeloma_trials_with_chemotherapy_control_list_the_specific_cytotoxic_drugs_from_the_control_regimen/tapex_table_view.csv,/mnt/data1/srchowd3/FD-NL2SQL/methodv2/runs/question_table_copy_tapex_full/questions/row_200_In_Multiple_Myeloma_trials_with_chemotherapy_control_list_the_specific_cytotoxic_drugs_from_the_control_regimen/ground_truth_table.csv
row_201,201,"In Renal cell Phase 3 trials, standardize the primary endpoint into one of OS, PFS, ORR, DFS, DOR, AE-rate, or Other.",Primary endpoint,"[""primary_endpoint_category""]",12,dor,-0.24783113598823547,64,64,0.0,0.0,0.0,"[""{\""primary_endpoint_category\"": \""OS\""}"", ""{\""primary_endpoint_category\"": \""PFS\""}"", ""{\""primary_endpoint_category\"": \""PFS\""}"", ""{\""primary_endpoint_category\"": \""PFS\""}"", ""{\""primary_endpoint_category\"": \""PFS\""}"", ""{\""primary_endpoint_category\"": \""PFS\""}"", ""{\""primary_endpoint_category\"": \""PFS\""}"", ""{\""primary_endpoint_category\"": \""OS\""}"", ""{\""primary_endpoint_category\"": \""PFS\""}"", ""{\""primary_endpoint_category\"": \""PFS\""}"", ""{\""primary_endpoint_category\"": \""PFS\""}"", ""{\""primary_endpoint_category\"": \""PFS\""}""]","[""\""OS\"""", ""OS"", ""\""PFS\"""", ""PFS""]","[""OS"", ""OS+PFS+ORR"", ""OS+PFS"", ""PFS""]",/mnt/data1/srchowd3/FD-NL2SQL/methodv2/runs/question_table_copy_tapex_full/questions/row_201_In_Renal_cell_Phase_3_trials_standardize_the_primary_endpoint_into_one_of_OS_PFS_ORR_DFS_DOR_AE_rate_or_Other,/mnt/data1/srchowd3/FD-NL2SQL/methodv2/runs/question_table_copy_tapex_full/questions/row_201_In_Renal_cell_Phase_3_trials_standardize_the_primary_endpoint_into_one_of_OS_PFS_ORR_DFS_DOR_AE_rate_or_Other/table_copy.csv,/mnt/data1/srchowd3/FD-NL2SQL/methodv2/runs/question_table_copy_tapex_full/questions/row_201_In_Renal_cell_Phase_3_trials_standardize_the_primary_endpoint_into_one_of_OS_PFS_ORR_DFS_DOR_AE_rate_or_Other/tapex_table_view.csv,/mnt/data1/srchowd3/FD-NL2SQL/methodv2/runs/question_table_copy_tapex_full/questions/row_201_In_Renal_cell_Phase_3_trials_standardize_the_primary_endpoint_into_one_of_OS_PFS_ORR_DFS_DOR_AE_rate_or_Other/ground_truth_table.csv
row_203,203,"In Prostate trials, normalize the clinical setting to one of: neoadjuvant, adjuvant, perioperative, metastatic/advanced.",Clinical setting,"[""setting_normalized""]",3,adjuvant,-0.3382849395275116,64,64,0.0,0.0,0.0,"[""{\""setting_normalized\"": \""metastatic/advanced\""}"", ""{\""setting_normalized\"": \""metastatic/advanced\""}"", ""{\""setting_normalized\"": \""metastatic/advanced\""}""]","[""\""metastatic/advanced\"""", ""metastatic/advanced""]","[""Metastatic+recurrent (unresectable)""]",/mnt/data1/srchowd3/FD-NL2SQL/methodv2/runs/question_table_copy_tapex_full/questions/row_203_In_Prostate_trials_normalize_the_clinical_setting_to_one_of_neoadjuvant_adjuvant_perioperative_metastatic_advanced,/mnt/data1/srchowd3/FD-NL2SQL/methodv2/runs/question_table_copy_tapex_full/questions/row_203_In_Prostate_trials_normalize_the_clinical_setting_to_one_of_neoadjuvant_adjuvant_perioperative_metastatic_advanced/table_copy.csv,/mnt/data1/srchowd3/FD-NL2SQL/methodv2/runs/question_table_copy_tapex_full/questions/row_203_In_Prostate_trials_normalize_the_clinical_setting_to_one_of_neoadjuvant_adjuvant_perioperative_metastatic_advanced/tapex_table_view.csv,/mnt/data1/srchowd3/FD-NL2SQL/methodv2/runs/question_table_copy_tapex_full/questions/row_203_In_Prostate_trials_normalize_the_clinical_setting_to_one_of_neoadjuvant_adjuvant_perioperative_metastatic_advanced/ground_truth_table.csv
row_204,204,"In Prostate trials, convert 'Original/Follow up' status into a boolean is_follow_up.",Originial publication or Follow-up,"[""is_follow_up""]",3,follow-up,-0.12017542123794556,64,64,0.0,0.0,1.0,"[""{\""is_follow_up\"": false}"", ""{\""is_follow_up\"": false}"", ""{\""is_follow_up\"": true}""]","[""false"", ""False"", ""true"", ""True""]","[""Original publication"", ""Follow-up""]",/mnt/data1/srchowd3/FD-NL2SQL/methodv2/runs/question_table_copy_tapex_full/questions/row_204_In_Prostate_trials_convert_Original_Follow_up_status_into_a_boolean_is_follow_up,/mnt/data1/srchowd3/FD-NL2SQL/methodv2/runs/question_table_copy_tapex_full/questions/row_204_In_Prostate_trials_convert_Original_Follow_up_status_into_a_boolean_is_follow_up/table_copy.csv,/mnt/data1/srchowd3/FD-NL2SQL/methodv2/runs/question_table_copy_tapex_full/questions/row_204_In_Prostate_trials_convert_Original_Follow_up_status_into_a_boolean_is_follow_up/tapex_table_view.csv,/mnt/data1/srchowd3/FD-NL2SQL/methodv2/runs/question_table_copy_tapex_full/questions/row_204_In_Prostate_trials_convert_Original_Follow_up_status_into_a_boolean_is_follow_up/ground_truth_table.csv
row_205,205,"In Urothelial trials, convert 'Type of therapy' into is_combination = true/false.",Type of therapy,"[""is_combination""]",7,combination,-0.43697795271873474,128,31,0.0,0.0,1.0,"[""{\""is_combination\"": false}"", ""{\""is_combination\"": true}"", ""{\""is_combination\"": false}"", ""{\""is_combination\"": false}"", ""{\""is_combination\"": true}"", ""{\""is_combination\"": false}"", ""{\""is_combination\"": false}""]","[""false"", ""False"", ""true"", ""True""]","[""Monotherapy"", ""Combination""]",/mnt/data1/srchowd3/FD-NL2SQL/methodv2/runs/question_table_copy_tapex_full/questions/row_205_In_Urothelial_trials_convert_Type_of_therapy_into_is_combination_true_false,/mnt/data1/srchowd3/FD-NL2SQL/methodv2/runs/question_table_copy_tapex_full/questions/row_205_In_Urothelial_trials_convert_Type_of_therapy_into_is_combination_true_false/table_copy.csv,/mnt/data1/srchowd3/FD-NL2SQL/methodv2/runs/question_table_copy_tapex_full/questions/row_205_In_Urothelial_trials_convert_Type_of_therapy_into_is_combination_true_false/tapex_table_view.csv,/mnt/data1/srchowd3/FD-NL2SQL/methodv2/runs/question_table_copy_tapex_full/questions/row_205_In_Urothelial_trials_convert_Type_of_therapy_into_is_combination_true_false/ground_truth_table.csv
row_206,206,"For Durvalumab, Tremelimumab trials in Hepatocellular, extract the trial acronym from the trial name (e.g., KEYNOTE-xxx, CHECKMATE-xxx).",Trial name,"[""trial_acronym""]",0,checkmate 025,-0.42148256301879883,64,64,0.0,0.0,0.0,[],[],[],/mnt/data1/srchowd3/FD-NL2SQL/methodv2/runs/question_table_copy_tapex_full/questions/row_206_For_Durvalumab_Tremelimumab_trials_in_Hepatocellular_extract_the_trial_acronym_from_the_trial_name_e_g_KEYNOTE_xxx_CHECKMATE_xxx,/mnt/data1/srchowd3/FD-NL2SQL/methodv2/runs/question_table_copy_tapex_full/questions/row_206_For_Durvalumab_Tremelimumab_trials_in_Hepatocellular_extract_the_trial_acronym_from_the_trial_name_e_g_KEYNOTE_xxx_CHECKMATE_xxx/table_copy.csv,/mnt/data1/srchowd3/FD-NL2SQL/methodv2/runs/question_table_copy_tapex_full/questions/row_206_For_Durvalumab_Tremelimumab_trials_in_Hepatocellular_extract_the_trial_acronym_from_the_trial_name_e_g_KEYNOTE_xxx_CHECKMATE_xxx/tapex_table_view.csv,/mnt/data1/srchowd3/FD-NL2SQL/methodv2/runs/question_table_copy_tapex_full/questions/row_206_For_Durvalumab_Tremelimumab_trials_in_Hepatocellular_extract_the_trial_acronym_from_the_trial_name_e_g_KEYNOTE_xxx_CHECKMATE_xxx/ground_truth_table.csv
row_207,207,"In Melanoma trials with chemotherapy control, list the specific cytotoxic drugs from the control regimen.",Control regimen,"[""control_drugs""]",11,"nct03215706, nct02299999, nct02555657, nct03088540, nct02952586",-0.13742633163928986,128,31,0.0,0.0,0.0,"[""{\""control_drugs\"": [\""dacarbazine\""]}"", ""{\""control_drugs\"": [\""temozolomide\"", \""dacarbazine\""]}"", ""{\""control_drugs\"": null}"", ""{\""control_drugs\"": null}"", ""{\""control_drugs\"": null}"", ""{\""control_drugs\"": null}"", ""{\""control_drugs\"": [\""dacarbazine\"", \""carboplatin\"", \""paclitaxel\""]}"", ""{\""control_drugs\"": [\""dacarbazine\"", \""carboplatin\"", \""paclitaxel\""]}"", ""{\""control_drugs\"": [\""dacarbazine\""]}"", ""{\""control_drugs\"": [\""dacarbazine\""]}"", ""{\""control_drugs\"": [\""dacarbazine\""]}""]","[""[\""dacarbazine\""]"", ""dacarbazine"", ""[\""temozolomide\"", \""dacarbazine\""]"", ""temozolomide"", ""null"", ""None"", ""[\""dacarbazine\"", \""carboplatin\"", \""paclitaxel\""]"", ""carboplatin"", ""paclitaxel""]","[""Dacarbazine"", ""Temozolomide/dacarbazine"", ""Investigator's choice chemotherapy"", ""Dacarbazine/carboplatin+paclitaxel""]",/mnt/data1/srchowd3/FD-NL2SQL/methodv2/runs/question_table_copy_tapex_full/questions/row_207_In_Melanoma_trials_with_chemotherapy_control_list_the_specific_cytotoxic_drugs_from_the_control_regimen,/mnt/data1/srchowd3/FD-NL2SQL/methodv2/runs/question_table_copy_tapex_full/questions/row_207_In_Melanoma_trials_with_chemotherapy_control_list_the_specific_cytotoxic_drugs_from_the_control_regimen/table_copy.csv,/mnt/data1/srchowd3/FD-NL2SQL/methodv2/runs/question_table_copy_tapex_full/questions/row_207_In_Melanoma_trials_with_chemotherapy_control_list_the_specific_cytotoxic_drugs_from_the_control_regimen/tapex_table_view.csv,/mnt/data1/srchowd3/FD-NL2SQL/methodv2/runs/question_table_copy_tapex_full/questions/row_207_In_Melanoma_trials_with_chemotherapy_control_list_the_specific_cytotoxic_drugs_from_the_control_regimen/ground_truth_table.csv
row_209,209,"In Prostate trials, from the secondary endpoint text flag if immune-related adverse events (irAEs) were explicitly assessed.",Secondary endpoint,"[""irAE_assessed""]",3,speaker-185,-0.5186700224876404,64,64,0.0,0.0,0.0,"[""{\""irAE_assessed\"": false}"", ""{\""irAE_assessed\"": false}"", ""{\""irAE_assessed\"": false}""]","[""false"", ""False""]","[""PFS; pain response; safety profile."", ""PFS; time to subsequent systemic, cytotoxic therapy and to pain progression in all patients; safety profile in treated patients.""]",/mnt/data1/srchowd3/FD-NL2SQL/methodv2/runs/question_table_copy_tapex_full/questions/row_209_In_Prostate_trials_from_the_secondary_endpoint_text_flag_if_immune_related_adverse_events_irAEs_were_explicitly_assessed,/mnt/data1/srchowd3/FD-NL2SQL/methodv2/runs/question_table_copy_tapex_full/questions/row_209_In_Prostate_trials_from_the_secondary_endpoint_text_flag_if_immune_related_adverse_events_irAEs_were_explicitly_assessed/table_copy.csv,/mnt/data1/srchowd3/FD-NL2SQL/methodv2/runs/question_table_copy_tapex_full/questions/row_209_In_Prostate_trials_from_the_secondary_endpoint_text_flag_if_immune_related_adverse_events_irAEs_were_explicitly_assessed/tapex_table_view.csv,/mnt/data1/srchowd3/FD-NL2SQL/methodv2/runs/question_table_copy_tapex_full/questions/row_209_In_Prostate_trials_from_the_secondary_endpoint_text_flag_if_immune_related_adverse_events_irAEs_were_explicitly_assessed/ground_truth_table.csv
row_210,210,"In Gastric/GEJ trials, normalize the clinical setting to one of: neoadjuvant, adjuvant, perioperative, metastatic/advanced.",Clinical setting,"[""setting_normalized""]",8,adjuvant,-0.41686201095581055,64,64,0.0,0.0,0.0,"[""{\""setting_normalized\"": \""metastatic/advanced\""}"", ""{\""setting_normalized\"": \""metastatic/advanced\""}"", ""{\""setting_normalized\"": \""metastatic/advanced\""}"", ""{\""setting_normalized\"": \""metastatic/advanced\""}"", ""{\""setting_normalized\"": \""metastatic/advanced\""}"", ""{\""setting_normalized\"": \""metastatic/advanced\""}"", ""{\""setting_normalized\"": \""metastatic/advanced\""}"", ""{\""setting_normalized\"": \""metastatic/advanced\""}""]","[""\""metastatic/advanced\"""", ""metastatic/advanced""]","[""Metastatic+recurrent (unresectable)""]",/mnt/data1/srchowd3/FD-NL2SQL/methodv2/runs/question_table_copy_tapex_full/questions/row_210_In_Gastric_GEJ_trials_normalize_the_clinical_setting_to_one_of_neoadjuvant_adjuvant_perioperative_metastatic_advanced,/mnt/data1/srchowd3/FD-NL2SQL/methodv2/runs/question_table_copy_tapex_full/questions/row_210_In_Gastric_GEJ_trials_normalize_the_clinical_setting_to_one_of_neoadjuvant_adjuvant_perioperative_metastatic_advanced/table_copy.csv,/mnt/data1/srchowd3/FD-NL2SQL/methodv2/runs/question_table_copy_tapex_full/questions/row_210_In_Gastric_GEJ_trials_normalize_the_clinical_setting_to_one_of_neoadjuvant_adjuvant_perioperative_metastatic_advanced/tapex_table_view.csv,/mnt/data1/srchowd3/FD-NL2SQL/methodv2/runs/question_table_copy_tapex_full/questions/row_210_In_Gastric_GEJ_trials_normalize_the_clinical_setting_to_one_of_neoadjuvant_adjuvant_perioperative_metastatic_advanced/ground_truth_table.csv
row_211,211,"In Urothelial studies using ICI+TKI, list the TKI agent(s) mentioned in the treatment regimen.",Treatment regimen,"[""tki_agents""]",0,nct02256436,-0.45355382561683655,0,64,0.0,0.0,0.0,[],[],[],/mnt/data1/srchowd3/FD-NL2SQL/methodv2/runs/question_table_copy_tapex_full/questions/row_211_In_Urothelial_studies_using_ICI_TKI_list_the_TKI_agent_s_mentioned_in_the_treatment_regimen,/mnt/data1/srchowd3/FD-NL2SQL/methodv2/runs/question_table_copy_tapex_full/questions/row_211_In_Urothelial_studies_using_ICI_TKI_list_the_TKI_agent_s_mentioned_in_the_treatment_regimen/table_copy.csv,/mnt/data1/srchowd3/FD-NL2SQL/methodv2/runs/question_table_copy_tapex_full/questions/row_211_In_Urothelial_studies_using_ICI_TKI_list_the_TKI_agent_s_mentioned_in_the_treatment_regimen/tapex_table_view.csv,/mnt/data1/srchowd3/FD-NL2SQL/methodv2/runs/question_table_copy_tapex_full/questions/row_211_In_Urothelial_studies_using_ICI_TKI_list_the_TKI_agent_s_mentioned_in_the_treatment_regimen/ground_truth_table.csv
row_213,213,"In Renal cell trials, classify the ICI by target class from its generic name as PD-1, PD-L1, or CTLA-4.",Name of ICI,"[""class""]",14,pd-1,-0.4732699394226074,128,31,0.0,0.0,0.0,"[""{\""class\"": \""PD1\""}"", ""{\""class\"": \""PD-L1\""}"", ""{\""class\"": \""PD-L1\""}"", ""{\""class\"": \""PD1, CTLA-4\""}"", ""{\""class\"": \""PD1, CTLA-4\""}"", ""{\""class\"": \""PD-L1\""}"", ""{\""class\"": \""PD1\""}"", ""{\""class\"": \""PD-L1\""}"", ""{\""class\"": \""PD1, CTLA-4\""}"", ""{\""class\"": \""PD1\""}"", ""{\""class\"": \""PD-L1\""}"", ""{\""class\"": \""PD1\""}"", ""{\""class\"": \""PD1\""}"", ""{\""class\"": \""PD1\""}""]","[""\""PD1\"""", ""PD1"", ""\""PD-L1\"""", ""PD-L1"", ""\""PD1, CTLA-4\"""", ""PD1, CTLA-4""]","[""Nivolumab"", ""Atezolizumab"", ""Nivolumab, Ipilimumab"", ""Avelumab"", ""Pembrolizumab""]",/mnt/data1/srchowd3/FD-NL2SQL/methodv2/runs/question_table_copy_tapex_full/questions/row_213_In_Renal_cell_trials_classify_the_ICI_by_target_class_from_its_generic_name_as_PD_1_PD_L1_or_CTLA_4,/mnt/data1/srchowd3/FD-NL2SQL/methodv2/runs/question_table_copy_tapex_full/questions/row_213_In_Renal_cell_trials_classify_the_ICI_by_target_class_from_its_generic_name_as_PD_1_PD_L1_or_CTLA_4/table_copy.csv,/mnt/data1/srchowd3/FD-NL2SQL/methodv2/runs/question_table_copy_tapex_full/questions/row_213_In_Renal_cell_trials_classify_the_ICI_by_target_class_from_its_generic_name_as_PD_1_PD_L1_or_CTLA_4/tapex_table_view.csv,/mnt/data1/srchowd3/FD-NL2SQL/methodv2/runs/question_table_copy_tapex_full/questions/row_213_In_Renal_cell_trials_classify_the_ICI_by_target_class_from_its_generic_name_as_PD_1_PD_L1_or_CTLA_4/ground_truth_table.csv
row_215,215,"In Colorectal trials, convert 'Type of therapy' into is_combination = true/false.",Type of therapy,"[""is_combination""]",4,combination,-0.5801677107810974,128,31,0.0,0.0,1.0,"[""{\""is_combination\"": true}"", ""{\""is_combination\"": false}"", ""{\""is_combination\"": true}"", ""{\""is_combination\"": false}""]","[""true"", ""True"", ""false"", ""False""]","[""Combination"", ""Monotherapy""]",/mnt/data1/srchowd3/FD-NL2SQL/methodv2/runs/question_table_copy_tapex_full/questions/row_215_In_Colorectal_trials_convert_Type_of_therapy_into_is_combination_true_false,/mnt/data1/srchowd3/FD-NL2SQL/methodv2/runs/question_table_copy_tapex_full/questions/row_215_In_Colorectal_trials_convert_Type_of_therapy_into_is_combination_true_false/table_copy.csv,/mnt/data1/srchowd3/FD-NL2SQL/methodv2/runs/question_table_copy_tapex_full/questions/row_215_In_Colorectal_trials_convert_Type_of_therapy_into_is_combination_true_false/tapex_table_view.csv,/mnt/data1/srchowd3/FD-NL2SQL/methodv2/runs/question_table_copy_tapex_full/questions/row_215_In_Colorectal_trials_convert_Type_of_therapy_into_is_combination_true_false/ground_truth_table.csv
row_216,216,"In Bladder trials, interpret the PD-L1 requirement flag as boolean true/false.",Is PD-L1 positivity inclusion criteria,"[""pd_l1_required""]",3,false,-0.4238694906234741,0,64,0.0,1.0,0.0,"[""{\""pd_l1_required\"": false}"", ""{\""pd_l1_required\"": false}"", ""{\""pd_l1_required\"": false}""]","[""false"", ""False""]","[""No""]",/mnt/data1/srchowd3/FD-NL2SQL/methodv2/runs/question_table_copy_tapex_full/questions/row_216_In_Bladder_trials_interpret_the_PD_L1_requirement_flag_as_boolean_true_false,/mnt/data1/srchowd3/FD-NL2SQL/methodv2/runs/question_table_copy_tapex_full/questions/row_216_In_Bladder_trials_interpret_the_PD_L1_requirement_flag_as_boolean_true_false/table_copy.csv,/mnt/data1/srchowd3/FD-NL2SQL/methodv2/runs/question_table_copy_tapex_full/questions/row_216_In_Bladder_trials_interpret_the_PD_L1_requirement_flag_as_boolean_true_false/tapex_table_view.csv,/mnt/data1/srchowd3/FD-NL2SQL/methodv2/runs/question_table_copy_tapex_full/questions/row_216_In_Bladder_trials_interpret_the_PD_L1_requirement_flag_as_boolean_true_false/ground_truth_table.csv
row_217,217,"In Breast trials, interpret the PD-L1 requirement flag as boolean true/false.",Is PD-L1 positivity inclusion criteria,"[""pd_l1_required""]",11,false,-0.562957763671875,0,64,0.0,1.0,0.0,"[""{\""pd_l1_required\"": false}"", ""{\""pd_l1_required\"": false}"", ""{\""pd_l1_required\"": false}"", ""{\""pd_l1_required\"": false}"", ""{\""pd_l1_required\"": false}"", ""{\""pd_l1_required\"": false}"", ""{\""pd_l1_required\"": true}"", ""{\""pd_l1_required\"": false}"", ""{\""pd_l1_required\"": false}"", ""{\""pd_l1_required\"": false}"", ""{\""pd_l1_required\"": false}""]","[""false"", ""False"", ""true"", ""True""]","[""No"", ""Yes""]",/mnt/data1/srchowd3/FD-NL2SQL/methodv2/runs/question_table_copy_tapex_full/questions/row_217_In_Breast_trials_interpret_the_PD_L1_requirement_flag_as_boolean_true_false,/mnt/data1/srchowd3/FD-NL2SQL/methodv2/runs/question_table_copy_tapex_full/questions/row_217_In_Breast_trials_interpret_the_PD_L1_requirement_flag_as_boolean_true_false/table_copy.csv,/mnt/data1/srchowd3/FD-NL2SQL/methodv2/runs/question_table_copy_tapex_full/questions/row_217_In_Breast_trials_interpret_the_PD_L1_requirement_flag_as_boolean_true_false/tapex_table_view.csv,/mnt/data1/srchowd3/FD-NL2SQL/methodv2/runs/question_table_copy_tapex_full/questions/row_217_In_Breast_trials_interpret_the_PD_L1_requirement_flag_as_boolean_true_false/ground_truth_table.csv
row_218,218,"In Colorectal trials, classify the ICI by target class from its generic name as PD-1, PD-L1, or CTLA-4.",Name of ICI,"[""class""]",4,pd-1,-0.3023194968700409,128,31,0.0,0.0,0.0,"[""{\""class\"": \""PD-L1\""}"", ""{\""class\"": \""PD-L1\""}"", ""{\""class\"": \""PD-L1, CTLA-4\""}"", ""{\""class\"": \""PD1\""}""]","[""\""PD-L1\"""", ""PD-L1"", ""\""PD-L1, CTLA-4\"""", ""PD-L1, CTLA-4"", ""\""PD1\"""", ""PD1""]","[""Atezolizumab"", ""Durvalumab, Tremelimumab"", ""Pembrolizumab""]",/mnt/data1/srchowd3/FD-NL2SQL/methodv2/runs/question_table_copy_tapex_full/questions/row_218_In_Colorectal_trials_classify_the_ICI_by_target_class_from_its_generic_name_as_PD_1_PD_L1_or_CTLA_4,/mnt/data1/srchowd3/FD-NL2SQL/methodv2/runs/question_table_copy_tapex_full/questions/row_218_In_Colorectal_trials_classify_the_ICI_by_target_class_from_its_generic_name_as_PD_1_PD_L1_or_CTLA_4/table_copy.csv,/mnt/data1/srchowd3/FD-NL2SQL/methodv2/runs/question_table_copy_tapex_full/questions/row_218_In_Colorectal_trials_classify_the_ICI_by_target_class_from_its_generic_name_as_PD_1_PD_L1_or_CTLA_4/tapex_table_view.csv,/mnt/data1/srchowd3/FD-NL2SQL/methodv2/runs/question_table_copy_tapex_full/questions/row_218_In_Colorectal_trials_classify_the_ICI_by_target_class_from_its_generic_name_as_PD_1_PD_L1_or_CTLA_4/ground_truth_table.csv
row_219,219,"In Esophageal/GEJ studies using ICI+TKI, list the TKI agent(s) mentioned in the treatment regimen.",Treatment regimen,"[""tki_agents""]",0,nct02302807,-0.3906437158584595,0,64,0.0,0.0,0.0,[],[],[],/mnt/data1/srchowd3/FD-NL2SQL/methodv2/runs/question_table_copy_tapex_full/questions/row_219_In_Esophageal_GEJ_studies_using_ICI_TKI_list_the_TKI_agent_s_mentioned_in_the_treatment_regimen,/mnt/data1/srchowd3/FD-NL2SQL/methodv2/runs/question_table_copy_tapex_full/questions/row_219_In_Esophageal_GEJ_studies_using_ICI_TKI_list_the_TKI_agent_s_mentioned_in_the_treatment_regimen/table_copy.csv,/mnt/data1/srchowd3/FD-NL2SQL/methodv2/runs/question_table_copy_tapex_full/questions/row_219_In_Esophageal_GEJ_studies_using_ICI_TKI_list_the_TKI_agent_s_mentioned_in_the_treatment_regimen/tapex_table_view.csv,/mnt/data1/srchowd3/FD-NL2SQL/methodv2/runs/question_table_copy_tapex_full/questions/row_219_In_Esophageal_GEJ_studies_using_ICI_TKI_list_the_TKI_agent_s_mentioned_in_the_treatment_regimen/ground_truth_table.csv
row_220,220,"For Durvalumab trials, bucket total sample size as small(<100), medium(100–299), or large(≥300).",Total sample size,"[""size_bucket""]",11,large,-0.09739585965871811,128,30,0.0,1.0,0.0,"[""{\""size_bucket\"": \""medium\""}"", ""{\""size_bucket\"": \""large\""}"", ""{\""size_bucket\"": \""large\""}"", ""{\""size_bucket\"": \""small\""}"", ""{\""size_bucket\"": \""large\""}"", ""{\""size_bucket\"": \""large\""}"", ""{\""size_bucket\"": \""large\""}"", ""{\""size_bucket\"": \""large\""}"", ""{\""size_bucket\"": \""large\""}"", ""{\""size_bucket\"": \""large\""}"", ""{\""size_bucket\"": \""medium\""}""]","[""\""medium\"""", ""medium"", ""\""large\"""", ""large"", ""\""small\"""", ""small""]","[""174.0"", ""713.0"", ""29.0"", ""805.0"", ""595.0"", ""1118.0"", ""736.0"", ""1032.0"", ""199.0""]",/mnt/data1/srchowd3/FD-NL2SQL/methodv2/runs/question_table_copy_tapex_full/questions/row_220_For_Durvalumab_trials_bucket_total_sample_size_as_small_100_medium_100_299_or_large_300,/mnt/data1/srchowd3/FD-NL2SQL/methodv2/runs/question_table_copy_tapex_full/questions/row_220_For_Durvalumab_trials_bucket_total_sample_size_as_small_100_medium_100_299_or_large_300/table_copy.csv,/mnt/data1/srchowd3/FD-NL2SQL/methodv2/runs/question_table_copy_tapex_full/questions/row_220_For_Durvalumab_trials_bucket_total_sample_size_as_small_100_medium_100_299_or_large_300/tapex_table_view.csv,/mnt/data1/srchowd3/FD-NL2SQL/methodv2/runs/question_table_copy_tapex_full/questions/row_220_For_Durvalumab_trials_bucket_total_sample_size_as_small_100_medium_100_299_or_large_300/ground_truth_table.csv
row_221,221,"In Mesothelioma Phase 2 trials, standardize the primary endpoint into one of OS, PFS, ORR, DFS, DOR, AE-rate, or Other.",Primary endpoint,"[""primary_endpoint_category""]",1,dor,-0.1616092324256897,64,64,0.0,0.0,0.0,"[""{\""primary_endpoint_category\"": \""OS\""}""]","[""\""OS\"""", ""OS""]","[""OS""]",/mnt/data1/srchowd3/FD-NL2SQL/methodv2/runs/question_table_copy_tapex_full/questions/row_221_In_Mesothelioma_Phase_2_trials_standardize_the_primary_endpoint_into_one_of_OS_PFS_ORR_DFS_DOR_AE_rate_or_Other,/mnt/data1/srchowd3/FD-NL2SQL/methodv2/runs/question_table_copy_tapex_full/questions/row_221_In_Mesothelioma_Phase_2_trials_standardize_the_primary_endpoint_into_one_of_OS_PFS_ORR_DFS_DOR_AE_rate_or_Other/table_copy.csv,/mnt/data1/srchowd3/FD-NL2SQL/methodv2/runs/question_table_copy_tapex_full/questions/row_221_In_Mesothelioma_Phase_2_trials_standardize_the_primary_endpoint_into_one_of_OS_PFS_ORR_DFS_DOR_AE_rate_or_Other/tapex_table_view.csv,/mnt/data1/srchowd3/FD-NL2SQL/methodv2/runs/question_table_copy_tapex_full/questions/row_221_In_Mesothelioma_Phase_2_trials_standardize_the_primary_endpoint_into_one_of_OS_PFS_ORR_DFS_DOR_AE_rate_or_Other/ground_truth_table.csv
row_223,223,"For Nivolumab trials, bucket total sample size as small(<100), medium(100–299), or large(≥300).",Total sample size,"[""size_bucket""]",26,large,-0.09935976564884186,128,30,0.0,1.0,0.0,"[""{\""size_bucket\"": \""large\""}"", ""{\""size_bucket\"": \""large\""}"", ""{\""size_bucket\"": \""large\""}"", ""{\""size_bucket\"": \""large\""}"", ""{\""size_bucket\"": \""large\""}"", ""{\""size_bucket\"": \""medium\""}"", ""{\""size_bucket\"": \""large\""}"", ""{\""size_bucket\"": \""large\""}"", ""{\""size_bucket\"": \""large\""}"", ""{\""size_bucket\"": \""large\""}"", ""{\""size_bucket\"": \""large\""}"", ""{\""size_bucket\"": \""large\""}"", ""{\""size_bucket\"": \""large\""}"", ""{\""size_bucket\"": \""large\""}"", ""{\""size_bucket\"": \""large\""}"", ""{\""size_bucket\"": \""large\""}"", ""{\""size_bucket\"": \""large\""}"", ""{\""size_bucket\"": \""medium\""}"", ""{\""size_bucket\"": \""large\""}"", ""{\""size_bucket\"": \""large\""}"", ""{\""size_bucket\"": \""large\""}"", ""{\""size_bucket\"": \""large\""}"", ""{\""size_bucket\"": \""large\""}"", ""{\""size_bucket\"": \""large\""}"", ""{\""size_bucket\"": \""small\""}"", ""{\""size_bucket\"": null}""]","[""\""large\"""", ""large"", ""\""medium\"""", ""medium"", ""\""small\"""", ""small"", ""null"", ""None""]","[""493.0"", ""361.0"", ""821.0"", ""582.0"", ""272.0"", ""423.0"", ""1739.0"", ""504.0"", ""405.0"", ""418.0"", ""419.0"", ""167.0"", ""369.0"", ""569.0"", ""651.0"", ""834.0"", ""40.0""]",/mnt/data1/srchowd3/FD-NL2SQL/methodv2/runs/question_table_copy_tapex_full/questions/row_223_For_Nivolumab_trials_bucket_total_sample_size_as_small_100_medium_100_299_or_large_300,/mnt/data1/srchowd3/FD-NL2SQL/methodv2/runs/question_table_copy_tapex_full/questions/row_223_For_Nivolumab_trials_bucket_total_sample_size_as_small_100_medium_100_299_or_large_300/table_copy.csv,/mnt/data1/srchowd3/FD-NL2SQL/methodv2/runs/question_table_copy_tapex_full/questions/row_223_For_Nivolumab_trials_bucket_total_sample_size_as_small_100_medium_100_299_or_large_300/tapex_table_view.csv,/mnt/data1/srchowd3/FD-NL2SQL/methodv2/runs/question_table_copy_tapex_full/questions/row_223_For_Nivolumab_trials_bucket_total_sample_size_as_small_100_medium_100_299_or_large_300/ground_truth_table.csv
row_224,224,"For Durvalumab trials, bucket the publication year into: ≤2014, 2015–2018, ≥2019.",Year,"[""era""]",11,2021,-0.20337097346782684,128,31,0.0,0.0,1.0,"[""{\""era\"": \""≥2019\""}"", ""{\""era\"": \""2015–2018\""}"", ""{\""era\"": \""2015–2018\""}"", ""{\""era\"": \""≥2019\""}"", ""{\""era\"": \""≥2019\""}"", ""{\""era\"": \""≥2019\""}"", ""{\""era\"": \""≥2019\""}"", ""{\""era\"": \""≥2019\""}"", ""{\""era\"": \""≥2019\""}"", ""{\""era\"": \""≥2019\""}"", ""{\""era\"": \""≥2019\""}""]","[""\""≥2019\"""", ""≥2019"", ""\""2015–2018\"""", ""2015–2018""]","[""2019"", ""2017"", ""2018"", ""2020"", ""2021""]",/mnt/data1/srchowd3/FD-NL2SQL/methodv2/runs/question_table_copy_tapex_full/questions/row_224_For_Durvalumab_trials_bucket_the_publication_year_into_2014_2015_2018_2019,/mnt/data1/srchowd3/FD-NL2SQL/methodv2/runs/question_table_copy_tapex_full/questions/row_224_For_Durvalumab_trials_bucket_the_publication_year_into_2014_2015_2018_2019/table_copy.csv,/mnt/data1/srchowd3/FD-NL2SQL/methodv2/runs/question_table_copy_tapex_full/questions/row_224_For_Durvalumab_trials_bucket_the_publication_year_into_2014_2015_2018_2019/tapex_table_view.csv,/mnt/data1/srchowd3/FD-NL2SQL/methodv2/runs/question_table_copy_tapex_full/questions/row_224_For_Durvalumab_trials_bucket_the_publication_year_into_2014_2015_2018_2019/ground_truth_table.csv
row_225,225,"For Atezolizumab+Trastuzumab emtansine+Placebo trials in Small Cell Lung, extract the trial acronym from the trial name (e.g., KEYNOTE-xxx, CHECKMATE-xxx).",Trial name,"[""trial_acronym""]",0,speaker-204,-0.6482011675834656,128,16,0.0,0.0,0.0,[],[],[],/mnt/data1/srchowd3/FD-NL2SQL/methodv2/runs/question_table_copy_tapex_full/questions/row_225_For_Atezolizumab_Trastuzumab_emtansine_Placebo_trials_in_Small_Cell_Lung_extract_the_trial_acronym_from_the_trial_name_e_g_KEYNOTE_xxx_CHECKMATE_xxx,/mnt/data1/srchowd3/FD-NL2SQL/methodv2/runs/question_table_copy_tapex_full/questions/row_225_For_Atezolizumab_Trastuzumab_emtansine_Placebo_trials_in_Small_Cell_Lung_extract_the_trial_acronym_from_the_trial_name_e_g_KEYNOTE_xxx_CHECKMATE_xxx/table_copy.csv,/mnt/data1/srchowd3/FD-NL2SQL/methodv2/runs/question_table_copy_tapex_full/questions/row_225_For_Atezolizumab_Trastuzumab_emtansine_Placebo_trials_in_Small_Cell_Lung_extract_the_trial_acronym_from_the_trial_name_e_g_KEYNOTE_xxx_CHECKMATE_xxx/tapex_table_view.csv,/mnt/data1/srchowd3/FD-NL2SQL/methodv2/runs/question_table_copy_tapex_full/questions/row_225_For_Atezolizumab_Trastuzumab_emtansine_Placebo_trials_in_Small_Cell_Lung_extract_the_trial_acronym_from_the_trial_name_e_g_KEYNOTE_xxx_CHECKMATE_xxx/ground_truth_table.csv
row_227,227,"In Hepatocellular Phase 2 trials, standardize the primary endpoint into one of OS, PFS, ORR, DFS, DOR, AE-rate, or Other.",Primary endpoint,"[""primary_endpoint_category""]",0,dor,-0.23476989567279816,64,64,0.0,0.0,0.0,[],[],[],/mnt/data1/srchowd3/FD-NL2SQL/methodv2/runs/question_table_copy_tapex_full/questions/row_227_In_Hepatocellular_Phase_2_trials_standardize_the_primary_endpoint_into_one_of_OS_PFS_ORR_DFS_DOR_AE_rate_or_Other,/mnt/data1/srchowd3/FD-NL2SQL/methodv2/runs/question_table_copy_tapex_full/questions/row_227_In_Hepatocellular_Phase_2_trials_standardize_the_primary_endpoint_into_one_of_OS_PFS_ORR_DFS_DOR_AE_rate_or_Other/table_copy.csv,/mnt/data1/srchowd3/FD-NL2SQL/methodv2/runs/question_table_copy_tapex_full/questions/row_227_In_Hepatocellular_Phase_2_trials_standardize_the_primary_endpoint_into_one_of_OS_PFS_ORR_DFS_DOR_AE_rate_or_Other/tapex_table_view.csv,/mnt/data1/srchowd3/FD-NL2SQL/methodv2/runs/question_table_copy_tapex_full/questions/row_227_In_Hepatocellular_Phase_2_trials_standardize_the_primary_endpoint_into_one_of_OS_PFS_ORR_DFS_DOR_AE_rate_or_Other/ground_truth_table.csv
row_228,228,"In Breast trials, classify the ICI by target class from its generic name as PD-1, PD-L1, or CTLA-4.",Name of ICI,"[""class""]",11,ctla-4,-0.3627088665962219,128,31,0.0,0.0,0.0,"[""{\""class\"": \""PD-L1\""}"", ""{\""class\"": \""PD-L1\""}"", ""{\""class\"": \""PD1\""}"", ""{\""class\"": \""PD-L1\""}"", ""{\""class\"": \""PD1\""}"", ""{\""class\"": \""PD1\""}"", ""{\""class\"": \""PD1\""}"", ""{\""class\"": \""PD-L1\""}"", ""{\""class\"": \""PD-L1\""}"", ""{\""class\"": \""PD-L1\""}"", ""{\""class\"": null}""]","[""\""PD-L1\"""", ""PD-L1"", ""\""PD1\"""", ""PD1"", ""null"", ""None""]","[""Atezolizumab"", ""Durvalumab"", ""Pembrolizumab"", ""Atezolizumab+Trastuzumab emtansine+Placebo"", ""Chemotherapy""]",/mnt/data1/srchowd3/FD-NL2SQL/methodv2/runs/question_table_copy_tapex_full/questions/row_228_In_Breast_trials_classify_the_ICI_by_target_class_from_its_generic_name_as_PD_1_PD_L1_or_CTLA_4,/mnt/data1/srchowd3/FD-NL2SQL/methodv2/runs/question_table_copy_tapex_full/questions/row_228_In_Breast_trials_classify_the_ICI_by_target_class_from_its_generic_name_as_PD_1_PD_L1_or_CTLA_4/table_copy.csv,/mnt/data1/srchowd3/FD-NL2SQL/methodv2/runs/question_table_copy_tapex_full/questions/row_228_In_Breast_trials_classify_the_ICI_by_target_class_from_its_generic_name_as_PD_1_PD_L1_or_CTLA_4/tapex_table_view.csv,/mnt/data1/srchowd3/FD-NL2SQL/methodv2/runs/question_table_copy_tapex_full/questions/row_228_In_Breast_trials_classify_the_ICI_by_target_class_from_its_generic_name_as_PD_1_PD_L1_or_CTLA_4/ground_truth_table.csv
row_229,229,"In Gastric/GEJ trials, categorize number of arms as 1-arm, 2-arm, or ≥3-arm.",Number of arms,"[""arm_category""]",8,2,-0.08701654523611069,0,64,0.0,0.0,1.0,"[""{\""arm_category\"": \""2-arm\""}"", ""{\""arm_category\"": \""2-arm\""}"", ""{\""arm_category\"": \""2-arm\""}"", ""{\""arm_category\"": \""2-arm\""}"", ""{\""arm_category\"": \""2-arm\""}"", ""{\""arm_category\"": \""≥3-arm\""}"", ""{\""arm_category\"": \""≥3-arm\""}"", ""{\""arm_category\"": \""2-arm\""}""]","[""\""2-arm\"""", ""2-arm"", ""\""≥3-arm\"""", ""≥3-arm""]","[""2"", ""3""]",/mnt/data1/srchowd3/FD-NL2SQL/methodv2/runs/question_table_copy_tapex_full/questions/row_229_In_Gastric_GEJ_trials_categorize_number_of_arms_as_1_arm_2_arm_or_3_arm,/mnt/data1/srchowd3/FD-NL2SQL/methodv2/runs/question_table_copy_tapex_full/questions/row_229_In_Gastric_GEJ_trials_categorize_number_of_arms_as_1_arm_2_arm_or_3_arm/table_copy.csv,/mnt/data1/srchowd3/FD-NL2SQL/methodv2/runs/question_table_copy_tapex_full/questions/row_229_In_Gastric_GEJ_trials_categorize_number_of_arms_as_1_arm_2_arm_or_3_arm/tapex_table_view.csv,/mnt/data1/srchowd3/FD-NL2SQL/methodv2/runs/question_table_copy_tapex_full/questions/row_229_In_Gastric_GEJ_trials_categorize_number_of_arms_as_1_arm_2_arm_or_3_arm/ground_truth_table.csv
row_230,230,"In Gastric/GEJ trials, classify overall follow-up maturity: 'mature' if ≥24 months, else 'immature' (or 'unknown' if missing).",Follow-up duration for primary endpoint(s) in months | Overall,"[""maturity""]",8,immotion151,-0.3457009792327881,0,64,0.0,0.0,0.0,"[""{\""maturity\"": \""unknown\""}"", ""{\""maturity\"": \""unknown\""}"", ""{\""maturity\"": \""immature\""}"", ""{\""maturity\"": \""immature\""}"", ""{\""maturity\"": \""mature\""}"", ""{\""maturity\"": \""mature\""}"", ""{\""maturity\"": \""mature\""}"", ""{\""maturity\"": \""unknown\""}""]","[""\""unknown\"""", ""unknown"", ""\""immature\"""", ""immature"", ""\""mature\"""", ""mature""]","[""10.6"", ""7.9"", ""27.3"", ""29.4""]",/mnt/data1/srchowd3/FD-NL2SQL/methodv2/runs/question_table_copy_tapex_full/questions/row_230_In_Gastric_GEJ_trials_classify_overall_follow_up_maturity_mature_if_24_months_else_immature_or_unknown_if_missing,/mnt/data1/srchowd3/FD-NL2SQL/methodv2/runs/question_table_copy_tapex_full/questions/row_230_In_Gastric_GEJ_trials_classify_overall_follow_up_maturity_mature_if_24_months_else_immature_or_unknown_if_missing/table_copy.csv,/mnt/data1/srchowd3/FD-NL2SQL/methodv2/runs/question_table_copy_tapex_full/questions/row_230_In_Gastric_GEJ_trials_classify_overall_follow_up_maturity_mature_if_24_months_else_immature_or_unknown_if_missing/tapex_table_view.csv,/mnt/data1/srchowd3/FD-NL2SQL/methodv2/runs/question_table_copy_tapex_full/questions/row_230_In_Gastric_GEJ_trials_classify_overall_follow_up_maturity_mature_if_24_months_else_immature_or_unknown_if_missing/ground_truth_table.csv
row_232,232,"In Esophageal/GEJ trials, interpret the PD-L1 requirement flag as boolean true/false.",Is PD-L1 positivity inclusion criteria,"[""pd_l1_required""]",2,false,-0.569294810295105,0,64,0.0,1.0,0.0,"[""{\""pd_l1_required\"": false}"", ""{\""pd_l1_required\"": false}""]","[""false"", ""False""]","[""No""]",/mnt/data1/srchowd3/FD-NL2SQL/methodv2/runs/question_table_copy_tapex_full/questions/row_232_In_Esophageal_GEJ_trials_interpret_the_PD_L1_requirement_flag_as_boolean_true_false,/mnt/data1/srchowd3/FD-NL2SQL/methodv2/runs/question_table_copy_tapex_full/questions/row_232_In_Esophageal_GEJ_trials_interpret_the_PD_L1_requirement_flag_as_boolean_true_false/table_copy.csv,/mnt/data1/srchowd3/FD-NL2SQL/methodv2/runs/question_table_copy_tapex_full/questions/row_232_In_Esophageal_GEJ_trials_interpret_the_PD_L1_requirement_flag_as_boolean_true_false/tapex_table_view.csv,/mnt/data1/srchowd3/FD-NL2SQL/methodv2/runs/question_table_copy_tapex_full/questions/row_232_In_Esophageal_GEJ_trials_interpret_the_PD_L1_requirement_flag_as_boolean_true_false/ground_truth_table.csv
row_233,233,"In Melanoma trials, convert 'Type of therapy' into is_combination = true/false.",Type of therapy,"[""is_combination""]",26,false,-0.5351139307022095,64,64,0.0,1.0,0.0,"[""{\""is_combination\"": true}"", ""{\""is_combination\"": false}"", ""{\""is_combination\"": true}"", ""{\""is_combination\"": false}"", ""{\""is_combination\"": false}"", ""{\""is_combination\"": false}"", ""{\""is_combination\"": false}"", ""{\""is_combination\"": false}"", ""{\""is_combination\"": false}"", ""{\""is_combination\"": false}"", ""{\""is_combination\"": false}"", ""{\""is_combination\"": false}"", ""{\""is_combination\"": true}"", ""{\""is_combination\"": false}"", ""{\""is_combination\"": false}"", ""{\""is_combination\"": false}"", ""{\""is_combination\"": false}"", ""{\""is_combination\"": false}"", ""{\""is_combination\"": true}"", ""{\""is_combination\"": true}"", ""{\""is_combination\"": false}"", ""{\""is_combination\"": true}"", ""{\""is_combination\"": false}"", ""{\""is_combination\"": true}"", ""{\""is_combination\"": false}"", ""{\""is_combination\"": false}""]","[""true"", ""True"", ""false"", ""False""]","[""Combination"", ""Monotherapy""]",/mnt/data1/srchowd3/FD-NL2SQL/methodv2/runs/question_table_copy_tapex_full/questions/row_233_In_Melanoma_trials_convert_Type_of_therapy_into_is_combination_true_false,/mnt/data1/srchowd3/FD-NL2SQL/methodv2/runs/question_table_copy_tapex_full/questions/row_233_In_Melanoma_trials_convert_Type_of_therapy_into_is_combination_true_false/table_copy.csv,/mnt/data1/srchowd3/FD-NL2SQL/methodv2/runs/question_table_copy_tapex_full/questions/row_233_In_Melanoma_trials_convert_Type_of_therapy_into_is_combination_true_false/tapex_table_view.csv,/mnt/data1/srchowd3/FD-NL2SQL/methodv2/runs/question_table_copy_tapex_full/questions/row_233_In_Melanoma_trials_convert_Type_of_therapy_into_is_combination_true_false/ground_truth_table.csv
row_236,236,"In Multiple Myeloma combination therapy trials, normalize the combination type to standardized labels (e.g., ICI+Chemo, ICI+TKI, ICI+ICI).",Type of combination,"[""combo_type_norm""]",2,ici+chemo,-0.07592269778251648,64,13,0.0,1.0,1.0,"[""{\""combo_type_norm\"": \""ICI+Chemo\""}"", ""{\""combo_type_norm\"": \""ICI+Chemo\""}""]","[""\""ICI+Chemo\"""", ""ICI+Chemo""]","[""ICI+Chemo""]",/mnt/data1/srchowd3/FD-NL2SQL/methodv2/runs/question_table_copy_tapex_full/questions/row_236_In_Multiple_Myeloma_combination_therapy_trials_normalize_the_combination_type_to_standardized_labels_e_g_ICI_Chemo_ICI_TKI_ICI_ICI,/mnt/data1/srchowd3/FD-NL2SQL/methodv2/runs/question_table_copy_tapex_full/questions/row_236_In_Multiple_Myeloma_combination_therapy_trials_normalize_the_combination_type_to_standardized_labels_e_g_ICI_Chemo_ICI_TKI_ICI_ICI/table_copy.csv,/mnt/data1/srchowd3/FD-NL2SQL/methodv2/runs/question_table_copy_tapex_full/questions/row_236_In_Multiple_Myeloma_combination_therapy_trials_normalize_the_combination_type_to_standardized_labels_e_g_ICI_Chemo_ICI_TKI_ICI_ICI/tapex_table_view.csv,/mnt/data1/srchowd3/FD-NL2SQL/methodv2/runs/question_table_copy_tapex_full/questions/row_236_In_Multiple_Myeloma_combination_therapy_trials_normalize_the_combination_type_to_standardized_labels_e_g_ICI_Chemo_ICI_TKI_ICI_ICI/ground_truth_table.csv
row_237,237,"In Renal cell Phase 2 trials, standardize the primary endpoint into one of OS, PFS, ORR, DFS, DOR, AE-rate, or Other.",Primary endpoint,"[""primary_endpoint_category""]",2,dor,-0.2267068326473236,64,64,0.0,0.0,0.0,"[""{\""primary_endpoint_category\"": \""PFS\""}"", ""{\""primary_endpoint_category\"": \""PFS\""}""]","[""\""PFS\"""", ""PFS""]","[""PFS""]",/mnt/data1/srchowd3/FD-NL2SQL/methodv2/runs/question_table_copy_tapex_full/questions/row_237_In_Renal_cell_Phase_2_trials_standardize_the_primary_endpoint_into_one_of_OS_PFS_ORR_DFS_DOR_AE_rate_or_Other,/mnt/data1/srchowd3/FD-NL2SQL/methodv2/runs/question_table_copy_tapex_full/questions/row_237_In_Renal_cell_Phase_2_trials_standardize_the_primary_endpoint_into_one_of_OS_PFS_ORR_DFS_DOR_AE_rate_or_Other/table_copy.csv,/mnt/data1/srchowd3/FD-NL2SQL/methodv2/runs/question_table_copy_tapex_full/questions/row_237_In_Renal_cell_Phase_2_trials_standardize_the_primary_endpoint_into_one_of_OS_PFS_ORR_DFS_DOR_AE_rate_or_Other/tapex_table_view.csv,/mnt/data1/srchowd3/FD-NL2SQL/methodv2/runs/question_table_copy_tapex_full/questions/row_237_In_Renal_cell_Phase_2_trials_standardize_the_primary_endpoint_into_one_of_OS_PFS_ORR_DFS_DOR_AE_rate_or_Other/ground_truth_table.csv
row_238,238,"In Breast combination therapy trials, normalize the combination type to standardized labels (e.g., ICI+Chemo, ICI+TKI, ICI+ICI).",Type of combination,"[""combo_type_norm""]",9,ici+chemo,-0.1662723273038864,64,13,0.0,1.0,1.0,"[""{\""combo_type_norm\"": \""ICI+Chemo\""}"", ""{\""combo_type_norm\"": \""ICI+Chemo\""}"", ""{\""combo_type_norm\"": \""ICI+Chemo\""}"", ""{\""combo_type_norm\"": \""ICI+Chemo\""}"", ""{\""combo_type_norm\"": \""ICI+Chemo\""}"", ""{\""combo_type_norm\"": \""ICI+Chemo\""}"", ""{\""combo_type_norm\"": \""ICI+Chemo\""}"", ""{\""combo_type_norm\"": \""ICI+Chemo\""}"", ""{\""combo_type_norm\"": \""ICI+HER2i\""}""]","[""\""ICI+Chemo\"""", ""ICI+Chemo"", ""\""ICI+HER2i\"""", ""ICI+HER2i""]","[""ICI+Chemo"", ""ICI+HER2i""]",/mnt/data1/srchowd3/FD-NL2SQL/methodv2/runs/question_table_copy_tapex_full/questions/row_238_In_Breast_combination_therapy_trials_normalize_the_combination_type_to_standardized_labels_e_g_ICI_Chemo_ICI_TKI_ICI_ICI,/mnt/data1/srchowd3/FD-NL2SQL/methodv2/runs/question_table_copy_tapex_full/questions/row_238_In_Breast_combination_therapy_trials_normalize_the_combination_type_to_standardized_labels_e_g_ICI_Chemo_ICI_TKI_ICI_ICI/table_copy.csv,/mnt/data1/srchowd3/FD-NL2SQL/methodv2/runs/question_table_copy_tapex_full/questions/row_238_In_Breast_combination_therapy_trials_normalize_the_combination_type_to_standardized_labels_e_g_ICI_Chemo_ICI_TKI_ICI_ICI/tapex_table_view.csv,/mnt/data1/srchowd3/FD-NL2SQL/methodv2/runs/question_table_copy_tapex_full/questions/row_238_In_Breast_combination_therapy_trials_normalize_the_combination_type_to_standardized_labels_e_g_ICI_Chemo_ICI_TKI_ICI_ICI/ground_truth_table.csv
row_239,239,"In Hodgkin Lymphoma studies using ICI+TKI, list the TKI agent(s) mentioned in the treatment regimen.",Treatment regimen,"[""tki_agents""]",0,nct02302807,-0.3194030523300171,0,64,0.0,0.0,0.0,[],[],[],/mnt/data1/srchowd3/FD-NL2SQL/methodv2/runs/question_table_copy_tapex_full/questions/row_239_In_Hodgkin_Lymphoma_studies_using_ICI_TKI_list_the_TKI_agent_s_mentioned_in_the_treatment_regimen,/mnt/data1/srchowd3/FD-NL2SQL/methodv2/runs/question_table_copy_tapex_full/questions/row_239_In_Hodgkin_Lymphoma_studies_using_ICI_TKI_list_the_TKI_agent_s_mentioned_in_the_treatment_regimen/table_copy.csv,/mnt/data1/srchowd3/FD-NL2SQL/methodv2/runs/question_table_copy_tapex_full/questions/row_239_In_Hodgkin_Lymphoma_studies_using_ICI_TKI_list_the_TKI_agent_s_mentioned_in_the_treatment_regimen/tapex_table_view.csv,/mnt/data1/srchowd3/FD-NL2SQL/methodv2/runs/question_table_copy_tapex_full/questions/row_239_In_Hodgkin_Lymphoma_studies_using_ICI_TKI_list_the_TKI_agent_s_mentioned_in_the_treatment_regimen/ground_truth_table.csv
row_241,241,"In Multiple Myeloma Phase 2 trials, standardize the primary endpoint into one of OS, PFS, ORR, DFS, DOR, AE-rate, or Other.",Primary endpoint,"[""primary_endpoint_category""]",0,dor,-0.20233473181724548,64,64,0.0,0.0,0.0,[],[],[],/mnt/data1/srchowd3/FD-NL2SQL/methodv2/runs/question_table_copy_tapex_full/questions/row_241_In_Multiple_Myeloma_Phase_2_trials_standardize_the_primary_endpoint_into_one_of_OS_PFS_ORR_DFS_DOR_AE_rate_or_Other,/mnt/data1/srchowd3/FD-NL2SQL/methodv2/runs/question_table_copy_tapex_full/questions/row_241_In_Multiple_Myeloma_Phase_2_trials_standardize_the_primary_endpoint_into_one_of_OS_PFS_ORR_DFS_DOR_AE_rate_or_Other/table_copy.csv,/mnt/data1/srchowd3/FD-NL2SQL/methodv2/runs/question_table_copy_tapex_full/questions/row_241_In_Multiple_Myeloma_Phase_2_trials_standardize_the_primary_endpoint_into_one_of_OS_PFS_ORR_DFS_DOR_AE_rate_or_Other/tapex_table_view.csv,/mnt/data1/srchowd3/FD-NL2SQL/methodv2/runs/question_table_copy_tapex_full/questions/row_241_In_Multiple_Myeloma_Phase_2_trials_standardize_the_primary_endpoint_into_one_of_OS_PFS_ORR_DFS_DOR_AE_rate_or_Other/ground_truth_table.csv
row_242,242,"In Head and Neck trials, classify the ICI by target class from its generic name as PD-1, PD-L1, or CTLA-4.",Name of ICI,"[""class""]",9,pd-1,-0.32397282123565674,128,31,0.0,0.0,0.0,"[""{\""class\"": \""PD1\""}"", ""{\""class\"": \""PD1\""}"", ""{\""class\"": \""PD1\""}"", ""{\""class\"": \""PD1\""}"", ""{\""class\"": \""PD1\""}"", ""{\""class\"": \""PD-L1\""}"", ""{\""class\"": \""PD-L1, CTLA-4\""}"", ""{\""class\"": \""PD-L1\""}"", ""{\""class\"": \""PD-L1\""}""]","[""\""PD1\"""", ""PD1"", ""\""PD-L1\"""", ""PD-L1"", ""\""PD-L1, CTLA-4\"""", ""PD-L1, CTLA-4""]","[""Nivolumab"", ""Pembrolizumab"", ""Durvalumab"", ""Durvalumab, Tremelimumab"", ""Avelumab""]",/mnt/data1/srchowd3/FD-NL2SQL/methodv2/runs/question_table_copy_tapex_full/questions/row_242_In_Head_and_Neck_trials_classify_the_ICI_by_target_class_from_its_generic_name_as_PD_1_PD_L1_or_CTLA_4,/mnt/data1/srchowd3/FD-NL2SQL/methodv2/runs/question_table_copy_tapex_full/questions/row_242_In_Head_and_Neck_trials_classify_the_ICI_by_target_class_from_its_generic_name_as_PD_1_PD_L1_or_CTLA_4/table_copy.csv,/mnt/data1/srchowd3/FD-NL2SQL/methodv2/runs/question_table_copy_tapex_full/questions/row_242_In_Head_and_Neck_trials_classify_the_ICI_by_target_class_from_its_generic_name_as_PD_1_PD_L1_or_CTLA_4/tapex_table_view.csv,/mnt/data1/srchowd3/FD-NL2SQL/methodv2/runs/question_table_copy_tapex_full/questions/row_242_In_Head_and_Neck_trials_classify_the_ICI_by_target_class_from_its_generic_name_as_PD_1_PD_L1_or_CTLA_4/ground_truth_table.csv
row_244,244,"In Multiple Myeloma trials, classify overall follow-up maturity: 'mature' if ≥24 months, else 'immature' (or 'unknown' if missing).",Follow-up duration for primary endpoint(s) in months | Overall,"[""maturity""]",2,immotion151,-0.47722920775413513,0,64,0.0,0.0,0.0,"[""{\""maturity\"": \""immature\""}"", ""{\""maturity\"": \""immature\""}""]","[""\""immature\"""", ""immature""]","[""8.1"", ""6.6""]",/mnt/data1/srchowd3/FD-NL2SQL/methodv2/runs/question_table_copy_tapex_full/questions/row_244_In_Multiple_Myeloma_trials_classify_overall_follow_up_maturity_mature_if_24_months_else_immature_or_unknown_if_missing,/mnt/data1/srchowd3/FD-NL2SQL/methodv2/runs/question_table_copy_tapex_full/questions/row_244_In_Multiple_Myeloma_trials_classify_overall_follow_up_maturity_mature_if_24_months_else_immature_or_unknown_if_missing/table_copy.csv,/mnt/data1/srchowd3/FD-NL2SQL/methodv2/runs/question_table_copy_tapex_full/questions/row_244_In_Multiple_Myeloma_trials_classify_overall_follow_up_maturity_mature_if_24_months_else_immature_or_unknown_if_missing/tapex_table_view.csv,/mnt/data1/srchowd3/FD-NL2SQL/methodv2/runs/question_table_copy_tapex_full/questions/row_244_In_Multiple_Myeloma_trials_classify_overall_follow_up_maturity_mature_if_24_months_else_immature_or_unknown_if_missing/ground_truth_table.csv
row_245,245,"In Prostate Phase 3 trials, classify the control arm as active, placebo, or best supportive care.",Control arm,"[""control_category""]",3,best supporting care,-0.6210581064224243,0,64,0.0,0.0,0.0,"[""{\""control_category\"": \""active\""}"", ""{\""control_category\"": \""placebo\""}"", ""{\""control_category\"": \""active\""}""]","[""\""active\"""", ""active"", ""\""placebo\"""", ""placebo""]","[""Radiation"", ""Placebo""]",/mnt/data1/srchowd3/FD-NL2SQL/methodv2/runs/question_table_copy_tapex_full/questions/row_245_In_Prostate_Phase_3_trials_classify_the_control_arm_as_active_placebo_or_best_supportive_care,/mnt/data1/srchowd3/FD-NL2SQL/methodv2/runs/question_table_copy_tapex_full/questions/row_245_In_Prostate_Phase_3_trials_classify_the_control_arm_as_active_placebo_or_best_supportive_care/table_copy.csv,/mnt/data1/srchowd3/FD-NL2SQL/methodv2/runs/question_table_copy_tapex_full/questions/row_245_In_Prostate_Phase_3_trials_classify_the_control_arm_as_active_placebo_or_best_supportive_care/tapex_table_view.csv,/mnt/data1/srchowd3/FD-NL2SQL/methodv2/runs/question_table_copy_tapex_full/questions/row_245_In_Prostate_Phase_3_trials_classify_the_control_arm_as_active_placebo_or_best_supportive_care/ground_truth_table.csv
row_246,246,"In Colorectal studies using ICI+TKI, list the TKI agent(s) mentioned in the treatment regimen.",Treatment regimen,"[""tki_agents""]",0,"nct02302807, nct02256436",-0.2945959270000458,0,64,0.0,0.0,0.0,[],[],[],/mnt/data1/srchowd3/FD-NL2SQL/methodv2/runs/question_table_copy_tapex_full/questions/row_246_In_Colorectal_studies_using_ICI_TKI_list_the_TKI_agent_s_mentioned_in_the_treatment_regimen,/mnt/data1/srchowd3/FD-NL2SQL/methodv2/runs/question_table_copy_tapex_full/questions/row_246_In_Colorectal_studies_using_ICI_TKI_list_the_TKI_agent_s_mentioned_in_the_treatment_regimen/table_copy.csv,/mnt/data1/srchowd3/FD-NL2SQL/methodv2/runs/question_table_copy_tapex_full/questions/row_246_In_Colorectal_studies_using_ICI_TKI_list_the_TKI_agent_s_mentioned_in_the_treatment_regimen/tapex_table_view.csv,/mnt/data1/srchowd3/FD-NL2SQL/methodv2/runs/question_table_copy_tapex_full/questions/row_246_In_Colorectal_studies_using_ICI_TKI_list_the_TKI_agent_s_mentioned_in_the_treatment_regimen/ground_truth_table.csv
row_247,247,"For Cemiplimab trials, bucket trial phase into early (1/1b/2) vs late (3/4).",Trial phase,"[""phase_bucket""]",1,late,-0.05514242500066757,0,64,0.0,1.0,0.0,"[""{\""phase_bucket\"": \""late\""}""]","[""\""late\"""", ""late""]","[""Phase 3""]",/mnt/data1/srchowd3/FD-NL2SQL/methodv2/runs/question_table_copy_tapex_full/questions/row_247_For_Cemiplimab_trials_bucket_trial_phase_into_early_1_1b_2_vs_late_3_4,/mnt/data1/srchowd3/FD-NL2SQL/methodv2/runs/question_table_copy_tapex_full/questions/row_247_For_Cemiplimab_trials_bucket_trial_phase_into_early_1_1b_2_vs_late_3_4/table_copy.csv,/mnt/data1/srchowd3/FD-NL2SQL/methodv2/runs/question_table_copy_tapex_full/questions/row_247_For_Cemiplimab_trials_bucket_trial_phase_into_early_1_1b_2_vs_late_3_4/tapex_table_view.csv,/mnt/data1/srchowd3/FD-NL2SQL/methodv2/runs/question_table_copy_tapex_full/questions/row_247_For_Cemiplimab_trials_bucket_trial_phase_into_early_1_1b_2_vs_late_3_4/ground_truth_table.csv
row_248,248,"In Renal cell trials, determine whether the listed endpoint is primary or secondary based on the endpoint text.",Secondary endpoint,"[""endpoint_role""]",14,keynote-045,-0.7879042029380798,0,64,0.0,0.0,0.0,"[""{\""endpoint_role\"": \""secondary\""}"", ""{\""endpoint_role\"": \""secondary\""}"", ""{\""endpoint_role\"": \""secondary\""}"", ""{\""endpoint_role\"": \""secondary\""}"", ""{\""endpoint_role\"": \""secondary\""}"", ""{\""endpoint_role\"": \""secondary\""}"", ""{\""endpoint_role\"": \""secondary\""}"", ""{\""endpoint_role\"": \""secondary\""}"", ""{\""endpoint_role\"": \""secondary\""}"", ""{\""endpoint_role\"": \""secondary\""}"", ""{\""endpoint_role\"": \""secondary\""}"", ""{\""endpoint_role\"": \""secondary\""}"", ""{\""endpoint_role\"": \""secondary\""}"", ""{\""endpoint_role\"": \""secondary\""}""]","[""\""secondary\"""", ""secondary""]","[""ORR; PFS, association between overall survival and tumor expression of PD-L1; incidence of adverse events."", ""Investigator-assessed PFS; ORR; \nDOR; OS; patient-reported outcomes; safety."", ""ORR, PFS and OS in \nintention-to-treat population; incidence rate of adverse events among all treated patients."", ""ORR, PFS and OS in intention-to-treat population; incidence rate of adverse events among all treated patients."", ""PFS and OS irrespective of PD-L1 expression; PFS as determined by investigator assessment; ORR; adverse events; pharmacokinetic measures; tumor tissue biomarkers; patient-reported outcomes."", ""ORR; duration of response; safety"", ""OS in PD-L1 positive population; PFS in the ITT population; proportion of patients who achieved an objective response; duration of response; patient-reported outcomes; safety"", ""ORR, PFS and OS in ITT population; incidence rate of AEs."", ""ORR, DoR, safety, tolerability"", ""OS; ORR; safety; investigator-assessed PFS"", ""OS; ORR; safety""]",/mnt/data1/srchowd3/FD-NL2SQL/methodv2/runs/question_table_copy_tapex_full/questions/row_248_In_Renal_cell_trials_determine_whether_the_listed_endpoint_is_primary_or_secondary_based_on_the_endpoint_text,/mnt/data1/srchowd3/FD-NL2SQL/methodv2/runs/question_table_copy_tapex_full/questions/row_248_In_Renal_cell_trials_determine_whether_the_listed_endpoint_is_primary_or_secondary_based_on_the_endpoint_text/table_copy.csv,/mnt/data1/srchowd3/FD-NL2SQL/methodv2/runs/question_table_copy_tapex_full/questions/row_248_In_Renal_cell_trials_determine_whether_the_listed_endpoint_is_primary_or_secondary_based_on_the_endpoint_text/tapex_table_view.csv,/mnt/data1/srchowd3/FD-NL2SQL/methodv2/runs/question_table_copy_tapex_full/questions/row_248_In_Renal_cell_trials_determine_whether_the_listed_endpoint_is_primary_or_secondary_based_on_the_endpoint_text/ground_truth_table.csv
row_249,249,"In Non-Small Cell Lung Phase 2 trials, standardize the primary endpoint into one of OS, PFS, ORR, DFS, DOR, AE-rate, or Other.",Primary endpoint,"[""primary_endpoint_category""]",10,dor,-0.15897533297538757,64,64,0.0,0.0,0.0,"[""{\""primary_endpoint_category\"": \""PFS\""}"", ""{\""primary_endpoint_category\"": \""PFS\""}"", ""{\""primary_endpoint_category\"": \""PFS\""}"", ""{\""primary_endpoint_category\"": \""PFS\""}"", ""{\""primary_endpoint_category\"": \""PFS\""}"", ""{\""primary_endpoint_category\"": \""ORR\""}"", ""{\""primary_endpoint_category\"": \""ORR\""}"", ""{\""primary_endpoint_category\"": \""ORR\""}"", ""{\""primary_endpoint_category\"": \""OS\""}"", ""{\""primary_endpoint_category\"": \""PFS\""}""]","[""\""PFS\"""", ""PFS"", ""\""ORR\"""", ""ORR"", ""\""OS\"""", ""OS""]","[""PFS"", ""OS+PFS"", ""ORR"", ""OS""]",/mnt/data1/srchowd3/FD-NL2SQL/methodv2/runs/question_table_copy_tapex_full/questions/row_249_In_Non_Small_Cell_Lung_Phase_2_trials_standardize_the_primary_endpoint_into_one_of_OS_PFS_ORR_DFS_DOR_AE_rate_or_Other,/mnt/data1/srchowd3/FD-NL2SQL/methodv2/runs/question_table_copy_tapex_full/questions/row_249_In_Non_Small_Cell_Lung_Phase_2_trials_standardize_the_primary_endpoint_into_one_of_OS_PFS_ORR_DFS_DOR_AE_rate_or_Other/table_copy.csv,/mnt/data1/srchowd3/FD-NL2SQL/methodv2/runs/question_table_copy_tapex_full/questions/row_249_In_Non_Small_Cell_Lung_Phase_2_trials_standardize_the_primary_endpoint_into_one_of_OS_PFS_ORR_DFS_DOR_AE_rate_or_Other/tapex_table_view.csv,/mnt/data1/srchowd3/FD-NL2SQL/methodv2/runs/question_table_copy_tapex_full/questions/row_249_In_Non_Small_Cell_Lung_Phase_2_trials_standardize_the_primary_endpoint_into_one_of_OS_PFS_ORR_DFS_DOR_AE_rate_or_Other/ground_truth_table.csv
row_250,250,"In Hepatocellular trials, categorize number of arms as 1-arm, 2-arm, or ≥3-arm.",Number of arms,"[""arm_category""]",2,2,-0.12044568359851837,128,31,0.0,0.0,1.0,"[""{\""arm_category\"": \""2-arm\""}"", ""{\""arm_category\"": \""≥3-arm\""}""]","[""\""2-arm\"""", ""2-arm"", ""\""≥3-arm\"""", ""≥3-arm""]","[""2"", ""3""]",/mnt/data1/srchowd3/FD-NL2SQL/methodv2/runs/question_table_copy_tapex_full/questions/row_250_In_Hepatocellular_trials_categorize_number_of_arms_as_1_arm_2_arm_or_3_arm,/mnt/data1/srchowd3/FD-NL2SQL/methodv2/runs/question_table_copy_tapex_full/questions/row_250_In_Hepatocellular_trials_categorize_number_of_arms_as_1_arm_2_arm_or_3_arm/table_copy.csv,/mnt/data1/srchowd3/FD-NL2SQL/methodv2/runs/question_table_copy_tapex_full/questions/row_250_In_Hepatocellular_trials_categorize_number_of_arms_as_1_arm_2_arm_or_3_arm/tapex_table_view.csv,/mnt/data1/srchowd3/FD-NL2SQL/methodv2/runs/question_table_copy_tapex_full/questions/row_250_In_Hepatocellular_trials_categorize_number_of_arms_as_1_arm_2_arm_or_3_arm/ground_truth_table.csv
row_251,251,"In Mesothelioma combination therapy trials, normalize the combination type to standardized labels (e.g., ICI+Chemo, ICI+TKI, ICI+ICI).",Type of combination,"[""combo_type_norm""]",1,ici+chemo,-0.11084362864494324,64,13,0.0,0.0,0.0,"[""{\""combo_type_norm\"": \""ICI+ICI\""}""]","[""\""ICI+ICI\"""", ""ICI+ICI""]","[""ICI+ICI""]",/mnt/data1/srchowd3/FD-NL2SQL/methodv2/runs/question_table_copy_tapex_full/questions/row_251_In_Mesothelioma_combination_therapy_trials_normalize_the_combination_type_to_standardized_labels_e_g_ICI_Chemo_ICI_TKI_ICI_ICI,/mnt/data1/srchowd3/FD-NL2SQL/methodv2/runs/question_table_copy_tapex_full/questions/row_251_In_Mesothelioma_combination_therapy_trials_normalize_the_combination_type_to_standardized_labels_e_g_ICI_Chemo_ICI_TKI_ICI_ICI/table_copy.csv,/mnt/data1/srchowd3/FD-NL2SQL/methodv2/runs/question_table_copy_tapex_full/questions/row_251_In_Mesothelioma_combination_therapy_trials_normalize_the_combination_type_to_standardized_labels_e_g_ICI_Chemo_ICI_TKI_ICI_ICI/tapex_table_view.csv,/mnt/data1/srchowd3/FD-NL2SQL/methodv2/runs/question_table_copy_tapex_full/questions/row_251_In_Mesothelioma_combination_therapy_trials_normalize_the_combination_type_to_standardized_labels_e_g_ICI_Chemo_ICI_TKI_ICI_ICI/ground_truth_table.csv
row_252,252,"In Hodgkin Lymphoma trials with PD-L1 agents included in the meta-analysis, map the generic ICI name to its brand name.",Name of ICI,"[""brand_name""]",0,pacific,-0.6380590200424194,0,64,0.0,0.0,0.0,[],[],[],/mnt/data1/srchowd3/FD-NL2SQL/methodv2/runs/question_table_copy_tapex_full/questions/row_252_In_Hodgkin_Lymphoma_trials_with_PD_L1_agents_included_in_the_meta_analysis_map_the_generic_ICI_name_to_its_brand_name,/mnt/data1/srchowd3/FD-NL2SQL/methodv2/runs/question_table_copy_tapex_full/questions/row_252_In_Hodgkin_Lymphoma_trials_with_PD_L1_agents_included_in_the_meta_analysis_map_the_generic_ICI_name_to_its_brand_name/table_copy.csv,/mnt/data1/srchowd3/FD-NL2SQL/methodv2/runs/question_table_copy_tapex_full/questions/row_252_In_Hodgkin_Lymphoma_trials_with_PD_L1_agents_included_in_the_meta_analysis_map_the_generic_ICI_name_to_its_brand_name/tapex_table_view.csv,/mnt/data1/srchowd3/FD-NL2SQL/methodv2/runs/question_table_copy_tapex_full/questions/row_252_In_Hodgkin_Lymphoma_trials_with_PD_L1_agents_included_in_the_meta_analysis_map_the_generic_ICI_name_to_its_brand_name/ground_truth_table.csv
row_253,253,"For Nivolumab trials in Pancreatic, extract the trial acronym from the trial name (e.g., KEYNOTE-xxx, CHECKMATE-xxx).",Trial name,"[""trial_acronym""]",0,checkmate 025,-0.48047441244125366,64,64,0.0,0.0,0.0,[],[],[],/mnt/data1/srchowd3/FD-NL2SQL/methodv2/runs/question_table_copy_tapex_full/questions/row_253_For_Nivolumab_trials_in_Pancreatic_extract_the_trial_acronym_from_the_trial_name_e_g_KEYNOTE_xxx_CHECKMATE_xxx,/mnt/data1/srchowd3/FD-NL2SQL/methodv2/runs/question_table_copy_tapex_full/questions/row_253_For_Nivolumab_trials_in_Pancreatic_extract_the_trial_acronym_from_the_trial_name_e_g_KEYNOTE_xxx_CHECKMATE_xxx/table_copy.csv,/mnt/data1/srchowd3/FD-NL2SQL/methodv2/runs/question_table_copy_tapex_full/questions/row_253_For_Nivolumab_trials_in_Pancreatic_extract_the_trial_acronym_from_the_trial_name_e_g_KEYNOTE_xxx_CHECKMATE_xxx/tapex_table_view.csv,/mnt/data1/srchowd3/FD-NL2SQL/methodv2/runs/question_table_copy_tapex_full/questions/row_253_For_Nivolumab_trials_in_Pancreatic_extract_the_trial_acronym_from_the_trial_name_e_g_KEYNOTE_xxx_CHECKMATE_xxx/ground_truth_table.csv
row_254,254,"In NSCLC trials, convert 'Original/Follow up' status into a boolean is_follow_up.",Originial publication or Follow-up,"[""is_follow_up""]",1,follow-up,-0.10739728063344955,64,64,0.0,0.0,0.0,"[""{\""is_follow_up\"": false}""]","[""false"", ""False""]","[""Original publication""]",/mnt/data1/srchowd3/FD-NL2SQL/methodv2/runs/question_table_copy_tapex_full/questions/row_254_In_NSCLC_trials_convert_Original_Follow_up_status_into_a_boolean_is_follow_up,/mnt/data1/srchowd3/FD-NL2SQL/methodv2/runs/question_table_copy_tapex_full/questions/row_254_In_NSCLC_trials_convert_Original_Follow_up_status_into_a_boolean_is_follow_up/table_copy.csv,/mnt/data1/srchowd3/FD-NL2SQL/methodv2/runs/question_table_copy_tapex_full/questions/row_254_In_NSCLC_trials_convert_Original_Follow_up_status_into_a_boolean_is_follow_up/tapex_table_view.csv,/mnt/data1/srchowd3/FD-NL2SQL/methodv2/runs/question_table_copy_tapex_full/questions/row_254_In_NSCLC_trials_convert_Original_Follow_up_status_into_a_boolean_is_follow_up/ground_truth_table.csv
row_255,255,"For Cemiplimab trials, bucket total sample size as small(<100), medium(100–299), or large(≥300).",Total sample size,"[""size_bucket""]",1,large,-0.09384934604167938,128,30,0.0,1.0,0.0,"[""{\""size_bucket\"": \""large\""}""]","[""\""large\"""", ""large""]","[""710.0""]",/mnt/data1/srchowd3/FD-NL2SQL/methodv2/runs/question_table_copy_tapex_full/questions/row_255_For_Cemiplimab_trials_bucket_total_sample_size_as_small_100_medium_100_299_or_large_300,/mnt/data1/srchowd3/FD-NL2SQL/methodv2/runs/question_table_copy_tapex_full/questions/row_255_For_Cemiplimab_trials_bucket_total_sample_size_as_small_100_medium_100_299_or_large_300/table_copy.csv,/mnt/data1/srchowd3/FD-NL2SQL/methodv2/runs/question_table_copy_tapex_full/questions/row_255_For_Cemiplimab_trials_bucket_total_sample_size_as_small_100_medium_100_299_or_large_300/tapex_table_view.csv,/mnt/data1/srchowd3/FD-NL2SQL/methodv2/runs/question_table_copy_tapex_full/questions/row_255_For_Cemiplimab_trials_bucket_total_sample_size_as_small_100_medium_100_299_or_large_300/ground_truth_table.csv
row_256,256,"In Renal cell trials, classify overall follow-up maturity: 'mature' if ≥24 months, else 'immature' (or 'unknown' if missing).",Follow-up duration for primary endpoint(s) in months | Overall,"[""maturity""]",14,immotion151,-0.3026871681213379,0,64,0.0,0.0,0.0,"[""{\""maturity\"": \""immature\""}"", ""{\""maturity\"": \""immature\""}"", ""{\""maturity\"": \""immature\""}"", ""{\""maturity\"": \""mature\""}"", ""{\""maturity\"": \""mature\""}"", ""{\""maturity\"": \""unknown\""}"", ""{\""maturity\"": \""immature\""}"", ""{\""maturity\"": \""unknown\""}"", ""{\""maturity\"": \""mature\""}"", ""{\""maturity\"": \""unknown\""}"", ""{\""maturity\"": \""unknown\""}"", ""{\""maturity\"": \""mature\""}"", ""{\""maturity\"": \""mature\""}"", ""{\""maturity\"": \""immature\""}""]","[""\""immature\"""", ""immature"", ""\""mature\"""", ""mature"", ""\""unknown\"""", ""unknown""]","[""14"", ""20.7"", ""25.2"", ""32.4"", ""12.8"", ""24, 15"", ""42"", ""30.6"", ""26.6"", ""18.1""]",/mnt/data1/srchowd3/FD-NL2SQL/methodv2/runs/question_table_copy_tapex_full/questions/row_256_In_Renal_cell_trials_classify_overall_follow_up_maturity_mature_if_24_months_else_immature_or_unknown_if_missing,/mnt/data1/srchowd3/FD-NL2SQL/methodv2/runs/question_table_copy_tapex_full/questions/row_256_In_Renal_cell_trials_classify_overall_follow_up_maturity_mature_if_24_months_else_immature_or_unknown_if_missing/table_copy.csv,/mnt/data1/srchowd3/FD-NL2SQL/methodv2/runs/question_table_copy_tapex_full/questions/row_256_In_Renal_cell_trials_classify_overall_follow_up_maturity_mature_if_24_months_else_immature_or_unknown_if_missing/tapex_table_view.csv,/mnt/data1/srchowd3/FD-NL2SQL/methodv2/runs/question_table_copy_tapex_full/questions/row_256_In_Renal_cell_trials_classify_overall_follow_up_maturity_mature_if_24_months_else_immature_or_unknown_if_missing/ground_truth_table.csv
row_258,258,"In Hepatocellular Phase 3 trials, classify the control arm as active, placebo, or best supportive care.",Control arm,"[""control_category""]",2,best supporting care,-0.6801288723945618,0,64,0.0,0.0,0.0,"[""{\""control_category\"": \""placebo\""}"", ""{\""control_category\"": \""active\""}""]","[""\""placebo\"""", ""placebo"", ""\""active\"""", ""active""]","[""Placebo"", ""TKI""]",/mnt/data1/srchowd3/FD-NL2SQL/methodv2/runs/question_table_copy_tapex_full/questions/row_258_In_Hepatocellular_Phase_3_trials_classify_the_control_arm_as_active_placebo_or_best_supportive_care,/mnt/data1/srchowd3/FD-NL2SQL/methodv2/runs/question_table_copy_tapex_full/questions/row_258_In_Hepatocellular_Phase_3_trials_classify_the_control_arm_as_active_placebo_or_best_supportive_care/table_copy.csv,/mnt/data1/srchowd3/FD-NL2SQL/methodv2/runs/question_table_copy_tapex_full/questions/row_258_In_Hepatocellular_Phase_3_trials_classify_the_control_arm_as_active_placebo_or_best_supportive_care/tapex_table_view.csv,/mnt/data1/srchowd3/FD-NL2SQL/methodv2/runs/question_table_copy_tapex_full/questions/row_258_In_Hepatocellular_Phase_3_trials_classify_the_control_arm_as_active_placebo_or_best_supportive_care/ground_truth_table.csv
row_261,261,"In Hepatocellular trials, convert 'Type of therapy' into is_combination = true/false.",Type of therapy,"[""is_combination""]",2,combination,-0.5006682872772217,128,31,0.0,0.0,1.0,"[""{\""is_combination\"": false}"", ""{\""is_combination\"": true}""]","[""false"", ""False"", ""true"", ""True""]","[""Monotherapy"", ""Combination""]",/mnt/data1/srchowd3/FD-NL2SQL/methodv2/runs/question_table_copy_tapex_full/questions/row_261_In_Hepatocellular_trials_convert_Type_of_therapy_into_is_combination_true_false,/mnt/data1/srchowd3/FD-NL2SQL/methodv2/runs/question_table_copy_tapex_full/questions/row_261_In_Hepatocellular_trials_convert_Type_of_therapy_into_is_combination_true_false/table_copy.csv,/mnt/data1/srchowd3/FD-NL2SQL/methodv2/runs/question_table_copy_tapex_full/questions/row_261_In_Hepatocellular_trials_convert_Type_of_therapy_into_is_combination_true_false/tapex_table_view.csv,/mnt/data1/srchowd3/FD-NL2SQL/methodv2/runs/question_table_copy_tapex_full/questions/row_261_In_Hepatocellular_trials_convert_Type_of_therapy_into_is_combination_true_false/ground_truth_table.csv
row_262,262,"For Tremelimumab trials, bucket total sample size as small(<100), medium(100–299), or large(≥300).",Total sample size,"[""size_bucket""]",3,large,-0.10257133096456528,128,30,0.0,1.0,0.0,"[""{\""size_bucket\"": \""large\""}"", ""{\""size_bucket\"": \""large\""}"", ""{\""size_bucket\"": \""large\""}""]","[""\""large\"""", ""large""]","[""655.0"", ""571.0"", ""595.0""]",/mnt/data1/srchowd3/FD-NL2SQL/methodv2/runs/question_table_copy_tapex_full/questions/row_262_For_Tremelimumab_trials_bucket_total_sample_size_as_small_100_medium_100_299_or_large_300,/mnt/data1/srchowd3/FD-NL2SQL/methodv2/runs/question_table_copy_tapex_full/questions/row_262_For_Tremelimumab_trials_bucket_total_sample_size_as_small_100_medium_100_299_or_large_300/table_copy.csv,/mnt/data1/srchowd3/FD-NL2SQL/methodv2/runs/question_table_copy_tapex_full/questions/row_262_For_Tremelimumab_trials_bucket_total_sample_size_as_small_100_medium_100_299_or_large_300/tapex_table_view.csv,/mnt/data1/srchowd3/FD-NL2SQL/methodv2/runs/question_table_copy_tapex_full/questions/row_262_For_Tremelimumab_trials_bucket_total_sample_size_as_small_100_medium_100_299_or_large_300/ground_truth_table.csv
row_264,264,"For Ipilimumab trials, bucket the publication year into: ≤2014, 2015–2018, ≥2019.",Year,"[""era""]",20,2021,-0.20980998873710632,128,31,0.0,0.0,0.0,"[""{\""era\"": \""2015–2018\""}"", ""{\""era\"": \""≤2014\""}"", ""{\""era\"": \""≤2014\""}"", ""{\""era\"": \""≤2014\""}"", ""{\""era\"": \""≤2014\""}"", ""{\""era\"": \""2015–2018\""}"", ""{\""era\"": \""2015–2018\""}"", ""{\""era\"": \""≤2014\""}"", ""{\""era\"": \""≤2014\""}"", ""{\""era\"": \""≤2014\""}"", ""{\""era\"": \""2015–2018\""}"", ""{\""era\"": \""≤2014\""}"", ""{\""era\"": \""2015–2018\""}"", ""{\""era\"": \""≥2019\""}"", ""{\""era\"": \""≥2019\""}"", ""{\""era\"": \""≥2019\""}"", ""{\""era\"": \""≤2014\""}"", ""{\""era\"": \""≤2014\""}"", ""{\""era\"": \""≥2019\""}"", ""{\""era\"": \""2015–2018\""}""]","[""\""2015–2018\"""", ""2015–2018"", ""\""≤2014\"""", ""≤2014"", ""\""≥2019\"""", ""≥2019""]","[""2017"", ""2012"", ""2016"", ""2011"", ""2010"", ""2014"", ""2020"", ""2013"", ""2015""]",/mnt/data1/srchowd3/FD-NL2SQL/methodv2/runs/question_table_copy_tapex_full/questions/row_264_For_Ipilimumab_trials_bucket_the_publication_year_into_2014_2015_2018_2019,/mnt/data1/srchowd3/FD-NL2SQL/methodv2/runs/question_table_copy_tapex_full/questions/row_264_For_Ipilimumab_trials_bucket_the_publication_year_into_2014_2015_2018_2019/table_copy.csv,/mnt/data1/srchowd3/FD-NL2SQL/methodv2/runs/question_table_copy_tapex_full/questions/row_264_For_Ipilimumab_trials_bucket_the_publication_year_into_2014_2015_2018_2019/tapex_table_view.csv,/mnt/data1/srchowd3/FD-NL2SQL/methodv2/runs/question_table_copy_tapex_full/questions/row_264_For_Ipilimumab_trials_bucket_the_publication_year_into_2014_2015_2018_2019/ground_truth_table.csv
row_265,265,"For Durvalumab trials in Renal cell, extract the trial acronym from the trial name (e.g., KEYNOTE-xxx, CHECKMATE-xxx).",Trial name,"[""trial_acronym""]",0,javelin renal 101,-0.38853397965431213,64,64,0.0,0.0,0.0,[],[],[],/mnt/data1/srchowd3/FD-NL2SQL/methodv2/runs/question_table_copy_tapex_full/questions/row_265_For_Durvalumab_trials_in_Renal_cell_extract_the_trial_acronym_from_the_trial_name_e_g_KEYNOTE_xxx_CHECKMATE_xxx,/mnt/data1/srchowd3/FD-NL2SQL/methodv2/runs/question_table_copy_tapex_full/questions/row_265_For_Durvalumab_trials_in_Renal_cell_extract_the_trial_acronym_from_the_trial_name_e_g_KEYNOTE_xxx_CHECKMATE_xxx/table_copy.csv,/mnt/data1/srchowd3/FD-NL2SQL/methodv2/runs/question_table_copy_tapex_full/questions/row_265_For_Durvalumab_trials_in_Renal_cell_extract_the_trial_acronym_from_the_trial_name_e_g_KEYNOTE_xxx_CHECKMATE_xxx/tapex_table_view.csv,/mnt/data1/srchowd3/FD-NL2SQL/methodv2/runs/question_table_copy_tapex_full/questions/row_265_For_Durvalumab_trials_in_Renal_cell_extract_the_trial_acronym_from_the_trial_name_e_g_KEYNOTE_xxx_CHECKMATE_xxx/ground_truth_table.csv
row_266,266,"In Pancreatic trials, normalize the clinical setting to one of: neoadjuvant, adjuvant, perioperative, metastatic/advanced.",Clinical setting,"[""setting_normalized""]",2,adjuvant,-0.25754573941230774,64,64,0.0,0.0,0.0,"[""{\""setting_normalized\"": \""metastatic/advanced\""}"", ""{\""setting_normalized\"": \""metastatic/advanced\""}""]","[""\""metastatic/advanced\"""", ""metastatic/advanced""]","[""Metastatic+recurrent (unresectable)""]",/mnt/data1/srchowd3/FD-NL2SQL/methodv2/runs/question_table_copy_tapex_full/questions/row_266_In_Pancreatic_trials_normalize_the_clinical_setting_to_one_of_neoadjuvant_adjuvant_perioperative_metastatic_advanced,/mnt/data1/srchowd3/FD-NL2SQL/methodv2/runs/question_table_copy_tapex_full/questions/row_266_In_Pancreatic_trials_normalize_the_clinical_setting_to_one_of_neoadjuvant_adjuvant_perioperative_metastatic_advanced/table_copy.csv,/mnt/data1/srchowd3/FD-NL2SQL/methodv2/runs/question_table_copy_tapex_full/questions/row_266_In_Pancreatic_trials_normalize_the_clinical_setting_to_one_of_neoadjuvant_adjuvant_perioperative_metastatic_advanced/tapex_table_view.csv,/mnt/data1/srchowd3/FD-NL2SQL/methodv2/runs/question_table_copy_tapex_full/questions/row_266_In_Pancreatic_trials_normalize_the_clinical_setting_to_one_of_neoadjuvant_adjuvant_perioperative_metastatic_advanced/ground_truth_table.csv
row_267,267,"In Esophageal/GEJ Phase 3 trials, standardize the primary endpoint into one of OS, PFS, ORR, DFS, DOR, AE-rate, or Other.",Primary endpoint,"[""primary_endpoint_category""]",2,dor,-0.26815083622932434,64,64,0.0,0.0,0.0,"[""{\""primary_endpoint_category\"": \""OS\""}"", ""{\""primary_endpoint_category\"": \""OS\""}""]","[""\""OS\"""", ""OS""]","[""OS""]",/mnt/data1/srchowd3/FD-NL2SQL/methodv2/runs/question_table_copy_tapex_full/questions/row_267_In_Esophageal_GEJ_Phase_3_trials_standardize_the_primary_endpoint_into_one_of_OS_PFS_ORR_DFS_DOR_AE_rate_or_Other,/mnt/data1/srchowd3/FD-NL2SQL/methodv2/runs/question_table_copy_tapex_full/questions/row_267_In_Esophageal_GEJ_Phase_3_trials_standardize_the_primary_endpoint_into_one_of_OS_PFS_ORR_DFS_DOR_AE_rate_or_Other/table_copy.csv,/mnt/data1/srchowd3/FD-NL2SQL/methodv2/runs/question_table_copy_tapex_full/questions/row_267_In_Esophageal_GEJ_Phase_3_trials_standardize_the_primary_endpoint_into_one_of_OS_PFS_ORR_DFS_DOR_AE_rate_or_Other/tapex_table_view.csv,/mnt/data1/srchowd3/FD-NL2SQL/methodv2/runs/question_table_copy_tapex_full/questions/row_267_In_Esophageal_GEJ_Phase_3_trials_standardize_the_primary_endpoint_into_one_of_OS_PFS_ORR_DFS_DOR_AE_rate_or_Other/ground_truth_table.csv
row_268,268,"In Esophageal/GEJ trials, normalize the clinical setting to one of: neoadjuvant, adjuvant, perioperative, metastatic/advanced.",Clinical setting,"[""setting_normalized""]",2,adjuvant,-0.6814576387405396,64,64,0.0,0.0,0.0,"[""{\""setting_normalized\"": \""metastatic/advanced\""}"", ""{\""setting_normalized\"": \""metastatic/advanced\""}""]","[""\""metastatic/advanced\"""", ""metastatic/advanced""]","[""Metastatic+recurrent (unresectable)""]",/mnt/data1/srchowd3/FD-NL2SQL/methodv2/runs/question_table_copy_tapex_full/questions/row_268_In_Esophageal_GEJ_trials_normalize_the_clinical_setting_to_one_of_neoadjuvant_adjuvant_perioperative_metastatic_advanced,/mnt/data1/srchowd3/FD-NL2SQL/methodv2/runs/question_table_copy_tapex_full/questions/row_268_In_Esophageal_GEJ_trials_normalize_the_clinical_setting_to_one_of_neoadjuvant_adjuvant_perioperative_metastatic_advanced/table_copy.csv,/mnt/data1/srchowd3/FD-NL2SQL/methodv2/runs/question_table_copy_tapex_full/questions/row_268_In_Esophageal_GEJ_trials_normalize_the_clinical_setting_to_one_of_neoadjuvant_adjuvant_perioperative_metastatic_advanced/tapex_table_view.csv,/mnt/data1/srchowd3/FD-NL2SQL/methodv2/runs/question_table_copy_tapex_full/questions/row_268_In_Esophageal_GEJ_trials_normalize_the_clinical_setting_to_one_of_neoadjuvant_adjuvant_perioperative_metastatic_advanced/ground_truth_table.csv
row_269,269,"For Nivolumab, Ipilimumab trials, bucket trial phase into early (1/1b/2) vs late (3/4).",Trial phase,"[""phase_bucket""]",9,late,-0.15415921807289124,0,64,0.0,1.0,0.0,"[""{\""phase_bucket\"": \""late\""}"", ""{\""phase_bucket\"": \""late\""}"", ""{\""phase_bucket\"": \""late\""}"", ""{\""phase_bucket\"": \""late\""}"", ""{\""phase_bucket\"": \""early\""}"", ""{\""phase_bucket\"": \""late\""}"", ""{\""phase_bucket\"": \""late\""}"", ""{\""phase_bucket\"": \""late\""}"", ""{\""phase_bucket\"": \""late\""}""]","[""\""late\"""", ""late"", ""\""early\"""", ""early""]","[""Phase 3"", ""Phase 2""]",/mnt/data1/srchowd3/FD-NL2SQL/methodv2/runs/question_table_copy_tapex_full/questions/row_269_For_Nivolumab_Ipilimumab_trials_bucket_trial_phase_into_early_1_1b_2_vs_late_3_4,/mnt/data1/srchowd3/FD-NL2SQL/methodv2/runs/question_table_copy_tapex_full/questions/row_269_For_Nivolumab_Ipilimumab_trials_bucket_trial_phase_into_early_1_1b_2_vs_late_3_4/table_copy.csv,/mnt/data1/srchowd3/FD-NL2SQL/methodv2/runs/question_table_copy_tapex_full/questions/row_269_For_Nivolumab_Ipilimumab_trials_bucket_trial_phase_into_early_1_1b_2_vs_late_3_4/tapex_table_view.csv,/mnt/data1/srchowd3/FD-NL2SQL/methodv2/runs/question_table_copy_tapex_full/questions/row_269_For_Nivolumab_Ipilimumab_trials_bucket_trial_phase_into_early_1_1b_2_vs_late_3_4/ground_truth_table.csv
row_270,270,"In Hodgkin Lymphoma trials with chemotherapy control, list the specific cytotoxic drugs from the control regimen.",Control regimen,"[""control_drugs""]",0,"nct03215706, nct02299999, nct02555657, nct03088540, nct02952586",-0.1206095814704895,128,31,0.0,0.0,0.0,[],[],[],/mnt/data1/srchowd3/FD-NL2SQL/methodv2/runs/question_table_copy_tapex_full/questions/row_270_In_Hodgkin_Lymphoma_trials_with_chemotherapy_control_list_the_specific_cytotoxic_drugs_from_the_control_regimen,/mnt/data1/srchowd3/FD-NL2SQL/methodv2/runs/question_table_copy_tapex_full/questions/row_270_In_Hodgkin_Lymphoma_trials_with_chemotherapy_control_list_the_specific_cytotoxic_drugs_from_the_control_regimen/table_copy.csv,/mnt/data1/srchowd3/FD-NL2SQL/methodv2/runs/question_table_copy_tapex_full/questions/row_270_In_Hodgkin_Lymphoma_trials_with_chemotherapy_control_list_the_specific_cytotoxic_drugs_from_the_control_regimen/tapex_table_view.csv,/mnt/data1/srchowd3/FD-NL2SQL/methodv2/runs/question_table_copy_tapex_full/questions/row_270_In_Hodgkin_Lymphoma_trials_with_chemotherapy_control_list_the_specific_cytotoxic_drugs_from_the_control_regimen/ground_truth_table.csv
row_272,272,"In Breast Phase 2 trials, standardize the primary endpoint into one of OS, PFS, ORR, DFS, DOR, AE-rate, or Other.",Primary endpoint,"[""primary_endpoint_category""]",5,dor,-0.25737470388412476,64,64,0.0,0.0,0.0,"[""{\""primary_endpoint_category\"": \""Other\""}"", ""{\""primary_endpoint_category\"": \""Other\""}"", ""{\""primary_endpoint_category\"": \""PFS\""}"", ""{\""primary_endpoint_category\"": \""PFS\""}"", ""{\""primary_endpoint_category\"": \""PFS\""}""]","[""\""Other\"""", ""Other"", ""\""PFS\"""", ""PFS""]","[""Path CR"", ""PFS""]",/mnt/data1/srchowd3/FD-NL2SQL/methodv2/runs/question_table_copy_tapex_full/questions/row_272_In_Breast_Phase_2_trials_standardize_the_primary_endpoint_into_one_of_OS_PFS_ORR_DFS_DOR_AE_rate_or_Other,/mnt/data1/srchowd3/FD-NL2SQL/methodv2/runs/question_table_copy_tapex_full/questions/row_272_In_Breast_Phase_2_trials_standardize_the_primary_endpoint_into_one_of_OS_PFS_ORR_DFS_DOR_AE_rate_or_Other/table_copy.csv,/mnt/data1/srchowd3/FD-NL2SQL/methodv2/runs/question_table_copy_tapex_full/questions/row_272_In_Breast_Phase_2_trials_standardize_the_primary_endpoint_into_one_of_OS_PFS_ORR_DFS_DOR_AE_rate_or_Other/tapex_table_view.csv,/mnt/data1/srchowd3/FD-NL2SQL/methodv2/runs/question_table_copy_tapex_full/questions/row_272_In_Breast_Phase_2_trials_standardize_the_primary_endpoint_into_one_of_OS_PFS_ORR_DFS_DOR_AE_rate_or_Other/ground_truth_table.csv
row_273,273,"In Non-Small Cell Lung trials, classify overall follow-up maturity: 'mature' if ≥24 months, else 'immature' (or 'unknown' if missing).",Follow-up duration for primary endpoint(s) in months | Overall,"[""maturity""]",45,immotion151,-0.36787205934524536,0,64,0.0,0.0,0.0,"[""{\""maturity\"": \""unknown\""}"", ""{\""maturity\"": \""unknown\""}"", ""{\""maturity\"": \""unknown\""}"", ""{\""maturity\"": \""unknown\""}"", ""{\""maturity\"": \""unknown\""}"", ""{\""maturity\"": \""unknown\""}"", ""{\""maturity\"": \""unknown\""}"", ""{\""maturity\"": \""immature\""}"", ""{\""maturity\"": \""unknown\""}"", ""{\""maturity\"": \""immature\""}"", ""{\""maturity\"": \""mature\""}"", ""{\""maturity\"": \""immature\""}"", ""{\""maturity\"": \""immature\""}"", ""{\""maturity\"": \""immature\""}"", ""{\""maturity\"": \""immature\""}"", ""{\""maturity\"": \""mature\""}"", ""{\""maturity\"": \""immature\""}"", ""{\""maturity\"": \""immature\""}"", ""{\""maturity\"": \""unknown\""}"", ""{\""maturity\"": \""unknown\""}"", ""{\""maturity\"": \""immature\""}"", ""{\""maturity\"": \""immature\""}"", ""{\""maturity\"": \""mature\""}"", ""{\""maturity\"": \""mature\""}"", ""{\""maturity\"": \""mature\""}"", ""{\""maturity\"": \""immature\""}"", ""{\""maturity\"": \""mature\""}"", ""{\""maturity\"": \""unknown\""}"", ""{\""maturity\"": \""immature\""}"", ""{\""maturity\"": \""unknown\""}"", ""{\""maturity\"": \""immature\""}"", ""{\""maturity\"": \""immature\""}"", ""{\""maturity\"": \""immature\""}"", ""{\""maturity\"": \""unknown\""}"", ""{\""maturity\"": \""unknown\""}"", ""{\""maturity\"": \""unknown\""}"", ""{\""maturity\"": \""unknown\""}"", ""{\""maturity\"": \""unknown\""}"", ""{\""maturity\"": \""unknown\""}"", ""{\""maturity\"": \""immature\""}"", ""{\""maturity\"": \""mature\""}"", ""{\""maturity\"": \""mature\""}"", ""{\""maturity\"": \""immature\""}"", ""{\""maturity\"": \""unknown\""}"", ""{\""maturity\"": \""immature\""}""]","[""\""unknown\"""", ""unknown"", ""\""immature\"""", ""immature"", ""\""mature\"""", ""mature""]","[""13.5"", ""14.5"", ""25.2"", ""18.3"", ""10.6"", ""23.9"", ""21"", ""26"", ""10.5"", ""7.8"", ""MIN for PFS 9.5, OS 14; MEDIAN for OS 20"", ""11.2"", ""29.3"", ""12.8"", ""8.8"", ""9.1"", ""30.2, 10.6"", ""13.4"", ""48.6"", ""47.7"", ""13.2"", ""8.3""]",/mnt/data1/srchowd3/FD-NL2SQL/methodv2/runs/question_table_copy_tapex_full/questions/row_273_In_Non_Small_Cell_Lung_trials_classify_overall_follow_up_maturity_mature_if_24_months_else_immature_or_unknown_if_missing,/mnt/data1/srchowd3/FD-NL2SQL/methodv2/runs/question_table_copy_tapex_full/questions/row_273_In_Non_Small_Cell_Lung_trials_classify_overall_follow_up_maturity_mature_if_24_months_else_immature_or_unknown_if_missing/table_copy.csv,/mnt/data1/srchowd3/FD-NL2SQL/methodv2/runs/question_table_copy_tapex_full/questions/row_273_In_Non_Small_Cell_Lung_trials_classify_overall_follow_up_maturity_mature_if_24_months_else_immature_or_unknown_if_missing/tapex_table_view.csv,/mnt/data1/srchowd3/FD-NL2SQL/methodv2/runs/question_table_copy_tapex_full/questions/row_273_In_Non_Small_Cell_Lung_trials_classify_overall_follow_up_maturity_mature_if_24_months_else_immature_or_unknown_if_missing/ground_truth_table.csv
row_274,274,"For Brentuximab-vedotin combination therapy trials, list additional agents in the treatment regimen beyond the ICI.",Treatment regimen,"[""added_agents""]",0,nct02256436,-0.2551261782646179,0,64,0.0,0.0,0.0,[],[],[],/mnt/data1/srchowd3/FD-NL2SQL/methodv2/runs/question_table_copy_tapex_full/questions/row_274_For_Brentuximab_vedotin_combination_therapy_trials_list_additional_agents_in_the_treatment_regimen_beyond_the_ICI,/mnt/data1/srchowd3/FD-NL2SQL/methodv2/runs/question_table_copy_tapex_full/questions/row_274_For_Brentuximab_vedotin_combination_therapy_trials_list_additional_agents_in_the_treatment_regimen_beyond_the_ICI/table_copy.csv,/mnt/data1/srchowd3/FD-NL2SQL/methodv2/runs/question_table_copy_tapex_full/questions/row_274_For_Brentuximab_vedotin_combination_therapy_trials_list_additional_agents_in_the_treatment_regimen_beyond_the_ICI/tapex_table_view.csv,/mnt/data1/srchowd3/FD-NL2SQL/methodv2/runs/question_table_copy_tapex_full/questions/row_274_For_Brentuximab_vedotin_combination_therapy_trials_list_additional_agents_in_the_treatment_regimen_beyond_the_ICI/ground_truth_table.csv
row_276,276,"In Head and Neck trials with PD-L1 agents included in the meta-analysis, map the generic ICI name to its brand name.",Name of ICI,"[""brand_name""]",1,javelin head and neck 101,-0.05721345916390419,128,31,0.0,0.0,0.0,"[""{\""brand_name\"": \""Imfinzi\""}""]","[""\""Imfinzi\"""", ""Imfinzi""]","[""Durvalumab""]",/mnt/data1/srchowd3/FD-NL2SQL/methodv2/runs/question_table_copy_tapex_full/questions/row_276_In_Head_and_Neck_trials_with_PD_L1_agents_included_in_the_meta_analysis_map_the_generic_ICI_name_to_its_brand_name,/mnt/data1/srchowd3/FD-NL2SQL/methodv2/runs/question_table_copy_tapex_full/questions/row_276_In_Head_and_Neck_trials_with_PD_L1_agents_included_in_the_meta_analysis_map_the_generic_ICI_name_to_its_brand_name/table_copy.csv,/mnt/data1/srchowd3/FD-NL2SQL/methodv2/runs/question_table_copy_tapex_full/questions/row_276_In_Head_and_Neck_trials_with_PD_L1_agents_included_in_the_meta_analysis_map_the_generic_ICI_name_to_its_brand_name/tapex_table_view.csv,/mnt/data1/srchowd3/FD-NL2SQL/methodv2/runs/question_table_copy_tapex_full/questions/row_276_In_Head_and_Neck_trials_with_PD_L1_agents_included_in_the_meta_analysis_map_the_generic_ICI_name_to_its_brand_name/ground_truth_table.csv
row_277,277,"In Gastric/GEJ Phase 3 trials, standardize the primary endpoint into one of OS, PFS, ORR, DFS, DOR, AE-rate, or Other.",Primary endpoint,"[""primary_endpoint_category""]",7,dor,-0.21678128838539124,64,64,0.0,0.0,0.0,"[""{\""primary_endpoint_category\"": \""OS\""}"", ""{\""primary_endpoint_category\"": \""OS\""}"", ""{\""primary_endpoint_category\"": \""PFS\""}"", ""{\""primary_endpoint_category\"": \""OS\""}"", ""{\""primary_endpoint_category\"": \""PFS\""}"", ""{\""primary_endpoint_category\"": \""PFS\""}"", ""{\""primary_endpoint_category\"": \""OS\""}""]","[""\""OS\"""", ""OS"", ""\""PFS\"""", ""PFS""]","[""OS"", ""OS+PFS""]",/mnt/data1/srchowd3/FD-NL2SQL/methodv2/runs/question_table_copy_tapex_full/questions/row_277_In_Gastric_GEJ_Phase_3_trials_standardize_the_primary_endpoint_into_one_of_OS_PFS_ORR_DFS_DOR_AE_rate_or_Other,/mnt/data1/srchowd3/FD-NL2SQL/methodv2/runs/question_table_copy_tapex_full/questions/row_277_In_Gastric_GEJ_Phase_3_trials_standardize_the_primary_endpoint_into_one_of_OS_PFS_ORR_DFS_DOR_AE_rate_or_Other/table_copy.csv,/mnt/data1/srchowd3/FD-NL2SQL/methodv2/runs/question_table_copy_tapex_full/questions/row_277_In_Gastric_GEJ_Phase_3_trials_standardize_the_primary_endpoint_into_one_of_OS_PFS_ORR_DFS_DOR_AE_rate_or_Other/tapex_table_view.csv,/mnt/data1/srchowd3/FD-NL2SQL/methodv2/runs/question_table_copy_tapex_full/questions/row_277_In_Gastric_GEJ_Phase_3_trials_standardize_the_primary_endpoint_into_one_of_OS_PFS_ORR_DFS_DOR_AE_rate_or_Other/ground_truth_table.csv
row_278,278,"For Ipilimumab combination therapy trials, list additional agents in the treatment regimen beyond the ICI.",Treatment regimen,"[""added_agents""]",12,"nct01704287, nct01704287",-0.25330036878585815,64,64,0.0,0.0,0.0,"[""{\""added_agents\"": [\""paclitaxel\"", \""carboplatin\""]}"", ""{\""added_agents\"": [\""paclitaxel\"", \""carboplatin\""]}"", ""{\""added_agents\"": [\""paclitaxel\"", \""carboplatin\""]}"", ""{\""added_agents\"": [\""paclitaxel\"", \""carboplatin\""]}"", ""{\""added_agents\"": [\""etoposide\"", \""platinum agent\""]}"", ""{\""added_agents\"": [\""paclitaxel\"", \""carboplatin\""]}"", ""{\""added_agents\"": [\""dacarbazine\""]}"", ""{\""added_agents\"": [\""gp100 vaccine\""]}"", ""{\""added_agents\"": null}"", ""{\""added_agents\"": [\""gvax\""]}"", ""{\""added_agents\"": [\""gp100 vaccine\""]}"", ""{\""added_agents\"": null}""]","[""[\""paclitaxel\"", \""carboplatin\""]"", ""paclitaxel"", ""carboplatin"", ""[\""etoposide\"", \""platinum agent\""]"", ""etoposide"", ""platinum agent"", ""[\""dacarbazine\""]"", ""dacarbazine"", ""[\""gp100 vaccine\""]"", ""gp100 vaccine"", ""null"", ""None"", ""[\""gvax\""]"", ""gvax""]","[""Concurrent ipilimumab+Paclitaxel+Carboplatin"", ""Phased ipilimumab+Paclitaxel+Carboplatin"", ""Ipilimumab+Etoposide+Platinum agent"", ""Ipilimumab+Paclitaxel+Carboplatin"", ""Ipilimumab+Dacarbazine"", ""Ipilimumab+Gp100 Vaccine"", ""Ipilimumab"", ""Ipilimumab+GVAX""]",/mnt/data1/srchowd3/FD-NL2SQL/methodv2/runs/question_table_copy_tapex_full/questions/row_278_For_Ipilimumab_combination_therapy_trials_list_additional_agents_in_the_treatment_regimen_beyond_the_ICI,/mnt/data1/srchowd3/FD-NL2SQL/methodv2/runs/question_table_copy_tapex_full/questions/row_278_For_Ipilimumab_combination_therapy_trials_list_additional_agents_in_the_treatment_regimen_beyond_the_ICI/table_copy.csv,/mnt/data1/srchowd3/FD-NL2SQL/methodv2/runs/question_table_copy_tapex_full/questions/row_278_For_Ipilimumab_combination_therapy_trials_list_additional_agents_in_the_treatment_regimen_beyond_the_ICI/tapex_table_view.csv,/mnt/data1/srchowd3/FD-NL2SQL/methodv2/runs/question_table_copy_tapex_full/questions/row_278_For_Ipilimumab_combination_therapy_trials_list_additional_agents_in_the_treatment_regimen_beyond_the_ICI/ground_truth_table.csv
row_279,279,"In Pancreatic trials with PD-L1 agents included in the meta-analysis, map the generic ICI name to its brand name.",Name of ICI,"[""brand_name""]",0,speaker-045,-0.6939271092414856,0,64,0.0,0.0,0.0,[],[],[],/mnt/data1/srchowd3/FD-NL2SQL/methodv2/runs/question_table_copy_tapex_full/questions/row_279_In_Pancreatic_trials_with_PD_L1_agents_included_in_the_meta_analysis_map_the_generic_ICI_name_to_its_brand_name,/mnt/data1/srchowd3/FD-NL2SQL/methodv2/runs/question_table_copy_tapex_full/questions/row_279_In_Pancreatic_trials_with_PD_L1_agents_included_in_the_meta_analysis_map_the_generic_ICI_name_to_its_brand_name/table_copy.csv,/mnt/data1/srchowd3/FD-NL2SQL/methodv2/runs/question_table_copy_tapex_full/questions/row_279_In_Pancreatic_trials_with_PD_L1_agents_included_in_the_meta_analysis_map_the_generic_ICI_name_to_its_brand_name/tapex_table_view.csv,/mnt/data1/srchowd3/FD-NL2SQL/methodv2/runs/question_table_copy_tapex_full/questions/row_279_In_Pancreatic_trials_with_PD_L1_agents_included_in_the_meta_analysis_map_the_generic_ICI_name_to_its_brand_name/ground_truth_table.csv
row_280,280,"In Small Cell Lung trials, categorize number of arms as 1-arm, 2-arm, or ≥3-arm.",Number of arms,"[""arm_category""]",14,2,-0.14629918336868286,128,31,0.0,0.0,1.0,"[""{\""arm_category\"": \""≥3-arm\""}"", ""{\""arm_category\"": \""≥3-arm\""}"", ""{\""arm_category\"": \""2-arm\""}"", ""{\""arm_category\"": \""2-arm\""}"", ""{\""arm_category\"": \""2-arm\""}"", ""{\""arm_category\"": \""≥3-arm\""}"", ""{\""arm_category\"": \""≥3-arm\""}"", ""{\""arm_category\"": \""2-arm\""}"", ""{\""arm_category\"": \""2-arm\""}"", ""{\""arm_category\"": \""≥3-arm\""}"", ""{\""arm_category\"": \""≥3-arm\""}"", ""{\""arm_category\"": \""2-arm\""}"", ""{\""arm_category\"": \""≥3-arm\""}"", ""{\""arm_category\"": \""≥3-arm\""}""]","[""\""≥3-arm\"""", ""≥3-arm"", ""\""2-arm\"""", ""2-arm""]","[""3"", ""2""]",/mnt/data1/srchowd3/FD-NL2SQL/methodv2/runs/question_table_copy_tapex_full/questions/row_280_In_Small_Cell_Lung_trials_categorize_number_of_arms_as_1_arm_2_arm_or_3_arm,/mnt/data1/srchowd3/FD-NL2SQL/methodv2/runs/question_table_copy_tapex_full/questions/row_280_In_Small_Cell_Lung_trials_categorize_number_of_arms_as_1_arm_2_arm_or_3_arm/table_copy.csv,/mnt/data1/srchowd3/FD-NL2SQL/methodv2/runs/question_table_copy_tapex_full/questions/row_280_In_Small_Cell_Lung_trials_categorize_number_of_arms_as_1_arm_2_arm_or_3_arm/tapex_table_view.csv,/mnt/data1/srchowd3/FD-NL2SQL/methodv2/runs/question_table_copy_tapex_full/questions/row_280_In_Small_Cell_Lung_trials_categorize_number_of_arms_as_1_arm_2_arm_or_3_arm/ground_truth_table.csv
row_282,282,"In Non-Small Cell Lung trials with PD-L1 agents included in the meta-analysis, map the generic ICI name to its brand name.",Name of ICI,"[""brand_name""]",10,speaker-021,-0.7156488299369812,0,64,0.0,0.0,0.0,"[""{\""brand_name\"": \""Tecentriq\""}"", ""{\""brand_name\"": \""Imfinzi\""}"", ""{\""brand_name\"": \""Tecentriq\""}"", ""{\""brand_name\"": \""Tecentriq\""}"", ""{\""brand_name\"": \""Tecentriq\""}"", ""{\""brand_name\"": \""Tecentriq\""}"", ""{\""brand_name\"": \""Imfinzi\""}"", ""{\""brand_name\"": \""Imfinzi\""}"", ""{\""brand_name\"": \""Tecentriq\""}"", ""{\""brand_name\"": \""Tecentriq\""}""]","[""\""Tecentriq\"""", ""Tecentriq"", ""\""Imfinzi\"""", ""Imfinzi""]","[""Atezolizumab"", ""Durvalumab""]",/mnt/data1/srchowd3/FD-NL2SQL/methodv2/runs/question_table_copy_tapex_full/questions/row_282_In_Non_Small_Cell_Lung_trials_with_PD_L1_agents_included_in_the_meta_analysis_map_the_generic_ICI_name_to_its_brand_name,/mnt/data1/srchowd3/FD-NL2SQL/methodv2/runs/question_table_copy_tapex_full/questions/row_282_In_Non_Small_Cell_Lung_trials_with_PD_L1_agents_included_in_the_meta_analysis_map_the_generic_ICI_name_to_its_brand_name/table_copy.csv,/mnt/data1/srchowd3/FD-NL2SQL/methodv2/runs/question_table_copy_tapex_full/questions/row_282_In_Non_Small_Cell_Lung_trials_with_PD_L1_agents_included_in_the_meta_analysis_map_the_generic_ICI_name_to_its_brand_name/tapex_table_view.csv,/mnt/data1/srchowd3/FD-NL2SQL/methodv2/runs/question_table_copy_tapex_full/questions/row_282_In_Non_Small_Cell_Lung_trials_with_PD_L1_agents_included_in_the_meta_analysis_map_the_generic_ICI_name_to_its_brand_name/ground_truth_table.csv
row_283,283,"For Atezolizumab+Trastuzumab emtansine+Placebo trials, bucket total sample size as small(<100), medium(100–299), or large(≥300).",Total sample size,"[""size_bucket""]",1,large,-0.10041289031505585,0,64,0.0,0.0,0.0,"[""{\""size_bucket\"": \""medium\""}""]","[""\""medium\"""", ""medium""]","[""202.0""]",/mnt/data1/srchowd3/FD-NL2SQL/methodv2/runs/question_table_copy_tapex_full/questions/row_283_For_Atezolizumab_Trastuzumab_emtansine_Placebo_trials_bucket_total_sample_size_as_small_100_medium_100_299_or_large_300,/mnt/data1/srchowd3/FD-NL2SQL/methodv2/runs/question_table_copy_tapex_full/questions/row_283_For_Atezolizumab_Trastuzumab_emtansine_Placebo_trials_bucket_total_sample_size_as_small_100_medium_100_299_or_large_300/table_copy.csv,/mnt/data1/srchowd3/FD-NL2SQL/methodv2/runs/question_table_copy_tapex_full/questions/row_283_For_Atezolizumab_Trastuzumab_emtansine_Placebo_trials_bucket_total_sample_size_as_small_100_medium_100_299_or_large_300/tapex_table_view.csv,/mnt/data1/srchowd3/FD-NL2SQL/methodv2/runs/question_table_copy_tapex_full/questions/row_283_For_Atezolizumab_Trastuzumab_emtansine_Placebo_trials_bucket_total_sample_size_as_small_100_medium_100_299_or_large_300/ground_truth_table.csv
row_286,286,"For Nivolumab trials in Mesothelioma, extract the trial acronym from the trial name (e.g., KEYNOTE-xxx, CHECKMATE-xxx).",Trial name,"[""trial_acronym""]",0,checkmate 025,-0.3746289908885956,64,64,0.0,0.0,0.0,[],[],[],/mnt/data1/srchowd3/FD-NL2SQL/methodv2/runs/question_table_copy_tapex_full/questions/row_286_For_Nivolumab_trials_in_Mesothelioma_extract_the_trial_acronym_from_the_trial_name_e_g_KEYNOTE_xxx_CHECKMATE_xxx,/mnt/data1/srchowd3/FD-NL2SQL/methodv2/runs/question_table_copy_tapex_full/questions/row_286_For_Nivolumab_trials_in_Mesothelioma_extract_the_trial_acronym_from_the_trial_name_e_g_KEYNOTE_xxx_CHECKMATE_xxx/table_copy.csv,/mnt/data1/srchowd3/FD-NL2SQL/methodv2/runs/question_table_copy_tapex_full/questions/row_286_For_Nivolumab_trials_in_Mesothelioma_extract_the_trial_acronym_from_the_trial_name_e_g_KEYNOTE_xxx_CHECKMATE_xxx/tapex_table_view.csv,/mnt/data1/srchowd3/FD-NL2SQL/methodv2/runs/question_table_copy_tapex_full/questions/row_286_For_Nivolumab_trials_in_Mesothelioma_extract_the_trial_acronym_from_the_trial_name_e_g_KEYNOTE_xxx_CHECKMATE_xxx/ground_truth_table.csv
row_287,287,"In NSCLC trials, categorize number of arms as 1-arm, 2-arm, or ≥3-arm.",Number of arms,"[""arm_category""]",1,2,-0.15469901263713837,128,31,0.0,0.0,1.0,"[""{\""arm_category\"": \""2-arm\""}""]","[""\""2-arm\"""", ""2-arm""]","[""2""]",/mnt/data1/srchowd3/FD-NL2SQL/methodv2/runs/question_table_copy_tapex_full/questions/row_287_In_NSCLC_trials_categorize_number_of_arms_as_1_arm_2_arm_or_3_arm,/mnt/data1/srchowd3/FD-NL2SQL/methodv2/runs/question_table_copy_tapex_full/questions/row_287_In_NSCLC_trials_categorize_number_of_arms_as_1_arm_2_arm_or_3_arm/table_copy.csv,/mnt/data1/srchowd3/FD-NL2SQL/methodv2/runs/question_table_copy_tapex_full/questions/row_287_In_NSCLC_trials_categorize_number_of_arms_as_1_arm_2_arm_or_3_arm/tapex_table_view.csv,/mnt/data1/srchowd3/FD-NL2SQL/methodv2/runs/question_table_copy_tapex_full/questions/row_287_In_NSCLC_trials_categorize_number_of_arms_as_1_arm_2_arm_or_3_arm/ground_truth_table.csv
row_288,288,"For Nivolumab, Ipilimumab combination therapy trials, list additional agents in the treatment regimen beyond the ICI.",Treatment regimen,"[""added_agents""]",9,nct00861614,-0.1862795352935791,128,31,0.0,0.0,0.0,"[""{\""added_agents\"": null}"", ""{\""added_agents\"": null}"", ""{\""added_agents\"": null}"", ""{\""added_agents\"": null}"", ""{\""added_agents\"": null}"", ""{\""added_agents\"": null}"", ""{\""added_agents\"": null}"", ""{\""added_agents\"": null}"", ""{\""added_agents\"": null}""]","[""null"", ""None""]","[""Nivolumab+Ipilimumab"", ""Nivolumab+Ipilimumab+Chemotherapy""]",/mnt/data1/srchowd3/FD-NL2SQL/methodv2/runs/question_table_copy_tapex_full/questions/row_288_For_Nivolumab_Ipilimumab_combination_therapy_trials_list_additional_agents_in_the_treatment_regimen_beyond_the_ICI,/mnt/data1/srchowd3/FD-NL2SQL/methodv2/runs/question_table_copy_tapex_full/questions/row_288_For_Nivolumab_Ipilimumab_combination_therapy_trials_list_additional_agents_in_the_treatment_regimen_beyond_the_ICI/table_copy.csv,/mnt/data1/srchowd3/FD-NL2SQL/methodv2/runs/question_table_copy_tapex_full/questions/row_288_For_Nivolumab_Ipilimumab_combination_therapy_trials_list_additional_agents_in_the_treatment_regimen_beyond_the_ICI/tapex_table_view.csv,/mnt/data1/srchowd3/FD-NL2SQL/methodv2/runs/question_table_copy_tapex_full/questions/row_288_For_Nivolumab_Ipilimumab_combination_therapy_trials_list_additional_agents_in_the_treatment_regimen_beyond_the_ICI/ground_truth_table.csv
row_289,289,"In Urothelial trials, normalize the clinical setting to one of: neoadjuvant, adjuvant, perioperative, metastatic/advanced.",Clinical setting,"[""setting_normalized""]",7,adjuvant,-0.23131707310676575,64,64,0.0,1.0,1.0,"[""{\""setting_normalized\"": \""metastatic/advanced\""}"", ""{\""setting_normalized\"": \""metastatic/advanced\""}"", ""{\""setting_normalized\"": \""metastatic/advanced\""}"", ""{\""setting_normalized\"": \""metastatic/advanced\""}"", ""{\""setting_normalized\"": \""metastatic/advanced\""}"", ""{\""setting_normalized\"": \""metastatic/advanced\""}"", ""{\""setting_normalized\"": \""adjuvant\""}""]","[""\""metastatic/advanced\"""", ""metastatic/advanced"", ""\""adjuvant\"""", ""adjuvant""]","[""Metastatic+recurrent (unresectable)"", ""Adjuvant""]",/mnt/data1/srchowd3/FD-NL2SQL/methodv2/runs/question_table_copy_tapex_full/questions/row_289_In_Urothelial_trials_normalize_the_clinical_setting_to_one_of_neoadjuvant_adjuvant_perioperative_metastatic_advanced,/mnt/data1/srchowd3/FD-NL2SQL/methodv2/runs/question_table_copy_tapex_full/questions/row_289_In_Urothelial_trials_normalize_the_clinical_setting_to_one_of_neoadjuvant_adjuvant_perioperative_metastatic_advanced/table_copy.csv,/mnt/data1/srchowd3/FD-NL2SQL/methodv2/runs/question_table_copy_tapex_full/questions/row_289_In_Urothelial_trials_normalize_the_clinical_setting_to_one_of_neoadjuvant_adjuvant_perioperative_metastatic_advanced/tapex_table_view.csv,/mnt/data1/srchowd3/FD-NL2SQL/methodv2/runs/question_table_copy_tapex_full/questions/row_289_In_Urothelial_trials_normalize_the_clinical_setting_to_one_of_neoadjuvant_adjuvant_perioperative_metastatic_advanced/ground_truth_table.csv
row_290,290,"In Bladder trials with chemotherapy control, list the specific cytotoxic drugs from the control regimen.",Control regimen,"[""control_drugs""]",3,"nct03088540, nct02852083",-0.313866525888443,128,31,0.0,0.0,0.0,"[""{\""control_drugs\"": [\""vinflunine\"", \""paclitaxel\"", \""docetaxel\""]}"", ""{\""control_drugs\"": [\""vinflunine\"", \""paclitaxel\"", \""docetaxel\""]}"", ""{\""control_drugs\"": [\""vinflunine\"", \""paclitaxel\"", \""docetaxel\""]}""]","[""[\""vinflunine\"", \""paclitaxel\"", \""docetaxel\""]"", ""vinflunine"", ""paclitaxel"", ""docetaxel""]","[""Vinflunine+Paclitaxel+Docetaxel""]",/mnt/data1/srchowd3/FD-NL2SQL/methodv2/runs/question_table_copy_tapex_full/questions/row_290_In_Bladder_trials_with_chemotherapy_control_list_the_specific_cytotoxic_drugs_from_the_control_regimen,/mnt/data1/srchowd3/FD-NL2SQL/methodv2/runs/question_table_copy_tapex_full/questions/row_290_In_Bladder_trials_with_chemotherapy_control_list_the_specific_cytotoxic_drugs_from_the_control_regimen/table_copy.csv,/mnt/data1/srchowd3/FD-NL2SQL/methodv2/runs/question_table_copy_tapex_full/questions/row_290_In_Bladder_trials_with_chemotherapy_control_list_the_specific_cytotoxic_drugs_from_the_control_regimen/tapex_table_view.csv,/mnt/data1/srchowd3/FD-NL2SQL/methodv2/runs/question_table_copy_tapex_full/questions/row_290_In_Bladder_trials_with_chemotherapy_control_list_the_specific_cytotoxic_drugs_from_the_control_regimen/ground_truth_table.csv
row_293,293,"For Brentuximab-vedotin trials, bucket trial phase into early (1/1b/2) vs late (3/4).",Trial phase,"[""phase_bucket""]",1,late,-0.08993995189666748,0,64,0.0,1.0,0.0,"[""{\""phase_bucket\"": \""late\""}""]","[""\""late\"""", ""late""]","[""Phase 3""]",/mnt/data1/srchowd3/FD-NL2SQL/methodv2/runs/question_table_copy_tapex_full/questions/row_293_For_Brentuximab_vedotin_trials_bucket_trial_phase_into_early_1_1b_2_vs_late_3_4,/mnt/data1/srchowd3/FD-NL2SQL/methodv2/runs/question_table_copy_tapex_full/questions/row_293_For_Brentuximab_vedotin_trials_bucket_trial_phase_into_early_1_1b_2_vs_late_3_4/table_copy.csv,/mnt/data1/srchowd3/FD-NL2SQL/methodv2/runs/question_table_copy_tapex_full/questions/row_293_For_Brentuximab_vedotin_trials_bucket_trial_phase_into_early_1_1b_2_vs_late_3_4/tapex_table_view.csv,/mnt/data1/srchowd3/FD-NL2SQL/methodv2/runs/question_table_copy_tapex_full/questions/row_293_For_Brentuximab_vedotin_trials_bucket_trial_phase_into_early_1_1b_2_vs_late_3_4/ground_truth_table.csv
row_294,294,"For Cemiplimab trials, bucket the publication year into: ≤2014, 2015–2018, ≥2019.",Year,"[""era""]",1,2021,-0.13188773393630981,128,31,0.0,0.0,1.0,"[""{\""era\"": \""≥2019\""}""]","[""\""≥2019\"""", ""≥2019""]","[""2021""]",/mnt/data1/srchowd3/FD-NL2SQL/methodv2/runs/question_table_copy_tapex_full/questions/row_294_For_Cemiplimab_trials_bucket_the_publication_year_into_2014_2015_2018_2019,/mnt/data1/srchowd3/FD-NL2SQL/methodv2/runs/question_table_copy_tapex_full/questions/row_294_For_Cemiplimab_trials_bucket_the_publication_year_into_2014_2015_2018_2019/table_copy.csv,/mnt/data1/srchowd3/FD-NL2SQL/methodv2/runs/question_table_copy_tapex_full/questions/row_294_For_Cemiplimab_trials_bucket_the_publication_year_into_2014_2015_2018_2019/tapex_table_view.csv,/mnt/data1/srchowd3/FD-NL2SQL/methodv2/runs/question_table_copy_tapex_full/questions/row_294_For_Cemiplimab_trials_bucket_the_publication_year_into_2014_2015_2018_2019/ground_truth_table.csv
row_295,295,"In Prostate trials, classify the ICI by target class from its generic name as PD-1, PD-L1, or CTLA-4.",Name of ICI,"[""class""]",3,ctla-4,-0.3962319791316986,128,31,0.0,1.0,0.0,"[""{\""class\"": \""CTLA-4\""}"", ""{\""class\"": \""CTLA-4\""}"", ""{\""class\"": \""CTLA-4\""}""]","[""\""CTLA-4\"""", ""CTLA-4""]","[""Ipilimumab""]",/mnt/data1/srchowd3/FD-NL2SQL/methodv2/runs/question_table_copy_tapex_full/questions/row_295_In_Prostate_trials_classify_the_ICI_by_target_class_from_its_generic_name_as_PD_1_PD_L1_or_CTLA_4,/mnt/data1/srchowd3/FD-NL2SQL/methodv2/runs/question_table_copy_tapex_full/questions/row_295_In_Prostate_trials_classify_the_ICI_by_target_class_from_its_generic_name_as_PD_1_PD_L1_or_CTLA_4/table_copy.csv,/mnt/data1/srchowd3/FD-NL2SQL/methodv2/runs/question_table_copy_tapex_full/questions/row_295_In_Prostate_trials_classify_the_ICI_by_target_class_from_its_generic_name_as_PD_1_PD_L1_or_CTLA_4/tapex_table_view.csv,/mnt/data1/srchowd3/FD-NL2SQL/methodv2/runs/question_table_copy_tapex_full/questions/row_295_In_Prostate_trials_classify_the_ICI_by_target_class_from_its_generic_name_as_PD_1_PD_L1_or_CTLA_4/ground_truth_table.csv
row_297,297,"In Esophageal/GEJ trials, classify the ICI by target class from its generic name as PD-1, PD-L1, or CTLA-4.",Name of ICI,"[""class""]",2,pd-1,-0.4531294107437134,128,31,0.0,0.0,0.0,"[""{\""class\"": \""PD1\""}"", ""{\""class\"": \""PD1\""}""]","[""\""PD1\"""", ""PD1""]","[""Nivolumab"", ""Pembrolizumab""]",/mnt/data1/srchowd3/FD-NL2SQL/methodv2/runs/question_table_copy_tapex_full/questions/row_297_In_Esophageal_GEJ_trials_classify_the_ICI_by_target_class_from_its_generic_name_as_PD_1_PD_L1_or_CTLA_4,/mnt/data1/srchowd3/FD-NL2SQL/methodv2/runs/question_table_copy_tapex_full/questions/row_297_In_Esophageal_GEJ_trials_classify_the_ICI_by_target_class_from_its_generic_name_as_PD_1_PD_L1_or_CTLA_4/table_copy.csv,/mnt/data1/srchowd3/FD-NL2SQL/methodv2/runs/question_table_copy_tapex_full/questions/row_297_In_Esophageal_GEJ_trials_classify_the_ICI_by_target_class_from_its_generic_name_as_PD_1_PD_L1_or_CTLA_4/tapex_table_view.csv,/mnt/data1/srchowd3/FD-NL2SQL/methodv2/runs/question_table_copy_tapex_full/questions/row_297_In_Esophageal_GEJ_trials_classify_the_ICI_by_target_class_from_its_generic_name_as_PD_1_PD_L1_or_CTLA_4/ground_truth_table.csv
row_299,299,"In Urothelial combination therapy trials, normalize the combination type to standardized labels (e.g., ICI+Chemo, ICI+TKI, ICI+ICI).",Type of combination,"[""combo_type_norm""]",2,ici+chemo,-0.08876671642065048,64,13,0.0,1.0,1.0,"[""{\""combo_type_norm\"": \""ICI+Chemo\""}"", ""{\""combo_type_norm\"": \""ICI+ICI\""}""]","[""\""ICI+Chemo\"""", ""ICI+Chemo"", ""\""ICI+ICI\"""", ""ICI+ICI""]","[""ICI+Chemo"", ""ICI+ICI""]",/mnt/data1/srchowd3/FD-NL2SQL/methodv2/runs/question_table_copy_tapex_full/questions/row_299_In_Urothelial_combination_therapy_trials_normalize_the_combination_type_to_standardized_labels_e_g_ICI_Chemo_ICI_TKI_ICI_ICI,/mnt/data1/srchowd3/FD-NL2SQL/methodv2/runs/question_table_copy_tapex_full/questions/row_299_In_Urothelial_combination_therapy_trials_normalize_the_combination_type_to_standardized_labels_e_g_ICI_Chemo_ICI_TKI_ICI_ICI/table_copy.csv,/mnt/data1/srchowd3/FD-NL2SQL/methodv2/runs/question_table_copy_tapex_full/questions/row_299_In_Urothelial_combination_therapy_trials_normalize_the_combination_type_to_standardized_labels_e_g_ICI_Chemo_ICI_TKI_ICI_ICI/tapex_table_view.csv,/mnt/data1/srchowd3/FD-NL2SQL/methodv2/runs/question_table_copy_tapex_full/questions/row_299_In_Urothelial_combination_therapy_trials_normalize_the_combination_type_to_standardized_labels_e_g_ICI_Chemo_ICI_TKI_ICI_ICI/ground_truth_table.csv
row_300,300,"For Nivolumab trials, bucket trial phase into early (1/1b/2) vs late (3/4).",Trial phase,"[""phase_bucket""]",26,late,-0.04889708757400513,0,64,0.0,1.0,0.0,"[""{\""phase_bucket\"": \""late\""}"", ""{\""phase_bucket\"": \""late\""}"", ""{\""phase_bucket\"": \""late\""}"", ""{\""phase_bucket\"": \""late\""}"", ""{\""phase_bucket\"": \""late\""}"", ""{\""phase_bucket\"": \""late\""}"", ""{\""phase_bucket\"": \""late\""}"", ""{\""phase_bucket\"": \""late\""}"", ""{\""phase_bucket\"": \""late\""}"", ""{\""phase_bucket\"": \""late\""}"", ""{\""phase_bucket\"": \""late\""}"", ""{\""phase_bucket\"": \""late\""}"", ""{\""phase_bucket\"": \""late\""}"", ""{\""phase_bucket\"": \""late\""}"", ""{\""phase_bucket\"": \""late\""}"", ""{\""phase_bucket\"": \""late\""}"", ""{\""phase_bucket\"": \""late\""}"", ""{\""phase_bucket\"": \""early\""}"", ""{\""phase_bucket\"": \""late\""}"", ""{\""phase_bucket\"": \""late\""}"", ""{\""phase_bucket\"": \""late\""}"", ""{\""phase_bucket\"": \""late\""}"", ""{\""phase_bucket\"": \""late\""}"", ""{\""phase_bucket\"": \""late\""}"", ""{\""phase_bucket\"": \""early\""}"", ""{\""phase_bucket\"": \""late\""}""]","[""\""late\"""", ""late"", ""\""early\"""", ""early""]","[""Phase 3"", ""Phase 2""]",/mnt/data1/srchowd3/FD-NL2SQL/methodv2/runs/question_table_copy_tapex_full/questions/row_300_For_Nivolumab_trials_bucket_trial_phase_into_early_1_1b_2_vs_late_3_4,/mnt/data1/srchowd3/FD-NL2SQL/methodv2/runs/question_table_copy_tapex_full/questions/row_300_For_Nivolumab_trials_bucket_trial_phase_into_early_1_1b_2_vs_late_3_4/table_copy.csv,/mnt/data1/srchowd3/FD-NL2SQL/methodv2/runs/question_table_copy_tapex_full/questions/row_300_For_Nivolumab_trials_bucket_trial_phase_into_early_1_1b_2_vs_late_3_4/tapex_table_view.csv,/mnt/data1/srchowd3/FD-NL2SQL/methodv2/runs/question_table_copy_tapex_full/questions/row_300_For_Nivolumab_trials_bucket_trial_phase_into_early_1_1b_2_vs_late_3_4/ground_truth_table.csv
row_302,302,"In Non-Small Cell Lung trials, determine whether the listed endpoint is primary or secondary based on the endpoint text.",Secondary endpoint,"[""endpoint_role""]",45,speaker-045,-0.6861557960510254,0,64,0.0,0.0,0.0,"[""{\""endpoint_role\"": \""secondary\""}"", ""{\""endpoint_role\"": \""secondary\""}"", ""{\""endpoint_role\"": \""secondary\""}"", ""{\""endpoint_role\"": \""secondary\""}"", ""{\""endpoint_role\"": \""secondary\""}"", ""{\""endpoint_role\"": \""secondary\""}"", ""{\""endpoint_role\"": \""secondary\""}"", ""{\""endpoint_role\"": \""secondary\""}"", ""{\""endpoint_role\"": \""secondary\""}"", ""{\""endpoint_role\"": \""secondary\""}"", ""{\""endpoint_role\"": \""secondary\""}"", ""{\""endpoint_role\"": \""secondary\""}"", ""{\""endpoint_role\"": \""secondary\""}"", ""{\""endpoint_role\"": \""secondary\""}"", ""{\""endpoint_role\"": \""secondary\""}"", ""{\""endpoint_role\"": \""secondary\""}"", ""{\""endpoint_role\"": \""secondary\""}"", ""{\""endpoint_role\"": \""secondary\""}"", ""{\""endpoint_role\"": \""secondary\""}"", ""{\""endpoint_role\"": \""secondary\""}"", ""{\""endpoint_role\"": \""secondary\""}"", ""{\""endpoint_role\"": \""secondary\""}"", ""{\""endpoint_role\"": \""secondary\""}"", ""{\""endpoint_role\"": \""secondary\""}"", ""{\""endpoint_role\"": \""secondary\""}"", ""{\""endpoint_role\"": \""secondary\""}"", ""{\""endpoint_role\"": \""secondary\""}"", ""{\""endpoint_role\"": \""secondary\""}"", ""{\""endpoint_role\"": \""secondary\""}"", ""{\""endpoint_role\"": \""secondary\""}"", ""{\""endpoint_role\"": \""secondary\""}"", ""{\""endpoint_role\"": \""secondary\""}"", ""{\""endpoint_role\"": \""secondary\""}"", ""{\""endpoint_role\"": \""secondary\""}"", ""{\""endpoint_role\"": \""secondary\""}"", ""{\""endpoint_role\"": \""secondary\""}"", ""{\""endpoint_role\"": \""secondary\""}"", ""{\""endpoint_role\"": \""secondary\""}"", ""{\""endpoint_role\"": \""secondary\""}"", ""{\""endpoint_role\"": \""secondary\""}"", ""{\""endpoint_role\"": \""secondary\""}"", ""{\""endpoint_role\"": \""secondary\""}"", ""{\""endpoint_role\"": \""secondary\""}"", ""{\""endpoint_role\"": \""secondary\""}"", ""{\""endpoint_role\"": \""secondary\""}""]","[""\""secondary\"""", ""secondary""]","[""Modified WHO criteria PFS; OS; immune-related best overall response rate; modified WHO criteria best overall response rate;  immune-related disease control rate; modified WHO criteria disease control\nrate"", ""OR, PFS, PRO"", ""RR, DOR"", ""ORR, PFS, DOR,OR"", ""OS,PFS(PD-L1),RR, "", ""PFS, ORR, DOR, safety"", ""12-18 month PSA, DOR, ORR, Time to death, secondary progression, safety"", ""Time to death, secondary progression, safety"", ""PFS, ORR, , BOR, PRO, Safety"", ""PFS, DOR, OS"", ""PFS, ORR, DoR"", ""ORR, DOR, safety"", ""PFS, OS in ITT population"", ""PFS with nivolumab VS chemotherapy among patients with a TMB of at least 13 mutations per megabase and a PD-L1 expression level of >= 1%; OS with nivolumab + ipilimumab VS platinum doublet chemotherapy among patients with a TMB of >=10 mutations per megabase "", ""PFS; OS with nivolumab+chemotherapy VS chemotherapy alone in patients with PD-L1 <1%; and OS with nivolumab monotherapy VS chemotherapy in patients with a PD-L1 >=50%"", ""PFS, ORR in pts with PD-L1 TPS of >=50%; >=20%; >=1%"", ""OS, ORR, safety"", ""OS rate at 12 months; proportion of patients alive and progression-free at 6 and 12 months; ORR; DoR."", ""PFS for durvalumab vs. chemotherapy; ORR and DOR in patients with PD-L1 TC ≥25%; safety and tolerability."", ""ORR, DOR, PFS and OS in PD-L1 subgroups and T-effector population; safety."", ""PFS, OS, safety"", ""investigator-assessed PFS, DOR"", ""PFS; ORR"", ""ORR; DoR; HRQOL; safety"", ""OS; DoR; safety; HRQOL""]",/mnt/data1/srchowd3/FD-NL2SQL/methodv2/runs/question_table_copy_tapex_full/questions/row_302_In_Non_Small_Cell_Lung_trials_determine_whether_the_listed_endpoint_is_primary_or_secondary_based_on_the_endpoint_text,/mnt/data1/srchowd3/FD-NL2SQL/methodv2/runs/question_table_copy_tapex_full/questions/row_302_In_Non_Small_Cell_Lung_trials_determine_whether_the_listed_endpoint_is_primary_or_secondary_based_on_the_endpoint_text/table_copy.csv,/mnt/data1/srchowd3/FD-NL2SQL/methodv2/runs/question_table_copy_tapex_full/questions/row_302_In_Non_Small_Cell_Lung_trials_determine_whether_the_listed_endpoint_is_primary_or_secondary_based_on_the_endpoint_text/tapex_table_view.csv,/mnt/data1/srchowd3/FD-NL2SQL/methodv2/runs/question_table_copy_tapex_full/questions/row_302_In_Non_Small_Cell_Lung_trials_determine_whether_the_listed_endpoint_is_primary_or_secondary_based_on_the_endpoint_text/ground_truth_table.csv
row_303,303,"In Breast trials, convert 'Original/Follow up' status into a boolean is_follow_up.",Originial publication or Follow-up,"[""is_follow_up""]",11,follow-up,-0.19847512245178223,64,64,0.0,0.0,1.0,"[""{\""is_follow_up\"": false}"", ""{\""is_follow_up\"": false}"", ""{\""is_follow_up\"": false}"", ""{\""is_follow_up\"": true}"", ""{\""is_follow_up\"": false}"", ""{\""is_follow_up\"": false}"", ""{\""is_follow_up\"": false}"", ""{\""is_follow_up\"": false}"", ""{\""is_follow_up\"": false}"", ""{\""is_follow_up\"": false}"", ""{\""is_follow_up\"": false}""]","[""false"", ""False"", ""true"", ""True""]","[""Original publication"", ""Follow-up""]",/mnt/data1/srchowd3/FD-NL2SQL/methodv2/runs/question_table_copy_tapex_full/questions/row_303_In_Breast_trials_convert_Original_Follow_up_status_into_a_boolean_is_follow_up,/mnt/data1/srchowd3/FD-NL2SQL/methodv2/runs/question_table_copy_tapex_full/questions/row_303_In_Breast_trials_convert_Original_Follow_up_status_into_a_boolean_is_follow_up/table_copy.csv,/mnt/data1/srchowd3/FD-NL2SQL/methodv2/runs/question_table_copy_tapex_full/questions/row_303_In_Breast_trials_convert_Original_Follow_up_status_into_a_boolean_is_follow_up/tapex_table_view.csv,/mnt/data1/srchowd3/FD-NL2SQL/methodv2/runs/question_table_copy_tapex_full/questions/row_303_In_Breast_trials_convert_Original_Follow_up_status_into_a_boolean_is_follow_up/ground_truth_table.csv
row_305,305,"In Small Cell Lung trials, convert 'Original/Follow up' status into a boolean is_follow_up.",Originial publication or Follow-up,"[""is_follow_up""]",14,follow-up,-0.11549055576324463,64,64,0.0,0.0,1.0,"[""{\""is_follow_up\"": false}"", ""{\""is_follow_up\"": false}"", ""{\""is_follow_up\"": false}"", ""{\""is_follow_up\"": false}"", ""{\""is_follow_up\"": false}"", ""{\""is_follow_up\"": false}"", ""{\""is_follow_up\"": false}"", ""{\""is_follow_up\"": true}"", ""{\""is_follow_up\"": false}"", ""{\""is_follow_up\"": true}"", ""{\""is_follow_up\"": true}"", ""{\""is_follow_up\"": false}"", ""{\""is_follow_up\"": false}"", ""{\""is_follow_up\"": false}""]","[""false"", ""False"", ""true"", ""True""]","[""Original publication"", ""Follow-up""]",/mnt/data1/srchowd3/FD-NL2SQL/methodv2/runs/question_table_copy_tapex_full/questions/row_305_In_Small_Cell_Lung_trials_convert_Original_Follow_up_status_into_a_boolean_is_follow_up,/mnt/data1/srchowd3/FD-NL2SQL/methodv2/runs/question_table_copy_tapex_full/questions/row_305_In_Small_Cell_Lung_trials_convert_Original_Follow_up_status_into_a_boolean_is_follow_up/table_copy.csv,/mnt/data1/srchowd3/FD-NL2SQL/methodv2/runs/question_table_copy_tapex_full/questions/row_305_In_Small_Cell_Lung_trials_convert_Original_Follow_up_status_into_a_boolean_is_follow_up/tapex_table_view.csv,/mnt/data1/srchowd3/FD-NL2SQL/methodv2/runs/question_table_copy_tapex_full/questions/row_305_In_Small_Cell_Lung_trials_convert_Original_Follow_up_status_into_a_boolean_is_follow_up/ground_truth_table.csv
row_309,309,"In Breast studies using ICI+TKI, list the TKI agent(s) mentioned in the treatment regimen.",Treatment regimen,"[""tki_agents""]",0,"nct02302807, 29268948",-0.35595157742500305,0,64,0.0,0.0,0.0,[],[],[],/mnt/data1/srchowd3/FD-NL2SQL/methodv2/runs/question_table_copy_tapex_full/questions/row_309_In_Breast_studies_using_ICI_TKI_list_the_TKI_agent_s_mentioned_in_the_treatment_regimen,/mnt/data1/srchowd3/FD-NL2SQL/methodv2/runs/question_table_copy_tapex_full/questions/row_309_In_Breast_studies_using_ICI_TKI_list_the_TKI_agent_s_mentioned_in_the_treatment_regimen/table_copy.csv,/mnt/data1/srchowd3/FD-NL2SQL/methodv2/runs/question_table_copy_tapex_full/questions/row_309_In_Breast_studies_using_ICI_TKI_list_the_TKI_agent_s_mentioned_in_the_treatment_regimen/tapex_table_view.csv,/mnt/data1/srchowd3/FD-NL2SQL/methodv2/runs/question_table_copy_tapex_full/questions/row_309_In_Breast_studies_using_ICI_TKI_list_the_TKI_agent_s_mentioned_in_the_treatment_regimen/ground_truth_table.csv
row_310,310,"In Urothelial trials, categorize number of arms as 1-arm, 2-arm, or ≥3-arm.",Number of arms,"[""arm_category""]",7,2,-0.13313895463943481,128,31,0.0,0.0,1.0,"[""{\""arm_category\"": \""2-arm\""}"", ""{\""arm_category\"": \""≥3-arm\""}"", ""{\""arm_category\"": \""≥3-arm\""}"", ""{\""arm_category\"": \""≥3-arm\""}"", ""{\""arm_category\"": \""≥3-arm\""}"", ""{\""arm_category\"": \""2-arm\""}"", ""{\""arm_category\"": \""2-arm\""}""]","[""\""2-arm\"""", ""2-arm"", ""\""≥3-arm\"""", ""≥3-arm""]","[""2"", ""3""]",/mnt/data1/srchowd3/FD-NL2SQL/methodv2/runs/question_table_copy_tapex_full/questions/row_310_In_Urothelial_trials_categorize_number_of_arms_as_1_arm_2_arm_or_3_arm,/mnt/data1/srchowd3/FD-NL2SQL/methodv2/runs/question_table_copy_tapex_full/questions/row_310_In_Urothelial_trials_categorize_number_of_arms_as_1_arm_2_arm_or_3_arm/table_copy.csv,/mnt/data1/srchowd3/FD-NL2SQL/methodv2/runs/question_table_copy_tapex_full/questions/row_310_In_Urothelial_trials_categorize_number_of_arms_as_1_arm_2_arm_or_3_arm/tapex_table_view.csv,/mnt/data1/srchowd3/FD-NL2SQL/methodv2/runs/question_table_copy_tapex_full/questions/row_310_In_Urothelial_trials_categorize_number_of_arms_as_1_arm_2_arm_or_3_arm/ground_truth_table.csv
row_311,311,"For Pembrolizumab trials in Melanoma, extract the trial acronym from the trial name (e.g., KEYNOTE-xxx, CHECKMATE-xxx).",Trial name,"[""trial_acronym""]",8,checkmate 025,-0.23929348587989807,64,64,0.0,0.0,0.0,"[""{\""trial_acronym\"": \""KEYNOTE-054\""}"", ""{\""trial_acronym\"": \""KEYNOTE-002\""}"", ""{\""trial_acronym\"": \""KEYNOTE-002\""}"", ""{\""trial_acronym\"": \""KEYNOTE-002\""}"", ""{\""trial_acronym\"": \""KEYNOTE-002\""}"", ""{\""trial_acronym\"": \""KEYNOTE-022\""}"", ""{\""trial_acronym\"": \""KEYNOTE-022\""}"", ""{\""trial_acronym\"": \""KEYNOTE-054\""}""]","[""\""KEYNOTE-054\"""", ""KEYNOTE-054"", ""\""KEYNOTE-002\"""", ""KEYNOTE-002"", ""\""KEYNOTE-022\"""", ""KEYNOTE-022""]","[""EORTC 1325-MG/KEYNOTE-054"", ""KEYNOTE-002"", ""KEYNOTE-022""]",/mnt/data1/srchowd3/FD-NL2SQL/methodv2/runs/question_table_copy_tapex_full/questions/row_311_For_Pembrolizumab_trials_in_Melanoma_extract_the_trial_acronym_from_the_trial_name_e_g_KEYNOTE_xxx_CHECKMATE_xxx,/mnt/data1/srchowd3/FD-NL2SQL/methodv2/runs/question_table_copy_tapex_full/questions/row_311_For_Pembrolizumab_trials_in_Melanoma_extract_the_trial_acronym_from_the_trial_name_e_g_KEYNOTE_xxx_CHECKMATE_xxx/table_copy.csv,/mnt/data1/srchowd3/FD-NL2SQL/methodv2/runs/question_table_copy_tapex_full/questions/row_311_For_Pembrolizumab_trials_in_Melanoma_extract_the_trial_acronym_from_the_trial_name_e_g_KEYNOTE_xxx_CHECKMATE_xxx/tapex_table_view.csv,/mnt/data1/srchowd3/FD-NL2SQL/methodv2/runs/question_table_copy_tapex_full/questions/row_311_For_Pembrolizumab_trials_in_Melanoma_extract_the_trial_acronym_from_the_trial_name_e_g_KEYNOTE_xxx_CHECKMATE_xxx/ground_truth_table.csv
row_312,312,"In Bladder trials, determine whether the listed endpoint is primary or secondary based on the endpoint text.",Secondary endpoint,"[""endpoint_role""]",3,immotion,-0.9088876247406006,0,64,0.0,0.0,0.0,"[""{\""endpoint_role\"": \""secondary\""}"", ""{\""endpoint_role\"": \""secondary\""}"", ""{\""endpoint_role\"": \""secondary\""}""]","[""\""secondary\"""", ""secondary""]","[""investigator-assessed RECIST v1.1 ORR, PFS, DoR"", ""Safety, tolerability, ORR, DoR""]",/mnt/data1/srchowd3/FD-NL2SQL/methodv2/runs/question_table_copy_tapex_full/questions/row_312_In_Bladder_trials_determine_whether_the_listed_endpoint_is_primary_or_secondary_based_on_the_endpoint_text,/mnt/data1/srchowd3/FD-NL2SQL/methodv2/runs/question_table_copy_tapex_full/questions/row_312_In_Bladder_trials_determine_whether_the_listed_endpoint_is_primary_or_secondary_based_on_the_endpoint_text/table_copy.csv,/mnt/data1/srchowd3/FD-NL2SQL/methodv2/runs/question_table_copy_tapex_full/questions/row_312_In_Bladder_trials_determine_whether_the_listed_endpoint_is_primary_or_secondary_based_on_the_endpoint_text/tapex_table_view.csv,/mnt/data1/srchowd3/FD-NL2SQL/methodv2/runs/question_table_copy_tapex_full/questions/row_312_In_Bladder_trials_determine_whether_the_listed_endpoint_is_primary_or_secondary_based_on_the_endpoint_text/ground_truth_table.csv
row_314,314,"In Breast trials with chemotherapy control, list the specific cytotoxic drugs from the control regimen.",Control regimen,"[""control_drugs""]",10,"nct03088540, nct02852083",-0.3077300786972046,128,31,0.0,0.0,0.0,"[""{\""control_drugs\"": [\""nab-paclitaxel\""]}"", ""{\""control_drugs\"": [\""nab-paclitaxel\"", \""epirubicin\"", \""cyclophosphamide\""]}"", ""{\""control_drugs\"": [\""paclitaxel\"", \""doxorubicin\"", \""cyclophosphamide\""]}"", ""{\""control_drugs\"": [\""nab-paclitaxel\""]}"", ""{\""control_drugs\"": [\""paclitaxel\"", \""carboplatin\""]}"", ""{\""control_drugs\"": [\""eribulin\""]}"", ""{\""control_drugs\"": [\""nab-paclitaxel\"", \""gemcitabine\"", \""carboplatin\""]}"", ""{\""control_drugs\"": [\""nab-paclitaxel\"", \""doxorubicin\"", \""cyclophosphamide\"", \""filgrastim\"", \""pegfilgrastim\""]}"", ""{\""control_drugs\"": null}"", ""{\""control_drugs\"": null}""]","[""[\""nab-paclitaxel\""]"", ""nab-paclitaxel"", ""[\""nab-paclitaxel\"", \""epirubicin\"", \""cyclophosphamide\""]"", ""epirubicin"", ""cyclophosphamide"", ""[\""paclitaxel\"", \""doxorubicin\"", \""cyclophosphamide\""]"", ""paclitaxel"", ""doxorubicin"", ""[\""paclitaxel\"", \""carboplatin\""]"", ""carboplatin"", ""[\""eribulin\""]"", ""eribulin"", ""[\""nab-paclitaxel\"", \""gemcitabine\"", \""carboplatin\""]"", ""gemcitabine"", ""[\""nab-paclitaxel\"", \""doxorubicin\"", \""cyclophosphamide\"", \""filgrastim\"", \""pegfilgrastim\""]"", ""filgrastim"", ""pegfilgrastim"", ""null"", ""None""]","[""Nab-paclitaxel"", ""Placebo+Nab-paclitaxel+Epirubicin+Cyclophosphamide"", ""Paclitaxel+Doxorubicin+Cyclophosphamide"", ""Placebo+Paclitaxel+Carboplatin"", ""Eribulin"", ""Placebo+Nab-paclitaxel/Gemcitabine+carboplatin"", ""Placebo+Nab-paclitaxel+Doxorubicin+Cyclophosphamide+Filgrastim/Pegfilgrastim"", ""Chemotherapy""]",/mnt/data1/srchowd3/FD-NL2SQL/methodv2/runs/question_table_copy_tapex_full/questions/row_314_In_Breast_trials_with_chemotherapy_control_list_the_specific_cytotoxic_drugs_from_the_control_regimen,/mnt/data1/srchowd3/FD-NL2SQL/methodv2/runs/question_table_copy_tapex_full/questions/row_314_In_Breast_trials_with_chemotherapy_control_list_the_specific_cytotoxic_drugs_from_the_control_regimen/table_copy.csv,/mnt/data1/srchowd3/FD-NL2SQL/methodv2/runs/question_table_copy_tapex_full/questions/row_314_In_Breast_trials_with_chemotherapy_control_list_the_specific_cytotoxic_drugs_from_the_control_regimen/tapex_table_view.csv,/mnt/data1/srchowd3/FD-NL2SQL/methodv2/runs/question_table_copy_tapex_full/questions/row_314_In_Breast_trials_with_chemotherapy_control_list_the_specific_cytotoxic_drugs_from_the_control_regimen/ground_truth_table.csv
row_315,315,"For Cemiplimab combination therapy trials, list additional agents in the treatment regimen beyond the ICI.",Treatment regimen,"[""added_agents""]",0,"nct03088540, modulung",-0.07738292217254639,128,31,0.0,0.0,0.0,[],[],[],/mnt/data1/srchowd3/FD-NL2SQL/methodv2/runs/question_table_copy_tapex_full/questions/row_315_For_Cemiplimab_combination_therapy_trials_list_additional_agents_in_the_treatment_regimen_beyond_the_ICI,/mnt/data1/srchowd3/FD-NL2SQL/methodv2/runs/question_table_copy_tapex_full/questions/row_315_For_Cemiplimab_combination_therapy_trials_list_additional_agents_in_the_treatment_regimen_beyond_the_ICI/table_copy.csv,/mnt/data1/srchowd3/FD-NL2SQL/methodv2/runs/question_table_copy_tapex_full/questions/row_315_For_Cemiplimab_combination_therapy_trials_list_additional_agents_in_the_treatment_regimen_beyond_the_ICI/tapex_table_view.csv,/mnt/data1/srchowd3/FD-NL2SQL/methodv2/runs/question_table_copy_tapex_full/questions/row_315_For_Cemiplimab_combination_therapy_trials_list_additional_agents_in_the_treatment_regimen_beyond_the_ICI/ground_truth_table.csv
row_317,317,"In Pancreatic Phase 2 trials, standardize the primary endpoint into one of OS, PFS, ORR, DFS, DOR, AE-rate, or Other.",Primary endpoint,"[""primary_endpoint_category""]",2,dor,-0.24197737872600555,64,64,0.0,0.0,0.0,"[""{\""primary_endpoint_category\"": \""AE-rate\""}"", ""{\""primary_endpoint_category\"": \""OS\""}""]","[""\""AE-rate\"""", ""AE-rate"", ""\""OS\"""", ""OS""]","[""Safety"", ""OS""]",/mnt/data1/srchowd3/FD-NL2SQL/methodv2/runs/question_table_copy_tapex_full/questions/row_317_In_Pancreatic_Phase_2_trials_standardize_the_primary_endpoint_into_one_of_OS_PFS_ORR_DFS_DOR_AE_rate_or_Other,/mnt/data1/srchowd3/FD-NL2SQL/methodv2/runs/question_table_copy_tapex_full/questions/row_317_In_Pancreatic_Phase_2_trials_standardize_the_primary_endpoint_into_one_of_OS_PFS_ORR_DFS_DOR_AE_rate_or_Other/table_copy.csv,/mnt/data1/srchowd3/FD-NL2SQL/methodv2/runs/question_table_copy_tapex_full/questions/row_317_In_Pancreatic_Phase_2_trials_standardize_the_primary_endpoint_into_one_of_OS_PFS_ORR_DFS_DOR_AE_rate_or_Other/tapex_table_view.csv,/mnt/data1/srchowd3/FD-NL2SQL/methodv2/runs/question_table_copy_tapex_full/questions/row_317_In_Pancreatic_Phase_2_trials_standardize_the_primary_endpoint_into_one_of_OS_PFS_ORR_DFS_DOR_AE_rate_or_Other/ground_truth_table.csv
row_319,319,"In Colorectal trials with PD-L1 agents included in the meta-analysis, map the generic ICI name to its brand name.",Name of ICI,"[""brand_name""]",0,atezolumab,-0.6593875288963318,0,64,0.0,0.0,0.0,[],[],[],/mnt/data1/srchowd3/FD-NL2SQL/methodv2/runs/question_table_copy_tapex_full/questions/row_319_In_Colorectal_trials_with_PD_L1_agents_included_in_the_meta_analysis_map_the_generic_ICI_name_to_its_brand_name,/mnt/data1/srchowd3/FD-NL2SQL/methodv2/runs/question_table_copy_tapex_full/questions/row_319_In_Colorectal_trials_with_PD_L1_agents_included_in_the_meta_analysis_map_the_generic_ICI_name_to_its_brand_name/table_copy.csv,/mnt/data1/srchowd3/FD-NL2SQL/methodv2/runs/question_table_copy_tapex_full/questions/row_319_In_Colorectal_trials_with_PD_L1_agents_included_in_the_meta_analysis_map_the_generic_ICI_name_to_its_brand_name/tapex_table_view.csv,/mnt/data1/srchowd3/FD-NL2SQL/methodv2/runs/question_table_copy_tapex_full/questions/row_319_In_Colorectal_trials_with_PD_L1_agents_included_in_the_meta_analysis_map_the_generic_ICI_name_to_its_brand_name/ground_truth_table.csv
row_320,320,"For Atezolizumab trials in Multiple Myeloma, extract the trial acronym from the trial name (e.g., KEYNOTE-xxx, CHECKMATE-xxx).",Trial name,"[""trial_acronym""]",0,speaker-204,-0.6671519875526428,128,16,0.0,0.0,0.0,[],[],[],/mnt/data1/srchowd3/FD-NL2SQL/methodv2/runs/question_table_copy_tapex_full/questions/row_320_For_Atezolizumab_trials_in_Multiple_Myeloma_extract_the_trial_acronym_from_the_trial_name_e_g_KEYNOTE_xxx_CHECKMATE_xxx,/mnt/data1/srchowd3/FD-NL2SQL/methodv2/runs/question_table_copy_tapex_full/questions/row_320_For_Atezolizumab_trials_in_Multiple_Myeloma_extract_the_trial_acronym_from_the_trial_name_e_g_KEYNOTE_xxx_CHECKMATE_xxx/table_copy.csv,/mnt/data1/srchowd3/FD-NL2SQL/methodv2/runs/question_table_copy_tapex_full/questions/row_320_For_Atezolizumab_trials_in_Multiple_Myeloma_extract_the_trial_acronym_from_the_trial_name_e_g_KEYNOTE_xxx_CHECKMATE_xxx/tapex_table_view.csv,/mnt/data1/srchowd3/FD-NL2SQL/methodv2/runs/question_table_copy_tapex_full/questions/row_320_For_Atezolizumab_trials_in_Multiple_Myeloma_extract_the_trial_acronym_from_the_trial_name_e_g_KEYNOTE_xxx_CHECKMATE_xxx/ground_truth_table.csv
row_321,321,"In NSCLC trials, determine whether the listed endpoint is primary or secondary based on the endpoint text.",Secondary endpoint,"[""endpoint_role""]",1,keynote-045,-0.7606472373008728,0,64,0.0,0.0,0.0,"[""{\""endpoint_role\"": \""secondary\""}""]","[""\""secondary\"""", ""secondary""]",[],/mnt/data1/srchowd3/FD-NL2SQL/methodv2/runs/question_table_copy_tapex_full/questions/row_321_In_NSCLC_trials_determine_whether_the_listed_endpoint_is_primary_or_secondary_based_on_the_endpoint_text,/mnt/data1/srchowd3/FD-NL2SQL/methodv2/runs/question_table_copy_tapex_full/questions/row_321_In_NSCLC_trials_determine_whether_the_listed_endpoint_is_primary_or_secondary_based_on_the_endpoint_text/table_copy.csv,/mnt/data1/srchowd3/FD-NL2SQL/methodv2/runs/question_table_copy_tapex_full/questions/row_321_In_NSCLC_trials_determine_whether_the_listed_endpoint_is_primary_or_secondary_based_on_the_endpoint_text/tapex_table_view.csv,/mnt/data1/srchowd3/FD-NL2SQL/methodv2/runs/question_table_copy_tapex_full/questions/row_321_In_NSCLC_trials_determine_whether_the_listed_endpoint_is_primary_or_secondary_based_on_the_endpoint_text/ground_truth_table.csv
row_324,324,"In Esophageal/GEJ trials, from the secondary endpoint text flag if immune-related adverse events (irAEs) were explicitly assessed.",Secondary endpoint,"[""irAE_assessed""]",2,speaker-119,-0.7344948649406433,128,24,0.0,0.0,0.0,"[""{\""irAE_assessed\"": false}"", ""{\""irAE_assessed\"": false}""]","[""false"", ""False""]","[""investigator-assessed objective response, best overall response; progression-free survival;the proportion of patients with disease control; maximum percentage change from baseline in the sum of the diameters of target lesions; time to response; and duration of response"", ""PFS, ORR, safety, tolerability""]",/mnt/data1/srchowd3/FD-NL2SQL/methodv2/runs/question_table_copy_tapex_full/questions/row_324_In_Esophageal_GEJ_trials_from_the_secondary_endpoint_text_flag_if_immune_related_adverse_events_irAEs_were_explicitly_assessed,/mnt/data1/srchowd3/FD-NL2SQL/methodv2/runs/question_table_copy_tapex_full/questions/row_324_In_Esophageal_GEJ_trials_from_the_secondary_endpoint_text_flag_if_immune_related_adverse_events_irAEs_were_explicitly_assessed/table_copy.csv,/mnt/data1/srchowd3/FD-NL2SQL/methodv2/runs/question_table_copy_tapex_full/questions/row_324_In_Esophageal_GEJ_trials_from_the_secondary_endpoint_text_flag_if_immune_related_adverse_events_irAEs_were_explicitly_assessed/tapex_table_view.csv,/mnt/data1/srchowd3/FD-NL2SQL/methodv2/runs/question_table_copy_tapex_full/questions/row_324_In_Esophageal_GEJ_trials_from_the_secondary_endpoint_text_flag_if_immune_related_adverse_events_irAEs_were_explicitly_assessed/ground_truth_table.csv
row_325,325,"In Bladder Phase 2 trials, standardize the primary endpoint into one of OS, PFS, ORR, DFS, DOR, AE-rate, or Other.",Primary endpoint,"[""primary_endpoint_category""]",0,dor,-0.24556270241737366,64,64,0.0,0.0,0.0,[],[],[],/mnt/data1/srchowd3/FD-NL2SQL/methodv2/runs/question_table_copy_tapex_full/questions/row_325_In_Bladder_Phase_2_trials_standardize_the_primary_endpoint_into_one_of_OS_PFS_ORR_DFS_DOR_AE_rate_or_Other,/mnt/data1/srchowd3/FD-NL2SQL/methodv2/runs/question_table_copy_tapex_full/questions/row_325_In_Bladder_Phase_2_trials_standardize_the_primary_endpoint_into_one_of_OS_PFS_ORR_DFS_DOR_AE_rate_or_Other/table_copy.csv,/mnt/data1/srchowd3/FD-NL2SQL/methodv2/runs/question_table_copy_tapex_full/questions/row_325_In_Bladder_Phase_2_trials_standardize_the_primary_endpoint_into_one_of_OS_PFS_ORR_DFS_DOR_AE_rate_or_Other/tapex_table_view.csv,/mnt/data1/srchowd3/FD-NL2SQL/methodv2/runs/question_table_copy_tapex_full/questions/row_325_In_Bladder_Phase_2_trials_standardize_the_primary_endpoint_into_one_of_OS_PFS_ORR_DFS_DOR_AE_rate_or_Other/ground_truth_table.csv
row_326,326,"For Tremelimumab trials, bucket the publication year into: ≤2014, 2015–2018, ≥2019.",Year,"[""era""]",3,2021,-0.21853530406951904,128,31,0.0,0.0,0.0,"[""{\""era\"": \""≤2014\""}"", ""{\""era\"": \""2015–2018\""}"", ""{\""era\"": \""≥2019\""}""]","[""\""≤2014\"""", ""≤2014"", ""\""2015–2018\"""", ""2015–2018"", ""\""≥2019\"""", ""≥2019""]","[""2013"", ""2017"", ""2020""]",/mnt/data1/srchowd3/FD-NL2SQL/methodv2/runs/question_table_copy_tapex_full/questions/row_326_For_Tremelimumab_trials_bucket_the_publication_year_into_2014_2015_2018_2019,/mnt/data1/srchowd3/FD-NL2SQL/methodv2/runs/question_table_copy_tapex_full/questions/row_326_For_Tremelimumab_trials_bucket_the_publication_year_into_2014_2015_2018_2019/table_copy.csv,/mnt/data1/srchowd3/FD-NL2SQL/methodv2/runs/question_table_copy_tapex_full/questions/row_326_For_Tremelimumab_trials_bucket_the_publication_year_into_2014_2015_2018_2019/tapex_table_view.csv,/mnt/data1/srchowd3/FD-NL2SQL/methodv2/runs/question_table_copy_tapex_full/questions/row_326_For_Tremelimumab_trials_bucket_the_publication_year_into_2014_2015_2018_2019/ground_truth_table.csv
row_327,327,"In Urothelial trials, from the secondary endpoint text flag if immune-related adverse events (irAEs) were explicitly assessed.",Secondary endpoint,"[""irAE_assessed""]",7,nct02523313,-0.2050764113664627,64,64,0.0,0.0,0.0,"[""{\""irAE_assessed\"": false}"", ""{\""irAE_assessed\"": false}"", ""{\""irAE_assessed\"": false}"", ""{\""irAE_assessed\"": false}"", ""{\""irAE_assessed\"": false}"", ""{\""irAE_assessed\"": false}"", ""{\""irAE_assessed\"": false}""]","[""false"", ""False""]","[""OS, treatment outcomes CPS"", ""RR, DOR, PFS"", ""OS, PFS, ORR, DoR, DCR"", ""PFS, ORR, time to response, DoR, DCR, safety "", ""OS; disease-specific survival; distant metastasis-free survival; non-urinary tract recurrence-free survival; pharmacokinetics; PROs""]",/mnt/data1/srchowd3/FD-NL2SQL/methodv2/runs/question_table_copy_tapex_full/questions/row_327_In_Urothelial_trials_from_the_secondary_endpoint_text_flag_if_immune_related_adverse_events_irAEs_were_explicitly_assessed,/mnt/data1/srchowd3/FD-NL2SQL/methodv2/runs/question_table_copy_tapex_full/questions/row_327_In_Urothelial_trials_from_the_secondary_endpoint_text_flag_if_immune_related_adverse_events_irAEs_were_explicitly_assessed/table_copy.csv,/mnt/data1/srchowd3/FD-NL2SQL/methodv2/runs/question_table_copy_tapex_full/questions/row_327_In_Urothelial_trials_from_the_secondary_endpoint_text_flag_if_immune_related_adverse_events_irAEs_were_explicitly_assessed/tapex_table_view.csv,/mnt/data1/srchowd3/FD-NL2SQL/methodv2/runs/question_table_copy_tapex_full/questions/row_327_In_Urothelial_trials_from_the_secondary_endpoint_text_flag_if_immune_related_adverse_events_irAEs_were_explicitly_assessed/ground_truth_table.csv
row_328,328,"In Multiple Myeloma Phase 3 trials, classify the control arm as active, placebo, or best supportive care.",Control arm,"[""control_category""]",2,best supporting care,-0.6998338103294373,0,64,0.0,0.0,0.0,"[""{\""control_category\"": \""active\""}"", ""{\""control_category\"": \""active\""}""]","[""\""active\"""", ""active""]","[""Chemo""]",/mnt/data1/srchowd3/FD-NL2SQL/methodv2/runs/question_table_copy_tapex_full/questions/row_328_In_Multiple_Myeloma_Phase_3_trials_classify_the_control_arm_as_active_placebo_or_best_supportive_care,/mnt/data1/srchowd3/FD-NL2SQL/methodv2/runs/question_table_copy_tapex_full/questions/row_328_In_Multiple_Myeloma_Phase_3_trials_classify_the_control_arm_as_active_placebo_or_best_supportive_care/table_copy.csv,/mnt/data1/srchowd3/FD-NL2SQL/methodv2/runs/question_table_copy_tapex_full/questions/row_328_In_Multiple_Myeloma_Phase_3_trials_classify_the_control_arm_as_active_placebo_or_best_supportive_care/tapex_table_view.csv,/mnt/data1/srchowd3/FD-NL2SQL/methodv2/runs/question_table_copy_tapex_full/questions/row_328_In_Multiple_Myeloma_Phase_3_trials_classify_the_control_arm_as_active_placebo_or_best_supportive_care/ground_truth_table.csv
row_329,329,"In Melanoma trials, from the secondary endpoint text flag if immune-related adverse events (irAEs) were explicitly assessed.",Secondary endpoint,"[""irAE_assessed""]",26,nct02579863,-0.4129713773727417,64,64,0.0,0.0,0.0,"[""{\""irAE_assessed\"": false}"", ""{\""irAE_assessed\"": false}"", ""{\""irAE_assessed\"": false}"", ""{\""irAE_assessed\"": false}"", ""{\""irAE_assessed\"": false}"", ""{\""irAE_assessed\"": false}"", ""{\""irAE_assessed\"": false}"", ""{\""irAE_assessed\"": false}"", ""{\""irAE_assessed\"": false}"", ""{\""irAE_assessed\"": false}"", ""{\""irAE_assessed\"": false}"", ""{\""irAE_assessed\"": false}"", ""{\""irAE_assessed\"": false}"", ""{\""irAE_assessed\"": false}"", ""{\""irAE_assessed\"": false}"", ""{\""irAE_assessed\"": false}"", ""{\""irAE_assessed\"": false}"", ""{\""irAE_assessed\"": false}"", ""{\""irAE_assessed\"": false}"", ""{\""irAE_assessed\"": false}"", ""{\""irAE_assessed\"": false}"", ""{\""irAE_assessed\"": false}"", ""{\""irAE_assessed\"": false}"", ""{\""irAE_assessed\"": false}"", ""{\""irAE_assessed\"": null}"", ""{\""irAE_assessed\"": false}""]","[""false"", ""False"", ""null"", ""None""]","[""PFS, best ORR, DCR, time to response, DOR, safety"", ""Comparison of OS between ipilimumab-alone and gp100-alone groups and between the two ipilimumab groups; best ORR; duration of response; PFS."", ""PFS; best overall response; duration of response; PFS at 6 months after random assignment; safety."", ""Distant metastasis-free survival; OS; safety measures; measures of health-related quality of life."", ""ORR; response duration; time from best overall response of complete or partial response until disease progression; safety."", ""ORR; response duration; safety."", ""OS; distant metastasis–free survival; safety; health-related quality of life."", ""PFS; PD-L1 expression as a predictive biomarker for ORR and OS; health-related quality of life."", ""ORR; duration of response; time to response; OS."", ""Investigator-assessed PFS and objective response; tumor PD-L1 expression as a predictive biomarker of OS."", ""Safety, tolerability and quality-of-life with adjuvant ipilimumab"", ""OS; time to recurrence; safety; PFS or RFS 2."", ""PFS assessed by independent review committee; ORR; DOR; OS; time to deterioration in global health status and physical function."", ""DOS, responses, and safety among patients with ≥2 years’ survival."", ""ORR; duration of response; time to response; OS""]",/mnt/data1/srchowd3/FD-NL2SQL/methodv2/runs/question_table_copy_tapex_full/questions/row_329_In_Melanoma_trials_from_the_secondary_endpoint_text_flag_if_immune_related_adverse_events_irAEs_were_explicitly_assessed,/mnt/data1/srchowd3/FD-NL2SQL/methodv2/runs/question_table_copy_tapex_full/questions/row_329_In_Melanoma_trials_from_the_secondary_endpoint_text_flag_if_immune_related_adverse_events_irAEs_were_explicitly_assessed/table_copy.csv,/mnt/data1/srchowd3/FD-NL2SQL/methodv2/runs/question_table_copy_tapex_full/questions/row_329_In_Melanoma_trials_from_the_secondary_endpoint_text_flag_if_immune_related_adverse_events_irAEs_were_explicitly_assessed/tapex_table_view.csv,/mnt/data1/srchowd3/FD-NL2SQL/methodv2/runs/question_table_copy_tapex_full/questions/row_329_In_Melanoma_trials_from_the_secondary_endpoint_text_flag_if_immune_related_adverse_events_irAEs_were_explicitly_assessed/ground_truth_table.csv
row_335,335,"In Melanoma trials, interpret the PD-L1 requirement flag as boolean true/false.",Is PD-L1 positivity inclusion criteria,"[""pd_l1_required""]",26,false,-0.4649220108985901,0,64,0.0,1.0,0.0,"[""{\""pd_l1_required\"": false}"", ""{\""pd_l1_required\"": false}"", ""{\""pd_l1_required\"": false}"", ""{\""pd_l1_required\"": false}"", ""{\""pd_l1_required\"": false}"", ""{\""pd_l1_required\"": false}"", ""{\""pd_l1_required\"": false}"", ""{\""pd_l1_required\"": false}"", ""{\""pd_l1_required\"": false}"", ""{\""pd_l1_required\"": false}"", ""{\""pd_l1_required\"": false}"", ""{\""pd_l1_required\"": false}"", ""{\""pd_l1_required\"": false}"", ""{\""pd_l1_required\"": false}"", ""{\""pd_l1_required\"": false}"", ""{\""pd_l1_required\"": false}"", ""{\""pd_l1_required\"": false}"", ""{\""pd_l1_required\"": false}"", ""{\""pd_l1_required\"": false}"", ""{\""pd_l1_required\"": false}"", ""{\""pd_l1_required\"": false}"", ""{\""pd_l1_required\"": false}"", ""{\""pd_l1_required\"": false}"", ""{\""pd_l1_required\"": false}"", ""{\""pd_l1_required\"": false}"", ""{\""pd_l1_required\"": false}""]","[""false"", ""False""]","[""No""]",/mnt/data1/srchowd3/FD-NL2SQL/methodv2/runs/question_table_copy_tapex_full/questions/row_335_In_Melanoma_trials_interpret_the_PD_L1_requirement_flag_as_boolean_true_false,/mnt/data1/srchowd3/FD-NL2SQL/methodv2/runs/question_table_copy_tapex_full/questions/row_335_In_Melanoma_trials_interpret_the_PD_L1_requirement_flag_as_boolean_true_false/table_copy.csv,/mnt/data1/srchowd3/FD-NL2SQL/methodv2/runs/question_table_copy_tapex_full/questions/row_335_In_Melanoma_trials_interpret_the_PD_L1_requirement_flag_as_boolean_true_false/tapex_table_view.csv,/mnt/data1/srchowd3/FD-NL2SQL/methodv2/runs/question_table_copy_tapex_full/questions/row_335_In_Melanoma_trials_interpret_the_PD_L1_requirement_flag_as_boolean_true_false/ground_truth_table.csv
row_336,336,"In Non-Small Cell Lung trials, convert 'Type of therapy' into is_combination = true/false.",Type of therapy,"[""is_combination""]",45,combination,-0.36542826890945435,128,31,0.0,0.0,1.0,"[""{\""is_combination\"": true}"", ""{\""is_combination\"": true}"", ""{\""is_combination\"": false}"", ""{\""is_combination\"": false}"", ""{\""is_combination\"": false}"", ""{\""is_combination\"": false}"", ""{\""is_combination\"": false}"", ""{\""is_combination\"": false}"", ""{\""is_combination\"": true}"", ""{\""is_combination\"": false}"", ""{\""is_combination\"": false}"", ""{\""is_combination\"": false}"", ""{\""is_combination\"": true}"", ""{\""is_combination\"": true}"", ""{\""is_combination\"": false}"", ""{\""is_combination\"": false}"", ""{\""is_combination\"": true}"", ""{\""is_combination\"": true}"", ""{\""is_combination\"": true}"", ""{\""is_combination\"": true}"", ""{\""is_combination\"": true}"", ""{\""is_combination\"": false}"", ""{\""is_combination\"": true}"", ""{\""is_combination\"": false}"", ""{\""is_combination\"": true}"", ""{\""is_combination\"": false}"", ""{\""is_combination\"": false}"", ""{\""is_combination\"": true}"", ""{\""is_combination\"": false}"", ""{\""is_combination\"": true}"", ""{\""is_combination\"": false}"", ""{\""is_combination\"": false}"", ""{\""is_combination\"": true}"", ""{\""is_combination\"": false}"", ""{\""is_combination\"": true}"", ""{\""is_combination\"": true}"", ""{\""is_combination\"": true}"", ""{\""is_combination\"": true}"", ""{\""is_combination\"": false}"", ""{\""is_combination\"": false}"", ""{\""is_combination\"": false}"", ""{\""is_combination\"": false}"", ""{\""is_combination\"": true}"", ""{\""is_combination\"": false}"", ""{\""is_combination\"": false}""]","[""true"", ""True"", ""false"", ""False""]","[""Combination"", ""Monotherapy""]",/mnt/data1/srchowd3/FD-NL2SQL/methodv2/runs/question_table_copy_tapex_full/questions/row_336_In_Non_Small_Cell_Lung_trials_convert_Type_of_therapy_into_is_combination_true_false,/mnt/data1/srchowd3/FD-NL2SQL/methodv2/runs/question_table_copy_tapex_full/questions/row_336_In_Non_Small_Cell_Lung_trials_convert_Type_of_therapy_into_is_combination_true_false/table_copy.csv,/mnt/data1/srchowd3/FD-NL2SQL/methodv2/runs/question_table_copy_tapex_full/questions/row_336_In_Non_Small_Cell_Lung_trials_convert_Type_of_therapy_into_is_combination_true_false/tapex_table_view.csv,/mnt/data1/srchowd3/FD-NL2SQL/methodv2/runs/question_table_copy_tapex_full/questions/row_336_In_Non_Small_Cell_Lung_trials_convert_Type_of_therapy_into_is_combination_true_false/ground_truth_table.csv
row_338,338,"In Mesothelioma trials, classify the ICI by target class from its generic name as PD-1, PD-L1, or CTLA-4.",Name of ICI,"[""class""]",3,pd-1,-0.23869487643241882,128,31,0.0,0.0,0.0,"[""{\""class\"": \""CTLA-4\""}"", ""{\""class\"": \""PD1, CTLA-4\""}"", ""{\""class\"": \""PD1\""}""]","[""\""CTLA-4\"""", ""CTLA-4"", ""\""PD1, CTLA-4\"""", ""PD1, CTLA-4"", ""\""PD1\"""", ""PD1""]","[""Tremelimumab"", ""Nivolumab, Ipilimumab"", ""Pembrolizumab""]",/mnt/data1/srchowd3/FD-NL2SQL/methodv2/runs/question_table_copy_tapex_full/questions/row_338_In_Mesothelioma_trials_classify_the_ICI_by_target_class_from_its_generic_name_as_PD_1_PD_L1_or_CTLA_4,/mnt/data1/srchowd3/FD-NL2SQL/methodv2/runs/question_table_copy_tapex_full/questions/row_338_In_Mesothelioma_trials_classify_the_ICI_by_target_class_from_its_generic_name_as_PD_1_PD_L1_or_CTLA_4/table_copy.csv,/mnt/data1/srchowd3/FD-NL2SQL/methodv2/runs/question_table_copy_tapex_full/questions/row_338_In_Mesothelioma_trials_classify_the_ICI_by_target_class_from_its_generic_name_as_PD_1_PD_L1_or_CTLA_4/tapex_table_view.csv,/mnt/data1/srchowd3/FD-NL2SQL/methodv2/runs/question_table_copy_tapex_full/questions/row_338_In_Mesothelioma_trials_classify_the_ICI_by_target_class_from_its_generic_name_as_PD_1_PD_L1_or_CTLA_4/ground_truth_table.csv
row_339,339,"In Esophageal/GEJ trials, determine whether the listed endpoint is primary or secondary based on the endpoint text.",Secondary endpoint,"[""endpoint_role""]",2,speaker-181,-0.7090434432029724,128,24,0.0,0.0,0.0,"[""{\""endpoint_role\"": \""secondary\""}"", ""{\""endpoint_role\"": \""secondary\""}""]","[""\""secondary\"""", ""secondary""]","[""investigator-assessed objective response, best overall response; progression-free survival;the proportion of patients with disease control; maximum percentage change from baseline in the sum of the diameters of target lesions; time to response; and duration of response"", ""PFS, ORR, safety, tolerability""]",/mnt/data1/srchowd3/FD-NL2SQL/methodv2/runs/question_table_copy_tapex_full/questions/row_339_In_Esophageal_GEJ_trials_determine_whether_the_listed_endpoint_is_primary_or_secondary_based_on_the_endpoint_text,/mnt/data1/srchowd3/FD-NL2SQL/methodv2/runs/question_table_copy_tapex_full/questions/row_339_In_Esophageal_GEJ_trials_determine_whether_the_listed_endpoint_is_primary_or_secondary_based_on_the_endpoint_text/table_copy.csv,/mnt/data1/srchowd3/FD-NL2SQL/methodv2/runs/question_table_copy_tapex_full/questions/row_339_In_Esophageal_GEJ_trials_determine_whether_the_listed_endpoint_is_primary_or_secondary_based_on_the_endpoint_text/tapex_table_view.csv,/mnt/data1/srchowd3/FD-NL2SQL/methodv2/runs/question_table_copy_tapex_full/questions/row_339_In_Esophageal_GEJ_trials_determine_whether_the_listed_endpoint_is_primary_or_secondary_based_on_the_endpoint_text/ground_truth_table.csv
row_340,340,"For Atezolizumab trials in Non-Small Cell Lung, extract the trial acronym from the trial name (e.g., KEYNOTE-xxx, CHECKMATE-xxx).",Trial name,"[""trial_acronym""]",12,keynote-204,-0.7348231673240662,128,16,0.0,0.0,0.0,"[""{\""trial_acronym\"": \""POPLAR\""}"", ""{\""trial_acronym\"": \""JAVELIN Lung 200\""}"", ""{\""trial_acronym\"": \""OAK\""}"", ""{\""trial_acronym\"": \""OAK\""}"", ""{\""trial_acronym\"": \""IMPower150\""}"", ""{\""trial_acronym\"": \""IMPower150\""}"", ""{\""trial_acronym\"": \""IMpower130\""}"", ""{\""trial_acronym\"": \""IMpower131\""}"", ""{\""trial_acronym\"": \""IMpower131\""}"", ""{\""trial_acronym\"": \""IMpower110\""}"", ""{\""trial_acronym\"": \""POPLAR\""}"", ""{\""trial_acronym\"": \""OAK\""}""]","[""\""POPLAR\"""", ""POPLAR"", ""\""JAVELIN Lung 200\"""", ""JAVELIN Lung 200"", ""\""OAK\"""", ""OAK"", ""\""IMPower150\"""", ""IMPower150"", ""\""IMpower130\"""", ""IMpower130"", ""\""IMpower131\"""", ""IMpower131"", ""\""IMpower110\"""", ""IMpower110""]","[""POPLAR"", ""JAVELIN Lung 200"", ""OAK"", ""IMPower150"", ""IMpower130"", ""IMpower131"", ""IMpower110""]",/mnt/data1/srchowd3/FD-NL2SQL/methodv2/runs/question_table_copy_tapex_full/questions/row_340_For_Atezolizumab_trials_in_Non_Small_Cell_Lung_extract_the_trial_acronym_from_the_trial_name_e_g_KEYNOTE_xxx_CHECKMATE_xxx,/mnt/data1/srchowd3/FD-NL2SQL/methodv2/runs/question_table_copy_tapex_full/questions/row_340_For_Atezolizumab_trials_in_Non_Small_Cell_Lung_extract_the_trial_acronym_from_the_trial_name_e_g_KEYNOTE_xxx_CHECKMATE_xxx/table_copy.csv,/mnt/data1/srchowd3/FD-NL2SQL/methodv2/runs/question_table_copy_tapex_full/questions/row_340_For_Atezolizumab_trials_in_Non_Small_Cell_Lung_extract_the_trial_acronym_from_the_trial_name_e_g_KEYNOTE_xxx_CHECKMATE_xxx/tapex_table_view.csv,/mnt/data1/srchowd3/FD-NL2SQL/methodv2/runs/question_table_copy_tapex_full/questions/row_340_For_Atezolizumab_trials_in_Non_Small_Cell_Lung_extract_the_trial_acronym_from_the_trial_name_e_g_KEYNOTE_xxx_CHECKMATE_xxx/ground_truth_table.csv
row_342,342,"For Pembrolizumab trials in NSCLC, extract the trial acronym from the trial name (e.g., KEYNOTE-xxx, CHECKMATE-xxx).",Trial name,"[""trial_acronym""]",0,checkmate 025,-0.17676326632499695,64,64,0.0,0.0,0.0,[],[],[],/mnt/data1/srchowd3/FD-NL2SQL/methodv2/runs/question_table_copy_tapex_full/questions/row_342_For_Pembrolizumab_trials_in_NSCLC_extract_the_trial_acronym_from_the_trial_name_e_g_KEYNOTE_xxx_CHECKMATE_xxx,/mnt/data1/srchowd3/FD-NL2SQL/methodv2/runs/question_table_copy_tapex_full/questions/row_342_For_Pembrolizumab_trials_in_NSCLC_extract_the_trial_acronym_from_the_trial_name_e_g_KEYNOTE_xxx_CHECKMATE_xxx/table_copy.csv,/mnt/data1/srchowd3/FD-NL2SQL/methodv2/runs/question_table_copy_tapex_full/questions/row_342_For_Pembrolizumab_trials_in_NSCLC_extract_the_trial_acronym_from_the_trial_name_e_g_KEYNOTE_xxx_CHECKMATE_xxx/tapex_table_view.csv,/mnt/data1/srchowd3/FD-NL2SQL/methodv2/runs/question_table_copy_tapex_full/questions/row_342_For_Pembrolizumab_trials_in_NSCLC_extract_the_trial_acronym_from_the_trial_name_e_g_KEYNOTE_xxx_CHECKMATE_xxx/ground_truth_table.csv
row_343,343,"In Small Cell Lung trials, convert 'Type of therapy' into is_combination = true/false.",Type of therapy,"[""is_combination""]",14,combination,-0.5556234121322632,128,31,0.0,0.0,1.0,"[""{\""is_combination\"": true}"", ""{\""is_combination\"": true}"", ""{\""is_combination\"": true}"", ""{\""is_combination\"": true}"", ""{\""is_combination\"": false}"", ""{\""is_combination\"": true}"", ""{\""is_combination\"": true}"", ""{\""is_combination\"": true}"", ""{\""is_combination\"": true}"", ""{\""is_combination\"": true}"", ""{\""is_combination\"": true}"", ""{\""is_combination\"": false}"", ""{\""is_combination\"": true}"", ""{\""is_combination\"": false}""]","[""true"", ""True"", ""false"", ""False""]","[""Combination"", ""Monotherapy""]",/mnt/data1/srchowd3/FD-NL2SQL/methodv2/runs/question_table_copy_tapex_full/questions/row_343_In_Small_Cell_Lung_trials_convert_Type_of_therapy_into_is_combination_true_false,/mnt/data1/srchowd3/FD-NL2SQL/methodv2/runs/question_table_copy_tapex_full/questions/row_343_In_Small_Cell_Lung_trials_convert_Type_of_therapy_into_is_combination_true_false/table_copy.csv,/mnt/data1/srchowd3/FD-NL2SQL/methodv2/runs/question_table_copy_tapex_full/questions/row_343_In_Small_Cell_Lung_trials_convert_Type_of_therapy_into_is_combination_true_false/tapex_table_view.csv,/mnt/data1/srchowd3/FD-NL2SQL/methodv2/runs/question_table_copy_tapex_full/questions/row_343_In_Small_Cell_Lung_trials_convert_Type_of_therapy_into_is_combination_true_false/ground_truth_table.csv
row_346,346,"In NSCLC trials, from the secondary endpoint text flag if immune-related adverse events (irAEs) were explicitly assessed.",Secondary endpoint,"[""irAE_assessed""]",1,nct02564263,-0.6616880893707275,128,24,0.0,0.0,0.0,"[""{\""irAE_assessed\"": null}""]","[""null"", ""None""]",[],/mnt/data1/srchowd3/FD-NL2SQL/methodv2/runs/question_table_copy_tapex_full/questions/row_346_In_NSCLC_trials_from_the_secondary_endpoint_text_flag_if_immune_related_adverse_events_irAEs_were_explicitly_assessed,/mnt/data1/srchowd3/FD-NL2SQL/methodv2/runs/question_table_copy_tapex_full/questions/row_346_In_NSCLC_trials_from_the_secondary_endpoint_text_flag_if_immune_related_adverse_events_irAEs_were_explicitly_assessed/table_copy.csv,/mnt/data1/srchowd3/FD-NL2SQL/methodv2/runs/question_table_copy_tapex_full/questions/row_346_In_NSCLC_trials_from_the_secondary_endpoint_text_flag_if_immune_related_adverse_events_irAEs_were_explicitly_assessed/tapex_table_view.csv,/mnt/data1/srchowd3/FD-NL2SQL/methodv2/runs/question_table_copy_tapex_full/questions/row_346_In_NSCLC_trials_from_the_secondary_endpoint_text_flag_if_immune_related_adverse_events_irAEs_were_explicitly_assessed/ground_truth_table.csv
row_347,347,"In Non-Small Cell Lung Phase 3 trials, classify the control arm as active, placebo, or best supportive care.",Control arm,"[""control_category""]",35,best supportive care,-0.7554134726524353,0,64,0.0,0.0,0.0,"[""{\""control_category\"": \""active\""}"", ""{\""control_category\"": \""active\""}"", ""{\""control_category\"": \""active\""}"", ""{\""control_category\"": \""active\""}"", ""{\""control_category\"": \""placebo\""}"", ""{\""control_category\"": \""placebo\""}"", ""{\""control_category\"": \""active\""}"", ""{\""control_category\"": \""active\""}"", ""{\""control_category\"": \""active\""}"", ""{\""control_category\"": \""active\""}"", ""{\""control_category\"": \""active\""}"", ""{\""control_category\"": \""active\""}"", ""{\""control_category\"": \""active\""}"", ""{\""control_category\"": \""active\""}"", ""{\""control_category\"": \""active\""}"", ""{\""control_category\"": \""active\""}"", ""{\""control_category\"": \""active\""}"", ""{\""control_category\"": \""active\""}"", ""{\""control_category\"": \""active\""}"", ""{\""control_category\"": \""active\""}"", ""{\""control_category\"": \""active\""}"", ""{\""control_category\"": \""active\""}"", ""{\""control_category\"": \""active\""}"", ""{\""control_category\"": \""active\""}"", ""{\""control_category\"": \""active\""}"", ""{\""control_category\"": \""active\""}"", ""{\""control_category\"": \""active\""}"", ""{\""control_category\"": \""active\""}"", ""{\""control_category\"": \""active\""}"", ""{\""control_category\"": \""active\""}"", ""{\""control_category\"": \""active\""}"", ""{\""control_category\"": \""active\""}"", ""{\""control_category\"": \""active\""}"", ""{\""control_category\"": \""active\""}"", ""{\""control_category\"": \""active\""}""]","[""\""active\"""", ""active"", ""\""placebo\"""", ""placebo""]","[""Chemo"", ""Placebo  "", ""Chemo+Anti-VEGF"", ""TKI"", ""Chemo/TKI""]",/mnt/data1/srchowd3/FD-NL2SQL/methodv2/runs/question_table_copy_tapex_full/questions/row_347_In_Non_Small_Cell_Lung_Phase_3_trials_classify_the_control_arm_as_active_placebo_or_best_supportive_care,/mnt/data1/srchowd3/FD-NL2SQL/methodv2/runs/question_table_copy_tapex_full/questions/row_347_In_Non_Small_Cell_Lung_Phase_3_trials_classify_the_control_arm_as_active_placebo_or_best_supportive_care/table_copy.csv,/mnt/data1/srchowd3/FD-NL2SQL/methodv2/runs/question_table_copy_tapex_full/questions/row_347_In_Non_Small_Cell_Lung_Phase_3_trials_classify_the_control_arm_as_active_placebo_or_best_supportive_care/tapex_table_view.csv,/mnt/data1/srchowd3/FD-NL2SQL/methodv2/runs/question_table_copy_tapex_full/questions/row_347_In_Non_Small_Cell_Lung_Phase_3_trials_classify_the_control_arm_as_active_placebo_or_best_supportive_care/ground_truth_table.csv
row_349,349,"In Esophageal/GEJ trials, categorize number of arms as 1-arm, 2-arm, or ≥3-arm.",Number of arms,"[""arm_category""]",2,2,-0.08519090712070465,128,31,0.0,0.0,1.0,"[""{\""arm_category\"": \""2-arm\""}"", ""{\""arm_category\"": \""2-arm\""}""]","[""\""2-arm\"""", ""2-arm""]","[""2""]",/mnt/data1/srchowd3/FD-NL2SQL/methodv2/runs/question_table_copy_tapex_full/questions/row_349_In_Esophageal_GEJ_trials_categorize_number_of_arms_as_1_arm_2_arm_or_3_arm,/mnt/data1/srchowd3/FD-NL2SQL/methodv2/runs/question_table_copy_tapex_full/questions/row_349_In_Esophageal_GEJ_trials_categorize_number_of_arms_as_1_arm_2_arm_or_3_arm/table_copy.csv,/mnt/data1/srchowd3/FD-NL2SQL/methodv2/runs/question_table_copy_tapex_full/questions/row_349_In_Esophageal_GEJ_trials_categorize_number_of_arms_as_1_arm_2_arm_or_3_arm/tapex_table_view.csv,/mnt/data1/srchowd3/FD-NL2SQL/methodv2/runs/question_table_copy_tapex_full/questions/row_349_In_Esophageal_GEJ_trials_categorize_number_of_arms_as_1_arm_2_arm_or_3_arm/ground_truth_table.csv
row_350,350,"For Atezolizumab trials, bucket total sample size as small(<100), medium(100–299), or large(≥300).",Total sample size,"[""size_bucket""]",30,large,-0.11877414584159851,128,30,0.0,1.0,0.0,"[""{\""size_bucket\"": \""large\""}"", ""{\""size_bucket\"": \""large\""}"", ""{\""size_bucket\"": \""large\""}"", ""{\""size_bucket\"": \""large\""}"", ""{\""size_bucket\"": \""large\""}"", ""{\""size_bucket\"": \""large\""}"", ""{\""size_bucket\"": \""large\""}"", ""{\""size_bucket\"": \""medium\""}"", ""{\""size_bucket\"": \""large\""}"", ""{\""size_bucket\"": \""large\""}"", ""{\""size_bucket\"": \""large\""}"", ""{\""size_bucket\"": \""large\""}"", ""{\""size_bucket\"": \""large\""}"", ""{\""size_bucket\"": \""large\""}"", ""{\""size_bucket\"": \""small\""}"", ""{\""size_bucket\"": \""large\""}"", ""{\""size_bucket\"": \""large\""}"", ""{\""size_bucket\"": \""large\""}"", ""{\""size_bucket\"": \""large\""}"", ""{\""size_bucket\"": \""large\""}"", ""{\""size_bucket\"": \""large\""}"", ""{\""size_bucket\"": \""large\""}"", ""{\""size_bucket\"": \""large\""}"", ""{\""size_bucket\"": \""large\""}"", ""{\""size_bucket\"": \""large\""}"", ""{\""size_bucket\"": \""large\""}"", ""{\""size_bucket\"": \""large\""}"", ""{\""size_bucket\"": \""medium\""}"", ""{\""size_bucket\"": \""large\""}"", ""{\""size_bucket\"": \""large\""}""]","[""\""large\"""", ""large"", ""\""medium\"""", ""medium"", ""\""small\"""", ""small""]","[""931.0"", ""902.0"", ""363.0"", ""305.0"", ""915.0"", ""287.0"", ""758.0"", ""1225.0"", ""403.0"", ""1202.0"", ""73.0"", ""724.0"", ""1021.0"", ""514.0"", ""1213.0"", ""336.0"", ""333.0"", ""572.0"", ""578.0"", ""809.0""]",/mnt/data1/srchowd3/FD-NL2SQL/methodv2/runs/question_table_copy_tapex_full/questions/row_350_For_Atezolizumab_trials_bucket_total_sample_size_as_small_100_medium_100_299_or_large_300,/mnt/data1/srchowd3/FD-NL2SQL/methodv2/runs/question_table_copy_tapex_full/questions/row_350_For_Atezolizumab_trials_bucket_total_sample_size_as_small_100_medium_100_299_or_large_300/table_copy.csv,/mnt/data1/srchowd3/FD-NL2SQL/methodv2/runs/question_table_copy_tapex_full/questions/row_350_For_Atezolizumab_trials_bucket_total_sample_size_as_small_100_medium_100_299_or_large_300/tapex_table_view.csv,/mnt/data1/srchowd3/FD-NL2SQL/methodv2/runs/question_table_copy_tapex_full/questions/row_350_For_Atezolizumab_trials_bucket_total_sample_size_as_small_100_medium_100_299_or_large_300/ground_truth_table.csv
row_353,353,"In Pancreatic studies using ICI+TKI, list the TKI agent(s) mentioned in the treatment regimen.",Treatment regimen,"[""tki_agents""]",1,nct02657434,-0.40362563729286194,128,31,0.0,0.0,0.0,"[""{\""tki_agents\"": null}""]","[""null"", ""None""]","[""Pembrolizumab+Acalabrutinib""]",/mnt/data1/srchowd3/FD-NL2SQL/methodv2/runs/question_table_copy_tapex_full/questions/row_353_In_Pancreatic_studies_using_ICI_TKI_list_the_TKI_agent_s_mentioned_in_the_treatment_regimen,/mnt/data1/srchowd3/FD-NL2SQL/methodv2/runs/question_table_copy_tapex_full/questions/row_353_In_Pancreatic_studies_using_ICI_TKI_list_the_TKI_agent_s_mentioned_in_the_treatment_regimen/table_copy.csv,/mnt/data1/srchowd3/FD-NL2SQL/methodv2/runs/question_table_copy_tapex_full/questions/row_353_In_Pancreatic_studies_using_ICI_TKI_list_the_TKI_agent_s_mentioned_in_the_treatment_regimen/tapex_table_view.csv,/mnt/data1/srchowd3/FD-NL2SQL/methodv2/runs/question_table_copy_tapex_full/questions/row_353_In_Pancreatic_studies_using_ICI_TKI_list_the_TKI_agent_s_mentioned_in_the_treatment_regimen/ground_truth_table.csv
row_356,356,"For Tremelimumab trials in Non-Small Cell Lung, extract the trial acronym from the trial name (e.g., KEYNOTE-xxx, CHECKMATE-xxx).",Trial name,"[""trial_acronym""]",1,checkmate 025,-0.18626682460308075,64,64,0.0,0.0,0.0,"[""{\""trial_acronym\"": \""ARCTIC\""}""]","[""\""ARCTIC\"""", ""ARCTIC""]","[""ARCTIC""]",/mnt/data1/srchowd3/FD-NL2SQL/methodv2/runs/question_table_copy_tapex_full/questions/row_356_For_Tremelimumab_trials_in_Non_Small_Cell_Lung_extract_the_trial_acronym_from_the_trial_name_e_g_KEYNOTE_xxx_CHECKMATE_xxx,/mnt/data1/srchowd3/FD-NL2SQL/methodv2/runs/question_table_copy_tapex_full/questions/row_356_For_Tremelimumab_trials_in_Non_Small_Cell_Lung_extract_the_trial_acronym_from_the_trial_name_e_g_KEYNOTE_xxx_CHECKMATE_xxx/table_copy.csv,/mnt/data1/srchowd3/FD-NL2SQL/methodv2/runs/question_table_copy_tapex_full/questions/row_356_For_Tremelimumab_trials_in_Non_Small_Cell_Lung_extract_the_trial_acronym_from_the_trial_name_e_g_KEYNOTE_xxx_CHECKMATE_xxx/tapex_table_view.csv,/mnt/data1/srchowd3/FD-NL2SQL/methodv2/runs/question_table_copy_tapex_full/questions/row_356_For_Tremelimumab_trials_in_Non_Small_Cell_Lung_extract_the_trial_acronym_from_the_trial_name_e_g_KEYNOTE_xxx_CHECKMATE_xxx/ground_truth_table.csv
row_357,357,"For Atezolizumab+Trastuzumab emtansine+Placebo trials, bucket trial phase into early (1/1b/2) vs late (3/4).",Trial phase,"[""phase_bucket""]",1,late,-0.10077376663684845,0,64,0.0,0.0,0.0,"[""{\""phase_bucket\"": \""early\""}""]","[""\""early\"""", ""early""]","[""Phase 2""]",/mnt/data1/srchowd3/FD-NL2SQL/methodv2/runs/question_table_copy_tapex_full/questions/row_357_For_Atezolizumab_Trastuzumab_emtansine_Placebo_trials_bucket_trial_phase_into_early_1_1b_2_vs_late_3_4,/mnt/data1/srchowd3/FD-NL2SQL/methodv2/runs/question_table_copy_tapex_full/questions/row_357_For_Atezolizumab_Trastuzumab_emtansine_Placebo_trials_bucket_trial_phase_into_early_1_1b_2_vs_late_3_4/table_copy.csv,/mnt/data1/srchowd3/FD-NL2SQL/methodv2/runs/question_table_copy_tapex_full/questions/row_357_For_Atezolizumab_Trastuzumab_emtansine_Placebo_trials_bucket_trial_phase_into_early_1_1b_2_vs_late_3_4/tapex_table_view.csv,/mnt/data1/srchowd3/FD-NL2SQL/methodv2/runs/question_table_copy_tapex_full/questions/row_357_For_Atezolizumab_Trastuzumab_emtansine_Placebo_trials_bucket_trial_phase_into_early_1_1b_2_vs_late_3_4/ground_truth_table.csv
row_360,360,"For Tremelimumab trials in Renal cell, extract the trial acronym from the trial name (e.g., KEYNOTE-xxx, CHECKMATE-xxx).",Trial name,"[""trial_acronym""]",0,javelin renal 101,-0.4347756803035736,64,64,0.0,0.0,0.0,[],[],[],/mnt/data1/srchowd3/FD-NL2SQL/methodv2/runs/question_table_copy_tapex_full/questions/row_360_For_Tremelimumab_trials_in_Renal_cell_extract_the_trial_acronym_from_the_trial_name_e_g_KEYNOTE_xxx_CHECKMATE_xxx,/mnt/data1/srchowd3/FD-NL2SQL/methodv2/runs/question_table_copy_tapex_full/questions/row_360_For_Tremelimumab_trials_in_Renal_cell_extract_the_trial_acronym_from_the_trial_name_e_g_KEYNOTE_xxx_CHECKMATE_xxx/table_copy.csv,/mnt/data1/srchowd3/FD-NL2SQL/methodv2/runs/question_table_copy_tapex_full/questions/row_360_For_Tremelimumab_trials_in_Renal_cell_extract_the_trial_acronym_from_the_trial_name_e_g_KEYNOTE_xxx_CHECKMATE_xxx/tapex_table_view.csv,/mnt/data1/srchowd3/FD-NL2SQL/methodv2/runs/question_table_copy_tapex_full/questions/row_360_For_Tremelimumab_trials_in_Renal_cell_extract_the_trial_acronym_from_the_trial_name_e_g_KEYNOTE_xxx_CHECKMATE_xxx/ground_truth_table.csv
row_362,362,"In Head and Neck trials, determine whether the listed endpoint is primary or secondary based on the endpoint text.",Secondary endpoint,"[""endpoint_role""]",9,6 months,-0.6765377521514893,128,24,0.0,0.0,0.0,"[""{\""endpoint_role\"": \""secondary\""}"", ""{\""endpoint_role\"": \""secondary\""}"", ""{\""endpoint_role\"": \""secondary\""}"", ""{\""endpoint_role\"": \""secondary\""}"", ""{\""endpoint_role\"": \""secondary\""}"", ""{\""endpoint_role\"": \""secondary\""}"", ""{\""endpoint_role\"": \""secondary\""}"", ""{\""endpoint_role\"": \""secondary\""}"", ""{\""endpoint_role\"": \""secondary\""}""]","[""\""secondary\"""", ""secondary""]","[""PFS, ORR"", ""Safety and tolerability; proportion of participants with objective response; proportion of participants who were progression-free at 6 and 12 months; change from baseline in global health status or quality of life; time to deterioration in global health status or quality of life, pain, and\nswallowing."", ""OS rate at 12 months; investigator-assessed PFS and ORR."", ""PFS, ORR, DOR"", ""OS; ORR; DoR; path CR"", ""Safety""]",/mnt/data1/srchowd3/FD-NL2SQL/methodv2/runs/question_table_copy_tapex_full/questions/row_362_In_Head_and_Neck_trials_determine_whether_the_listed_endpoint_is_primary_or_secondary_based_on_the_endpoint_text,/mnt/data1/srchowd3/FD-NL2SQL/methodv2/runs/question_table_copy_tapex_full/questions/row_362_In_Head_and_Neck_trials_determine_whether_the_listed_endpoint_is_primary_or_secondary_based_on_the_endpoint_text/table_copy.csv,/mnt/data1/srchowd3/FD-NL2SQL/methodv2/runs/question_table_copy_tapex_full/questions/row_362_In_Head_and_Neck_trials_determine_whether_the_listed_endpoint_is_primary_or_secondary_based_on_the_endpoint_text/tapex_table_view.csv,/mnt/data1/srchowd3/FD-NL2SQL/methodv2/runs/question_table_copy_tapex_full/questions/row_362_In_Head_and_Neck_trials_determine_whether_the_listed_endpoint_is_primary_or_secondary_based_on_the_endpoint_text/ground_truth_table.csv
row_363,363,"In Breast trials with PD-L1 agents included in the meta-analysis, map the generic ICI name to its brand name.",Name of ICI,"[""brand_name""]",2,imvigor211,-0.7630760669708252,0,64,0.0,0.0,0.0,"[""{\""brand_name\"": \""Tecentriq\""}"", ""{\""brand_name\"": \""Imfinzi\""}""]","[""\""Tecentriq\"""", ""Tecentriq"", ""\""Imfinzi\"""", ""Imfinzi""]","[""Atezolizumab"", ""Durvalumab""]",/mnt/data1/srchowd3/FD-NL2SQL/methodv2/runs/question_table_copy_tapex_full/questions/row_363_In_Breast_trials_with_PD_L1_agents_included_in_the_meta_analysis_map_the_generic_ICI_name_to_its_brand_name,/mnt/data1/srchowd3/FD-NL2SQL/methodv2/runs/question_table_copy_tapex_full/questions/row_363_In_Breast_trials_with_PD_L1_agents_included_in_the_meta_analysis_map_the_generic_ICI_name_to_its_brand_name/table_copy.csv,/mnt/data1/srchowd3/FD-NL2SQL/methodv2/runs/question_table_copy_tapex_full/questions/row_363_In_Breast_trials_with_PD_L1_agents_included_in_the_meta_analysis_map_the_generic_ICI_name_to_its_brand_name/tapex_table_view.csv,/mnt/data1/srchowd3/FD-NL2SQL/methodv2/runs/question_table_copy_tapex_full/questions/row_363_In_Breast_trials_with_PD_L1_agents_included_in_the_meta_analysis_map_the_generic_ICI_name_to_its_brand_name/ground_truth_table.csv
row_364,364,"In Pancreatic trials, classify the ICI by target class from its generic name as PD-1, PD-L1, or CTLA-4.",Name of ICI,"[""class""]",2,"pd-1, pd-l1",-0.12556955218315125,0,64,0.0,0.0,0.0,"[""{\""class\"": \""PD1\""}"", ""{\""class\"": \""CTLA-4\""}""]","[""\""PD1\"""", ""PD1"", ""\""CTLA-4\"""", ""CTLA-4""]","[""Pembrolizumab"", ""Ipilimumab""]",/mnt/data1/srchowd3/FD-NL2SQL/methodv2/runs/question_table_copy_tapex_full/questions/row_364_In_Pancreatic_trials_classify_the_ICI_by_target_class_from_its_generic_name_as_PD_1_PD_L1_or_CTLA_4,/mnt/data1/srchowd3/FD-NL2SQL/methodv2/runs/question_table_copy_tapex_full/questions/row_364_In_Pancreatic_trials_classify_the_ICI_by_target_class_from_its_generic_name_as_PD_1_PD_L1_or_CTLA_4/table_copy.csv,/mnt/data1/srchowd3/FD-NL2SQL/methodv2/runs/question_table_copy_tapex_full/questions/row_364_In_Pancreatic_trials_classify_the_ICI_by_target_class_from_its_generic_name_as_PD_1_PD_L1_or_CTLA_4/tapex_table_view.csv,/mnt/data1/srchowd3/FD-NL2SQL/methodv2/runs/question_table_copy_tapex_full/questions/row_364_In_Pancreatic_trials_classify_the_ICI_by_target_class_from_its_generic_name_as_PD_1_PD_L1_or_CTLA_4/ground_truth_table.csv
row_365,365,"For Durvalumab, Tremelimumab combination therapy trials, list additional agents in the treatment regimen beyond the ICI.",Treatment regimen,"[""added_agents""]",7,nct03043872,-0.24567556381225586,128,31,0.0,0.0,0.0,"[""{\""added_agents\"": [\""etoposide\"", \""platinum agent\""]}"", ""{\""added_agents\"": null}"", ""{\""added_agents\"": null}"", ""{\""added_agents\"": null}"", ""{\""added_agents\"": null}"", ""{\""added_agents\"": null}"", ""{\""added_agents\"": [\""etoposide\"", \""platinum agent\""]}""]","[""[\""etoposide\"", \""platinum agent\""]"", ""etoposide"", ""platinum agent"", ""null"", ""None""]","[""Durvalumab+Tremelimumab+Etoposide+Platinum agent"", ""Durvalumab+Tremelimumab"", ""Durvalumab+Tremelimumab+Best supportive care""]",/mnt/data1/srchowd3/FD-NL2SQL/methodv2/runs/question_table_copy_tapex_full/questions/row_365_For_Durvalumab_Tremelimumab_combination_therapy_trials_list_additional_agents_in_the_treatment_regimen_beyond_the_ICI,/mnt/data1/srchowd3/FD-NL2SQL/methodv2/runs/question_table_copy_tapex_full/questions/row_365_For_Durvalumab_Tremelimumab_combination_therapy_trials_list_additional_agents_in_the_treatment_regimen_beyond_the_ICI/table_copy.csv,/mnt/data1/srchowd3/FD-NL2SQL/methodv2/runs/question_table_copy_tapex_full/questions/row_365_For_Durvalumab_Tremelimumab_combination_therapy_trials_list_additional_agents_in_the_treatment_regimen_beyond_the_ICI/tapex_table_view.csv,/mnt/data1/srchowd3/FD-NL2SQL/methodv2/runs/question_table_copy_tapex_full/questions/row_365_For_Durvalumab_Tremelimumab_combination_therapy_trials_list_additional_agents_in_the_treatment_regimen_beyond_the_ICI/ground_truth_table.csv
row_366,366,"In Hodgkin Lymphoma combination therapy trials, normalize the combination type to standardized labels (e.g., ICI+Chemo, ICI+TKI, ICI+ICI).",Type of combination,"[""combo_type_norm""]",0,ici+chemo,-0.20273199677467346,64,13,0.0,0.0,0.0,[],[],[],/mnt/data1/srchowd3/FD-NL2SQL/methodv2/runs/question_table_copy_tapex_full/questions/row_366_In_Hodgkin_Lymphoma_combination_therapy_trials_normalize_the_combination_type_to_standardized_labels_e_g_ICI_Chemo_ICI_TKI_ICI_ICI,/mnt/data1/srchowd3/FD-NL2SQL/methodv2/runs/question_table_copy_tapex_full/questions/row_366_In_Hodgkin_Lymphoma_combination_therapy_trials_normalize_the_combination_type_to_standardized_labels_e_g_ICI_Chemo_ICI_TKI_ICI_ICI/table_copy.csv,/mnt/data1/srchowd3/FD-NL2SQL/methodv2/runs/question_table_copy_tapex_full/questions/row_366_In_Hodgkin_Lymphoma_combination_therapy_trials_normalize_the_combination_type_to_standardized_labels_e_g_ICI_Chemo_ICI_TKI_ICI_ICI/tapex_table_view.csv,/mnt/data1/srchowd3/FD-NL2SQL/methodv2/runs/question_table_copy_tapex_full/questions/row_366_In_Hodgkin_Lymphoma_combination_therapy_trials_normalize_the_combination_type_to_standardized_labels_e_g_ICI_Chemo_ICI_TKI_ICI_ICI/ground_truth_table.csv
row_367,367,"For Atezolizumab+Trastuzumab emtansine+Placebo combination therapy trials, list additional agents in the treatment regimen beyond the ICI.",Treatment regimen,"[""added_agents""]",1,nct02302807,-0.32935261726379395,0,64,0.0,0.0,0.0,"[""{\""added_agents\"": null}""]","[""null"", ""None""]","[""Atezolizumab""]",/mnt/data1/srchowd3/FD-NL2SQL/methodv2/runs/question_table_copy_tapex_full/questions/row_367_For_Atezolizumab_Trastuzumab_emtansine_Placebo_combination_therapy_trials_list_additional_agents_in_the_treatment_regimen_beyond_the_ICI,/mnt/data1/srchowd3/FD-NL2SQL/methodv2/runs/question_table_copy_tapex_full/questions/row_367_For_Atezolizumab_Trastuzumab_emtansine_Placebo_combination_therapy_trials_list_additional_agents_in_the_treatment_regimen_beyond_the_ICI/table_copy.csv,/mnt/data1/srchowd3/FD-NL2SQL/methodv2/runs/question_table_copy_tapex_full/questions/row_367_For_Atezolizumab_Trastuzumab_emtansine_Placebo_combination_therapy_trials_list_additional_agents_in_the_treatment_regimen_beyond_the_ICI/tapex_table_view.csv,/mnt/data1/srchowd3/FD-NL2SQL/methodv2/runs/question_table_copy_tapex_full/questions/row_367_For_Atezolizumab_Trastuzumab_emtansine_Placebo_combination_therapy_trials_list_additional_agents_in_the_treatment_regimen_beyond_the_ICI/ground_truth_table.csv
row_368,368,"For Nivolumab, Ipilimumab trials, bucket the publication year into: ≤2014, 2015–2018, ≥2019.",Year,"[""era""]",9,2021,-0.26001688838005066,128,31,0.0,0.0,1.0,"[""{\""era\"": \""2015–2018\""}"", ""{\""era\"": \""≥2019\""}"", ""{\""era\"": \""2015–2018\""}"", ""{\""era\"": \""≥2019\""}"", ""{\""era\"": \""≥2019\""}"", ""{\""era\"": \""≥2019\""}"", ""{\""era\"": \""≥2019\""}"", ""{\""era\"": \""≥2019\""}"", ""{\""era\"": \""≥2019\""}""]","[""\""2015–2018\"""", ""2015–2018"", ""\""≥2019\"""", ""≥2019""]","[""2018"", ""2019"", ""2020"", ""2021""]",/mnt/data1/srchowd3/FD-NL2SQL/methodv2/runs/question_table_copy_tapex_full/questions/row_368_For_Nivolumab_Ipilimumab_trials_bucket_the_publication_year_into_2014_2015_2018_2019,/mnt/data1/srchowd3/FD-NL2SQL/methodv2/runs/question_table_copy_tapex_full/questions/row_368_For_Nivolumab_Ipilimumab_trials_bucket_the_publication_year_into_2014_2015_2018_2019/table_copy.csv,/mnt/data1/srchowd3/FD-NL2SQL/methodv2/runs/question_table_copy_tapex_full/questions/row_368_For_Nivolumab_Ipilimumab_trials_bucket_the_publication_year_into_2014_2015_2018_2019/tapex_table_view.csv,/mnt/data1/srchowd3/FD-NL2SQL/methodv2/runs/question_table_copy_tapex_full/questions/row_368_For_Nivolumab_Ipilimumab_trials_bucket_the_publication_year_into_2014_2015_2018_2019/ground_truth_table.csv
row_369,369,"In Urothelial trials with chemotherapy control, list the specific cytotoxic drugs from the control regimen.",Control regimen,"[""control_drugs""]",4,"nct02256436, nct02256436, nct02256436, nct02256436, nct",-0.19056132435798645,0,64,0.0,0.0,0.0,"[""{\""control_drugs\"": [\""gemcitabine\"", \""carboplatin\"", \""cisplatin\""]}"", ""{\""control_drugs\"": [\""gemcitabine\"", \""carboplatin\"", \""cisplatin\""]}"", ""{\""control_drugs\"": [\""gemcitabine\"", \""cisplatin\"", \""carboplatin\""]}"", ""{\""control_drugs\"": [\""gemcitabine\"", \""cisplatin\"", \""carboplatin\""]}""]","[""[\""gemcitabine\"", \""carboplatin\"", \""cisplatin\""]"", ""gemcitabine"", ""carboplatin"", ""cisplatin"", ""[\""gemcitabine\"", \""cisplatin\"", \""carboplatin\""]""]","[""Placebo+Gemcitabine+Carboplatin or Cisplatin"", ""Gemcitabine+Cisplatin/Carboplatin""]",/mnt/data1/srchowd3/FD-NL2SQL/methodv2/runs/question_table_copy_tapex_full/questions/row_369_In_Urothelial_trials_with_chemotherapy_control_list_the_specific_cytotoxic_drugs_from_the_control_regimen,/mnt/data1/srchowd3/FD-NL2SQL/methodv2/runs/question_table_copy_tapex_full/questions/row_369_In_Urothelial_trials_with_chemotherapy_control_list_the_specific_cytotoxic_drugs_from_the_control_regimen/table_copy.csv,/mnt/data1/srchowd3/FD-NL2SQL/methodv2/runs/question_table_copy_tapex_full/questions/row_369_In_Urothelial_trials_with_chemotherapy_control_list_the_specific_cytotoxic_drugs_from_the_control_regimen/tapex_table_view.csv,/mnt/data1/srchowd3/FD-NL2SQL/methodv2/runs/question_table_copy_tapex_full/questions/row_369_In_Urothelial_trials_with_chemotherapy_control_list_the_specific_cytotoxic_drugs_from_the_control_regimen/ground_truth_table.csv
row_370,370,"For Atezolizumab+Trastuzumab emtansine+Placebo trials in Hodgkin Lymphoma, extract the trial acronym from the trial name (e.g., KEYNOTE-xxx, CHECKMATE-xxx).",Trial name,"[""trial_acronym""]",0,keynote-119,-0.7826136946678162,128,16,0.0,0.0,0.0,[],[],[],/mnt/data1/srchowd3/FD-NL2SQL/methodv2/runs/question_table_copy_tapex_full/questions/row_370_For_Atezolizumab_Trastuzumab_emtansine_Placebo_trials_in_Hodgkin_Lymphoma_extract_the_trial_acronym_from_the_trial_name_e_g_KEYNOTE_xxx_CHECKMATE_xxx,/mnt/data1/srchowd3/FD-NL2SQL/methodv2/runs/question_table_copy_tapex_full/questions/row_370_For_Atezolizumab_Trastuzumab_emtansine_Placebo_trials_in_Hodgkin_Lymphoma_extract_the_trial_acronym_from_the_trial_name_e_g_KEYNOTE_xxx_CHECKMATE_xxx/table_copy.csv,/mnt/data1/srchowd3/FD-NL2SQL/methodv2/runs/question_table_copy_tapex_full/questions/row_370_For_Atezolizumab_Trastuzumab_emtansine_Placebo_trials_in_Hodgkin_Lymphoma_extract_the_trial_acronym_from_the_trial_name_e_g_KEYNOTE_xxx_CHECKMATE_xxx/tapex_table_view.csv,/mnt/data1/srchowd3/FD-NL2SQL/methodv2/runs/question_table_copy_tapex_full/questions/row_370_For_Atezolizumab_Trastuzumab_emtansine_Placebo_trials_in_Hodgkin_Lymphoma_extract_the_trial_acronym_from_the_trial_name_e_g_KEYNOTE_xxx_CHECKMATE_xxx/ground_truth_table.csv
row_371,371,"In Small Cell Lung trials, classify overall follow-up maturity: 'mature' if ≥24 months, else 'immature' (or 'unknown' if missing).",Follow-up duration for primary endpoint(s) in months | Overall,"[""maturity""]",14,immotion151,-0.4516128599643707,0,64,0.0,0.0,0.0,"[""{\""maturity\"": \""immature\""}"", ""{\""maturity\"": \""immature\""}"", ""{\""maturity\"": \""unknown\""}"", ""{\""maturity\"": \""immature\""}"", ""{\""maturity\"": \""immature\""}"", ""{\""maturity\"": \""immature\""}"", ""{\""maturity\"": \""immature\""}"", ""{\""maturity\"": \""unknown\""}"", ""{\""maturity\"": \""unknown\""}"", ""{\""maturity\"": \""mature\""}"", ""{\""maturity\"": \""mature\""}"", ""{\""maturity\"": \""immature\""}"", ""{\""maturity\"": \""unknown\""}"", ""{\""maturity\"": \""unknown\""}""]","[""\""immature\"""", ""immature"", ""\""unknown\"""", ""unknown"", ""\""mature\"""", ""mature""]","[""11.1"", ""13.9"", ""13.7"", ""14.2"", ""25.1"", ""15.8""]",/mnt/data1/srchowd3/FD-NL2SQL/methodv2/runs/question_table_copy_tapex_full/questions/row_371_In_Small_Cell_Lung_trials_classify_overall_follow_up_maturity_mature_if_24_months_else_immature_or_unknown_if_missing,/mnt/data1/srchowd3/FD-NL2SQL/methodv2/runs/question_table_copy_tapex_full/questions/row_371_In_Small_Cell_Lung_trials_classify_overall_follow_up_maturity_mature_if_24_months_else_immature_or_unknown_if_missing/table_copy.csv,/mnt/data1/srchowd3/FD-NL2SQL/methodv2/runs/question_table_copy_tapex_full/questions/row_371_In_Small_Cell_Lung_trials_classify_overall_follow_up_maturity_mature_if_24_months_else_immature_or_unknown_if_missing/tapex_table_view.csv,/mnt/data1/srchowd3/FD-NL2SQL/methodv2/runs/question_table_copy_tapex_full/questions/row_371_In_Small_Cell_Lung_trials_classify_overall_follow_up_maturity_mature_if_24_months_else_immature_or_unknown_if_missing/ground_truth_table.csv
row_372,372,"In Mesothelioma studies using ICI+TKI, list the TKI agent(s) mentioned in the treatment regimen.",Treatment regimen,"[""tki_agents""]",0,pembrolizumab,-0.26861444115638733,128,31,0.0,0.0,0.0,[],[],[],/mnt/data1/srchowd3/FD-NL2SQL/methodv2/runs/question_table_copy_tapex_full/questions/row_372_In_Mesothelioma_studies_using_ICI_TKI_list_the_TKI_agent_s_mentioned_in_the_treatment_regimen,/mnt/data1/srchowd3/FD-NL2SQL/methodv2/runs/question_table_copy_tapex_full/questions/row_372_In_Mesothelioma_studies_using_ICI_TKI_list_the_TKI_agent_s_mentioned_in_the_treatment_regimen/table_copy.csv,/mnt/data1/srchowd3/FD-NL2SQL/methodv2/runs/question_table_copy_tapex_full/questions/row_372_In_Mesothelioma_studies_using_ICI_TKI_list_the_TKI_agent_s_mentioned_in_the_treatment_regimen/tapex_table_view.csv,/mnt/data1/srchowd3/FD-NL2SQL/methodv2/runs/question_table_copy_tapex_full/questions/row_372_In_Mesothelioma_studies_using_ICI_TKI_list_the_TKI_agent_s_mentioned_in_the_treatment_regimen/ground_truth_table.csv
row_374,374,"In Pancreatic combination therapy trials, normalize the combination type to standardized labels (e.g., ICI+Chemo, ICI+TKI, ICI+ICI).",Type of combination,"[""combo_type_norm""]",2,ici+chemo,-0.1554975062608719,64,13,0.0,0.0,0.0,"[""{\""combo_type_norm\"": \""ICI+TKI\""}"", ""{\""combo_type_norm\"": \""ICI+Vaccine\""}""]","[""\""ICI+TKI\"""", ""ICI+TKI"", ""\""ICI+Vaccine\"""", ""ICI+Vaccine""]","[""ICI+TKI"", ""ICI+Vaccine""]",/mnt/data1/srchowd3/FD-NL2SQL/methodv2/runs/question_table_copy_tapex_full/questions/row_374_In_Pancreatic_combination_therapy_trials_normalize_the_combination_type_to_standardized_labels_e_g_ICI_Chemo_ICI_TKI_ICI_ICI,/mnt/data1/srchowd3/FD-NL2SQL/methodv2/runs/question_table_copy_tapex_full/questions/row_374_In_Pancreatic_combination_therapy_trials_normalize_the_combination_type_to_standardized_labels_e_g_ICI_Chemo_ICI_TKI_ICI_ICI/table_copy.csv,/mnt/data1/srchowd3/FD-NL2SQL/methodv2/runs/question_table_copy_tapex_full/questions/row_374_In_Pancreatic_combination_therapy_trials_normalize_the_combination_type_to_standardized_labels_e_g_ICI_Chemo_ICI_TKI_ICI_ICI/tapex_table_view.csv,/mnt/data1/srchowd3/FD-NL2SQL/methodv2/runs/question_table_copy_tapex_full/questions/row_374_In_Pancreatic_combination_therapy_trials_normalize_the_combination_type_to_standardized_labels_e_g_ICI_Chemo_ICI_TKI_ICI_ICI/ground_truth_table.csv
row_375,375,"In Hodgkin Lymphoma Phase 3 trials, classify the control arm as active, placebo, or best supportive care.",Control arm,"[""control_category""]",1,best supporting care,-0.6889163255691528,0,64,0.0,0.0,0.0,"[""{\""control_category\"": \""active\""}""]","[""\""active\"""", ""active""]","[""Antibody-drug conjugate""]",/mnt/data1/srchowd3/FD-NL2SQL/methodv2/runs/question_table_copy_tapex_full/questions/row_375_In_Hodgkin_Lymphoma_Phase_3_trials_classify_the_control_arm_as_active_placebo_or_best_supportive_care,/mnt/data1/srchowd3/FD-NL2SQL/methodv2/runs/question_table_copy_tapex_full/questions/row_375_In_Hodgkin_Lymphoma_Phase_3_trials_classify_the_control_arm_as_active_placebo_or_best_supportive_care/table_copy.csv,/mnt/data1/srchowd3/FD-NL2SQL/methodv2/runs/question_table_copy_tapex_full/questions/row_375_In_Hodgkin_Lymphoma_Phase_3_trials_classify_the_control_arm_as_active_placebo_or_best_supportive_care/tapex_table_view.csv,/mnt/data1/srchowd3/FD-NL2SQL/methodv2/runs/question_table_copy_tapex_full/questions/row_375_In_Hodgkin_Lymphoma_Phase_3_trials_classify_the_control_arm_as_active_placebo_or_best_supportive_care/ground_truth_table.csv
row_377,377,"In Urothelial trials with PD-L1 agents included in the meta-analysis, map the generic ICI name to its brand name.",Name of ICI,"[""brand_name""]",2,speaker-045,-0.6830066442489624,0,64,0.0,0.0,0.0,"[""{\""brand_name\"": \""Tecentriq\""}"", ""{\""brand_name\"": \""Tecentriq\""}""]","[""\""Tecentriq\"""", ""Tecentriq""]","[""Atezolizumab""]",/mnt/data1/srchowd3/FD-NL2SQL/methodv2/runs/question_table_copy_tapex_full/questions/row_377_In_Urothelial_trials_with_PD_L1_agents_included_in_the_meta_analysis_map_the_generic_ICI_name_to_its_brand_name,/mnt/data1/srchowd3/FD-NL2SQL/methodv2/runs/question_table_copy_tapex_full/questions/row_377_In_Urothelial_trials_with_PD_L1_agents_included_in_the_meta_analysis_map_the_generic_ICI_name_to_its_brand_name/table_copy.csv,/mnt/data1/srchowd3/FD-NL2SQL/methodv2/runs/question_table_copy_tapex_full/questions/row_377_In_Urothelial_trials_with_PD_L1_agents_included_in_the_meta_analysis_map_the_generic_ICI_name_to_its_brand_name/tapex_table_view.csv,/mnt/data1/srchowd3/FD-NL2SQL/methodv2/runs/question_table_copy_tapex_full/questions/row_377_In_Urothelial_trials_with_PD_L1_agents_included_in_the_meta_analysis_map_the_generic_ICI_name_to_its_brand_name/ground_truth_table.csv
row_379,379,"In Renal cell trials, convert 'Type of therapy' into is_combination = true/false.",Type of therapy,"[""is_combination""]",14,false,-0.3078131079673767,64,64,0.0,1.0,0.0,"[""{\""is_combination\"": false}"", ""{\""is_combination\"": false}"", ""{\""is_combination\"": true}"", ""{\""is_combination\"": true}"", ""{\""is_combination\"": true}"", ""{\""is_combination\"": true}"", ""{\""is_combination\"": true}"", ""{\""is_combination\"": true}"", ""{\""is_combination\"": true}"", ""{\""is_combination\"": false}"", ""{\""is_combination\"": true}"", ""{\""is_combination\"": true}"", ""{\""is_combination\"": true}"", ""{\""is_combination\"": true}""]","[""false"", ""False"", ""true"", ""True""]","[""Monotherapy"", ""Combination""]",/mnt/data1/srchowd3/FD-NL2SQL/methodv2/runs/question_table_copy_tapex_full/questions/row_379_In_Renal_cell_trials_convert_Type_of_therapy_into_is_combination_true_false,/mnt/data1/srchowd3/FD-NL2SQL/methodv2/runs/question_table_copy_tapex_full/questions/row_379_In_Renal_cell_trials_convert_Type_of_therapy_into_is_combination_true_false/table_copy.csv,/mnt/data1/srchowd3/FD-NL2SQL/methodv2/runs/question_table_copy_tapex_full/questions/row_379_In_Renal_cell_trials_convert_Type_of_therapy_into_is_combination_true_false/tapex_table_view.csv,/mnt/data1/srchowd3/FD-NL2SQL/methodv2/runs/question_table_copy_tapex_full/questions/row_379_In_Renal_cell_trials_convert_Type_of_therapy_into_is_combination_true_false/ground_truth_table.csv
row_380,380,"In Hepatocellular trials, classify the ICI by target class from its generic name as PD-1, PD-L1, or CTLA-4.",Name of ICI,"[""class""]",2,pd-1,-0.2220821976661682,128,31,0.0,0.0,0.0,"[""{\""class\"": \""PD1\""}"", ""{\""class\"": \""PD-L1\""}""]","[""\""PD1\"""", ""PD1"", ""\""PD-L1\"""", ""PD-L1""]","[""Pembrolizumab"", ""Atezolizumab""]",/mnt/data1/srchowd3/FD-NL2SQL/methodv2/runs/question_table_copy_tapex_full/questions/row_380_In_Hepatocellular_trials_classify_the_ICI_by_target_class_from_its_generic_name_as_PD_1_PD_L1_or_CTLA_4,/mnt/data1/srchowd3/FD-NL2SQL/methodv2/runs/question_table_copy_tapex_full/questions/row_380_In_Hepatocellular_trials_classify_the_ICI_by_target_class_from_its_generic_name_as_PD_1_PD_L1_or_CTLA_4/table_copy.csv,/mnt/data1/srchowd3/FD-NL2SQL/methodv2/runs/question_table_copy_tapex_full/questions/row_380_In_Hepatocellular_trials_classify_the_ICI_by_target_class_from_its_generic_name_as_PD_1_PD_L1_or_CTLA_4/tapex_table_view.csv,/mnt/data1/srchowd3/FD-NL2SQL/methodv2/runs/question_table_copy_tapex_full/questions/row_380_In_Hepatocellular_trials_classify_the_ICI_by_target_class_from_its_generic_name_as_PD_1_PD_L1_or_CTLA_4/ground_truth_table.csv
row_381,381,"In Esophageal/GEJ trials with PD-L1 agents included in the meta-analysis, map the generic ICI name to its brand name.",Name of ICI,"[""brand_name""]",0,atezolumab,-0.6630976796150208,0,64,0.0,0.0,0.0,[],[],[],/mnt/data1/srchowd3/FD-NL2SQL/methodv2/runs/question_table_copy_tapex_full/questions/row_381_In_Esophageal_GEJ_trials_with_PD_L1_agents_included_in_the_meta_analysis_map_the_generic_ICI_name_to_its_brand_name,/mnt/data1/srchowd3/FD-NL2SQL/methodv2/runs/question_table_copy_tapex_full/questions/row_381_In_Esophageal_GEJ_trials_with_PD_L1_agents_included_in_the_meta_analysis_map_the_generic_ICI_name_to_its_brand_name/table_copy.csv,/mnt/data1/srchowd3/FD-NL2SQL/methodv2/runs/question_table_copy_tapex_full/questions/row_381_In_Esophageal_GEJ_trials_with_PD_L1_agents_included_in_the_meta_analysis_map_the_generic_ICI_name_to_its_brand_name/tapex_table_view.csv,/mnt/data1/srchowd3/FD-NL2SQL/methodv2/runs/question_table_copy_tapex_full/questions/row_381_In_Esophageal_GEJ_trials_with_PD_L1_agents_included_in_the_meta_analysis_map_the_generic_ICI_name_to_its_brand_name/ground_truth_table.csv
row_383,383,"In Bladder trials, categorize number of arms as 1-arm, 2-arm, or ≥3-arm.",Number of arms,"[""arm_category""]",3,2,-0.29784494638442993,128,31,0.0,0.0,1.0,"[""{\""arm_category\"": \""2-arm\""}"", ""{\""arm_category\"": \""2-arm\""}"", ""{\""arm_category\"": \""2-arm\""}""]","[""\""2-arm\"""", ""2-arm""]","[""2""]",/mnt/data1/srchowd3/FD-NL2SQL/methodv2/runs/question_table_copy_tapex_full/questions/row_383_In_Bladder_trials_categorize_number_of_arms_as_1_arm_2_arm_or_3_arm,/mnt/data1/srchowd3/FD-NL2SQL/methodv2/runs/question_table_copy_tapex_full/questions/row_383_In_Bladder_trials_categorize_number_of_arms_as_1_arm_2_arm_or_3_arm/table_copy.csv,/mnt/data1/srchowd3/FD-NL2SQL/methodv2/runs/question_table_copy_tapex_full/questions/row_383_In_Bladder_trials_categorize_number_of_arms_as_1_arm_2_arm_or_3_arm/tapex_table_view.csv,/mnt/data1/srchowd3/FD-NL2SQL/methodv2/runs/question_table_copy_tapex_full/questions/row_383_In_Bladder_trials_categorize_number_of_arms_as_1_arm_2_arm_or_3_arm/ground_truth_table.csv
row_384,384,"In Head and Neck Phase 2 trials, standardize the primary endpoint into one of OS, PFS, ORR, DFS, DOR, AE-rate, or Other.",Primary endpoint,"[""primary_endpoint_category""]",0,dfs,-0.14853310585021973,128,27,0.0,0.0,0.0,[],[],[],/mnt/data1/srchowd3/FD-NL2SQL/methodv2/runs/question_table_copy_tapex_full/questions/row_384_In_Head_and_Neck_Phase_2_trials_standardize_the_primary_endpoint_into_one_of_OS_PFS_ORR_DFS_DOR_AE_rate_or_Other,/mnt/data1/srchowd3/FD-NL2SQL/methodv2/runs/question_table_copy_tapex_full/questions/row_384_In_Head_and_Neck_Phase_2_trials_standardize_the_primary_endpoint_into_one_of_OS_PFS_ORR_DFS_DOR_AE_rate_or_Other/table_copy.csv,/mnt/data1/srchowd3/FD-NL2SQL/methodv2/runs/question_table_copy_tapex_full/questions/row_384_In_Head_and_Neck_Phase_2_trials_standardize_the_primary_endpoint_into_one_of_OS_PFS_ORR_DFS_DOR_AE_rate_or_Other/tapex_table_view.csv,/mnt/data1/srchowd3/FD-NL2SQL/methodv2/runs/question_table_copy_tapex_full/questions/row_384_In_Head_and_Neck_Phase_2_trials_standardize_the_primary_endpoint_into_one_of_OS_PFS_ORR_DFS_DOR_AE_rate_or_Other/ground_truth_table.csv
row_385,385,"In Small Cell Lung combination therapy trials, normalize the combination type to standardized labels (e.g., ICI+Chemo, ICI+TKI, ICI+ICI).",Type of combination,"[""combo_type_norm""]",11,ici+chemo,-0.08924093097448349,64,13,0.0,1.0,1.0,"[""{\""combo_type_norm\"": \""ICI+Chemo\""}"", ""{\""combo_type_norm\"": \""ICI+Chemo\""}"", ""{\""combo_type_norm\"": \""ICI+Chemo\""}"", ""{\""combo_type_norm\"": \""ICI+Chemo\""}"", ""{\""combo_type_norm\"": \""ICI+Chemo\""}"", ""{\""combo_type_norm\"": \""ICI+ICI+Chemo\""}"", ""{\""combo_type_norm\"": \""ICI+Chemo\""}"", ""{\""combo_type_norm\"": \""ICI+Chemo\""}"", ""{\""combo_type_norm\"": \""ICI+ICI+Chemo\""}"", ""{\""combo_type_norm\"": \""ICI+Chemo\""}"", ""{\""combo_type_norm\"": \""ICI+ICI\""}""]","[""\""ICI+Chemo\"""", ""ICI+Chemo"", ""\""ICI+ICI+Chemo\"""", ""ICI+ICI+Chemo"", ""\""ICI+ICI\"""", ""ICI+ICI""]","[""ICI+Chemo"", ""ICI+ICI+Chemo"", ""ICI+ICI""]",/mnt/data1/srchowd3/FD-NL2SQL/methodv2/runs/question_table_copy_tapex_full/questions/row_385_In_Small_Cell_Lung_combination_therapy_trials_normalize_the_combination_type_to_standardized_labels_e_g_ICI_Chemo_ICI_TKI_ICI_ICI,/mnt/data1/srchowd3/FD-NL2SQL/methodv2/runs/question_table_copy_tapex_full/questions/row_385_In_Small_Cell_Lung_combination_therapy_trials_normalize_the_combination_type_to_standardized_labels_e_g_ICI_Chemo_ICI_TKI_ICI_ICI/table_copy.csv,/mnt/data1/srchowd3/FD-NL2SQL/methodv2/runs/question_table_copy_tapex_full/questions/row_385_In_Small_Cell_Lung_combination_therapy_trials_normalize_the_combination_type_to_standardized_labels_e_g_ICI_Chemo_ICI_TKI_ICI_ICI/tapex_table_view.csv,/mnt/data1/srchowd3/FD-NL2SQL/methodv2/runs/question_table_copy_tapex_full/questions/row_385_In_Small_Cell_Lung_combination_therapy_trials_normalize_the_combination_type_to_standardized_labels_e_g_ICI_Chemo_ICI_TKI_ICI_ICI/ground_truth_table.csv
row_387,387,"In Head and Neck trials, interpret the PD-L1 requirement flag as boolean true/false.",Is PD-L1 positivity inclusion criteria,"[""pd_l1_required""]",9,false,-0.3510708808898926,0,64,0.0,1.0,0.0,"[""{\""pd_l1_required\"": false}"", ""{\""pd_l1_required\"": false}"", ""{\""pd_l1_required\"": false}"", ""{\""pd_l1_required\"": false}"", ""{\""pd_l1_required\"": false}"", ""{\""pd_l1_required\"": true}"", ""{\""pd_l1_required\"": true}"", ""{\""pd_l1_required\"": false}"", ""{\""pd_l1_required\"": false}""]","[""false"", ""False"", ""true"", ""True""]","[""No"", ""Yes""]",/mnt/data1/srchowd3/FD-NL2SQL/methodv2/runs/question_table_copy_tapex_full/questions/row_387_In_Head_and_Neck_trials_interpret_the_PD_L1_requirement_flag_as_boolean_true_false,/mnt/data1/srchowd3/FD-NL2SQL/methodv2/runs/question_table_copy_tapex_full/questions/row_387_In_Head_and_Neck_trials_interpret_the_PD_L1_requirement_flag_as_boolean_true_false/table_copy.csv,/mnt/data1/srchowd3/FD-NL2SQL/methodv2/runs/question_table_copy_tapex_full/questions/row_387_In_Head_and_Neck_trials_interpret_the_PD_L1_requirement_flag_as_boolean_true_false/tapex_table_view.csv,/mnt/data1/srchowd3/FD-NL2SQL/methodv2/runs/question_table_copy_tapex_full/questions/row_387_In_Head_and_Neck_trials_interpret_the_PD_L1_requirement_flag_as_boolean_true_false/ground_truth_table.csv
row_389,389,"In Bladder trials, convert 'Type of therapy' into is_combination = true/false.",Type of therapy,"[""is_combination""]",3,false,-0.38653767108917236,0,64,0.0,1.0,0.0,"[""{\""is_combination\"": false}"", ""{\""is_combination\"": false}"", ""{\""is_combination\"": false}""]","[""false"", ""False""]","[""Monotherapy""]",/mnt/data1/srchowd3/FD-NL2SQL/methodv2/runs/question_table_copy_tapex_full/questions/row_389_In_Bladder_trials_convert_Type_of_therapy_into_is_combination_true_false,/mnt/data1/srchowd3/FD-NL2SQL/methodv2/runs/question_table_copy_tapex_full/questions/row_389_In_Bladder_trials_convert_Type_of_therapy_into_is_combination_true_false/table_copy.csv,/mnt/data1/srchowd3/FD-NL2SQL/methodv2/runs/question_table_copy_tapex_full/questions/row_389_In_Bladder_trials_convert_Type_of_therapy_into_is_combination_true_false/tapex_table_view.csv,/mnt/data1/srchowd3/FD-NL2SQL/methodv2/runs/question_table_copy_tapex_full/questions/row_389_In_Bladder_trials_convert_Type_of_therapy_into_is_combination_true_false/ground_truth_table.csv
row_390,390,"In Prostate trials, classify overall follow-up maturity: 'mature' if ≥24 months, else 'immature' (or 'unknown' if missing).",Follow-up duration for primary endpoint(s) in months | Overall,"[""maturity""]",3,immotion151,-0.2764160633087158,0,64,0.0,0.0,0.0,"[""{\""maturity\"": \""unknown\""}"", ""{\""maturity\"": \""unknown\""}"", ""{\""maturity\"": \""mature\""}""]","[""\""unknown\"""", ""unknown"", ""\""mature\"""", ""mature""]","[""50""]",/mnt/data1/srchowd3/FD-NL2SQL/methodv2/runs/question_table_copy_tapex_full/questions/row_390_In_Prostate_trials_classify_overall_follow_up_maturity_mature_if_24_months_else_immature_or_unknown_if_missing,/mnt/data1/srchowd3/FD-NL2SQL/methodv2/runs/question_table_copy_tapex_full/questions/row_390_In_Prostate_trials_classify_overall_follow_up_maturity_mature_if_24_months_else_immature_or_unknown_if_missing/table_copy.csv,/mnt/data1/srchowd3/FD-NL2SQL/methodv2/runs/question_table_copy_tapex_full/questions/row_390_In_Prostate_trials_classify_overall_follow_up_maturity_mature_if_24_months_else_immature_or_unknown_if_missing/tapex_table_view.csv,/mnt/data1/srchowd3/FD-NL2SQL/methodv2/runs/question_table_copy_tapex_full/questions/row_390_In_Prostate_trials_classify_overall_follow_up_maturity_mature_if_24_months_else_immature_or_unknown_if_missing/ground_truth_table.csv
row_391,391,"In Small Cell Lung Phase 3 trials, standardize the primary endpoint into one of OS, PFS, ORR, DFS, DOR, AE-rate, or Other.",Primary endpoint,"[""primary_endpoint_category""]",11,dor,-0.16008923947811127,64,64,0.0,0.0,0.0,"[""{\""primary_endpoint_category\"": \""OS\""}"", ""{\""primary_endpoint_category\"": \""PFS\""}"", ""{\""primary_endpoint_category\"": \""OS\""}"", ""{\""primary_endpoint_category\"": \""OS\""}"", ""{\""primary_endpoint_category\"": \""PFS\""}"", ""{\""primary_endpoint_category\"": \""PFS\""}"", ""{\""primary_endpoint_category\"": \""OS\""}"", ""{\""primary_endpoint_category\"": \""OS\""}"", ""{\""primary_endpoint_category\"": \""OS\""}"", ""{\""primary_endpoint_category\"": \""OS\""}"", ""{\""primary_endpoint_category\"": null}""]","[""\""OS\"""", ""OS"", ""\""PFS\"""", ""PFS"", ""null"", ""None""]","[""OS"", ""OS+PFS""]",/mnt/data1/srchowd3/FD-NL2SQL/methodv2/runs/question_table_copy_tapex_full/questions/row_391_In_Small_Cell_Lung_Phase_3_trials_standardize_the_primary_endpoint_into_one_of_OS_PFS_ORR_DFS_DOR_AE_rate_or_Other,/mnt/data1/srchowd3/FD-NL2SQL/methodv2/runs/question_table_copy_tapex_full/questions/row_391_In_Small_Cell_Lung_Phase_3_trials_standardize_the_primary_endpoint_into_one_of_OS_PFS_ORR_DFS_DOR_AE_rate_or_Other/table_copy.csv,/mnt/data1/srchowd3/FD-NL2SQL/methodv2/runs/question_table_copy_tapex_full/questions/row_391_In_Small_Cell_Lung_Phase_3_trials_standardize_the_primary_endpoint_into_one_of_OS_PFS_ORR_DFS_DOR_AE_rate_or_Other/tapex_table_view.csv,/mnt/data1/srchowd3/FD-NL2SQL/methodv2/runs/question_table_copy_tapex_full/questions/row_391_In_Small_Cell_Lung_Phase_3_trials_standardize_the_primary_endpoint_into_one_of_OS_PFS_ORR_DFS_DOR_AE_rate_or_Other/ground_truth_table.csv
row_392,392,"For Pembrolizumab trials, bucket trial phase into early (1/1b/2) vs late (3/4).",Trial phase,"[""phase_bucket""]",42,late,-0.05185460299253464,0,64,0.0,1.0,0.0,"[""{\""phase_bucket\"": \""late\""}"", ""{\""phase_bucket\"": \""late\""}"", ""{\""phase_bucket\"": \""late\""}"", ""{\""phase_bucket\"": \""late\""}"", ""{\""phase_bucket\"": \""late\""}"", ""{\""phase_bucket\"": \""early\""}"", ""{\""phase_bucket\"": \""early\""}"", ""{\""phase_bucket\"": \""early\""}"", ""{\""phase_bucket\"": \""early\""}"", ""{\""phase_bucket\"": \""late\""}"", ""{\""phase_bucket\"": \""late\""}"", ""{\""phase_bucket\"": \""late\""}"", ""{\""phase_bucket\"": \""late\""}"", ""{\""phase_bucket\"": \""late\""}"", ""{\""phase_bucket\"": \""early\""}"", ""{\""phase_bucket\"": \""early\""}"", ""{\""phase_bucket\"": \""early\""}"", ""{\""phase_bucket\"": \""early\""}"", ""{\""phase_bucket\"": \""early\""}"", ""{\""phase_bucket\"": \""late\""}"", ""{\""phase_bucket\"": \""late\""}"", ""{\""phase_bucket\"": \""late\""}"", ""{\""phase_bucket\"": \""early\""}"", ""{\""phase_bucket\"": \""late\""}"", ""{\""phase_bucket\"": \""late\""}"", ""{\""phase_bucket\"": \""early\""}"", ""{\""phase_bucket\"": \""late\""}"", ""{\""phase_bucket\"": \""late\""}"", ""{\""phase_bucket\"": \""early\""}"", ""{\""phase_bucket\"": \""early\""}"", ""{\""phase_bucket\"": \""late\""}"", ""{\""phase_bucket\"": \""early\""}"", ""{\""phase_bucket\"": \""late\""}"", ""{\""phase_bucket\"": \""late\""}"", ""{\""phase_bucket\"": \""late\""}"", ""{\""phase_bucket\"": \""late\""}"", ""{\""phase_bucket\"": \""late\""}"", ""{\""phase_bucket\"": \""early\""}"", ""{\""phase_bucket\"": \""late\""}"", ""{\""phase_bucket\"": \""late\""}"", ""{\""phase_bucket\"": \""late\""}"", ""{\""phase_bucket\"": \""late\""}""]","[""\""late\"""", ""late"", ""\""early\"""", ""early""]","[""Phase 3"", ""Phase 2""]",/mnt/data1/srchowd3/FD-NL2SQL/methodv2/runs/question_table_copy_tapex_full/questions/row_392_For_Pembrolizumab_trials_bucket_trial_phase_into_early_1_1b_2_vs_late_3_4,/mnt/data1/srchowd3/FD-NL2SQL/methodv2/runs/question_table_copy_tapex_full/questions/row_392_For_Pembrolizumab_trials_bucket_trial_phase_into_early_1_1b_2_vs_late_3_4/table_copy.csv,/mnt/data1/srchowd3/FD-NL2SQL/methodv2/runs/question_table_copy_tapex_full/questions/row_392_For_Pembrolizumab_trials_bucket_trial_phase_into_early_1_1b_2_vs_late_3_4/tapex_table_view.csv,/mnt/data1/srchowd3/FD-NL2SQL/methodv2/runs/question_table_copy_tapex_full/questions/row_392_For_Pembrolizumab_trials_bucket_trial_phase_into_early_1_1b_2_vs_late_3_4/ground_truth_table.csv
row_393,393,"For Avelumab trials in Mesothelioma, extract the trial acronym from the trial name (e.g., KEYNOTE-xxx, CHECKMATE-xxx).",Trial name,"[""trial_acronym""]",0,checkmate 025,-0.09594006836414337,64,64,0.0,0.0,0.0,[],[],[],/mnt/data1/srchowd3/FD-NL2SQL/methodv2/runs/question_table_copy_tapex_full/questions/row_393_For_Avelumab_trials_in_Mesothelioma_extract_the_trial_acronym_from_the_trial_name_e_g_KEYNOTE_xxx_CHECKMATE_xxx,/mnt/data1/srchowd3/FD-NL2SQL/methodv2/runs/question_table_copy_tapex_full/questions/row_393_For_Avelumab_trials_in_Mesothelioma_extract_the_trial_acronym_from_the_trial_name_e_g_KEYNOTE_xxx_CHECKMATE_xxx/table_copy.csv,/mnt/data1/srchowd3/FD-NL2SQL/methodv2/runs/question_table_copy_tapex_full/questions/row_393_For_Avelumab_trials_in_Mesothelioma_extract_the_trial_acronym_from_the_trial_name_e_g_KEYNOTE_xxx_CHECKMATE_xxx/tapex_table_view.csv,/mnt/data1/srchowd3/FD-NL2SQL/methodv2/runs/question_table_copy_tapex_full/questions/row_393_For_Avelumab_trials_in_Mesothelioma_extract_the_trial_acronym_from_the_trial_name_e_g_KEYNOTE_xxx_CHECKMATE_xxx/ground_truth_table.csv
row_394,394,"In Head and Neck trials, convert 'Original/Follow up' status into a boolean is_follow_up.",Originial publication or Follow-up,"[""is_follow_up""]",9,follow-up,-0.421088308095932,128,31,0.0,0.0,1.0,"[""{\""is_follow_up\"": false}"", ""{\""is_follow_up\"": true}"", ""{\""is_follow_up\"": false}"", ""{\""is_follow_up\"": false}"", ""{\""is_follow_up\"": false}"", ""{\""is_follow_up\"": false}"", ""{\""is_follow_up\"": false}"", ""{\""is_follow_up\"": false}"", ""{\""is_follow_up\"": false}""]","[""false"", ""False"", ""true"", ""True""]","[""Original publication"", ""Follow-up""]",/mnt/data1/srchowd3/FD-NL2SQL/methodv2/runs/question_table_copy_tapex_full/questions/row_394_In_Head_and_Neck_trials_convert_Original_Follow_up_status_into_a_boolean_is_follow_up,/mnt/data1/srchowd3/FD-NL2SQL/methodv2/runs/question_table_copy_tapex_full/questions/row_394_In_Head_and_Neck_trials_convert_Original_Follow_up_status_into_a_boolean_is_follow_up/table_copy.csv,/mnt/data1/srchowd3/FD-NL2SQL/methodv2/runs/question_table_copy_tapex_full/questions/row_394_In_Head_and_Neck_trials_convert_Original_Follow_up_status_into_a_boolean_is_follow_up/tapex_table_view.csv,/mnt/data1/srchowd3/FD-NL2SQL/methodv2/runs/question_table_copy_tapex_full/questions/row_394_In_Head_and_Neck_trials_convert_Original_Follow_up_status_into_a_boolean_is_follow_up/ground_truth_table.csv
row_395,395,"In Head and Neck trials, convert 'Type of therapy' into is_combination = true/false.",Type of therapy,"[""is_combination""]",9,false,-0.49250370264053345,64,64,0.0,1.0,0.0,"[""{\""is_combination\"": false}"", ""{\""is_combination\"": false}"", ""{\""is_combination\"": false}"", ""{\""is_combination\"": true}"", ""{\""is_combination\"": false}"", ""{\""is_combination\"": false}"", ""{\""is_combination\"": true}"", ""{\""is_combination\"": true}"", ""{\""is_combination\"": true}""]","[""false"", ""False"", ""true"", ""True""]","[""Monotherapy"", ""Combination""]",/mnt/data1/srchowd3/FD-NL2SQL/methodv2/runs/question_table_copy_tapex_full/questions/row_395_In_Head_and_Neck_trials_convert_Type_of_therapy_into_is_combination_true_false,/mnt/data1/srchowd3/FD-NL2SQL/methodv2/runs/question_table_copy_tapex_full/questions/row_395_In_Head_and_Neck_trials_convert_Type_of_therapy_into_is_combination_true_false/table_copy.csv,/mnt/data1/srchowd3/FD-NL2SQL/methodv2/runs/question_table_copy_tapex_full/questions/row_395_In_Head_and_Neck_trials_convert_Type_of_therapy_into_is_combination_true_false/tapex_table_view.csv,/mnt/data1/srchowd3/FD-NL2SQL/methodv2/runs/question_table_copy_tapex_full/questions/row_395_In_Head_and_Neck_trials_convert_Type_of_therapy_into_is_combination_true_false/ground_truth_table.csv
row_397,397,"In Mesothelioma trials with PD-L1 agents included in the meta-analysis, map the generic ICI name to its brand name.",Name of ICI,"[""brand_name""]",0,speaker-015,-0.9098140001296997,0,64,0.0,0.0,0.0,[],[],[],/mnt/data1/srchowd3/FD-NL2SQL/methodv2/runs/question_table_copy_tapex_full/questions/row_397_In_Mesothelioma_trials_with_PD_L1_agents_included_in_the_meta_analysis_map_the_generic_ICI_name_to_its_brand_name,/mnt/data1/srchowd3/FD-NL2SQL/methodv2/runs/question_table_copy_tapex_full/questions/row_397_In_Mesothelioma_trials_with_PD_L1_agents_included_in_the_meta_analysis_map_the_generic_ICI_name_to_its_brand_name/table_copy.csv,/mnt/data1/srchowd3/FD-NL2SQL/methodv2/runs/question_table_copy_tapex_full/questions/row_397_In_Mesothelioma_trials_with_PD_L1_agents_included_in_the_meta_analysis_map_the_generic_ICI_name_to_its_brand_name/tapex_table_view.csv,/mnt/data1/srchowd3/FD-NL2SQL/methodv2/runs/question_table_copy_tapex_full/questions/row_397_In_Mesothelioma_trials_with_PD_L1_agents_included_in_the_meta_analysis_map_the_generic_ICI_name_to_its_brand_name/ground_truth_table.csv
row_398,398,"In Melanoma trials, classify the ICI by target class from its generic name as PD-1, PD-L1, or CTLA-4.",Name of ICI,"[""class""]",26,ctla-4,-0.4242357909679413,64,64,0.0,1.0,0.0,"[""{\""class\"": \""CTLA-4\""}"", ""{\""class\"": \""CTLA-4\""}"", ""{\""class\"": \""CTLA-4\""}"", ""{\""class\"": \""CTLA-4\""}"", ""{\""class\"": \""PD1\""}"", ""{\""class\"": \""PD1\""}"", ""{\""class\"": \""PD1\""}"", ""{\""class\"": \""PD1\""}"", ""{\""class\"": \""PD1\""}"", ""{\""class\"": \""CTLA-4\""}"", ""{\""class\"": \""PD1\""}"", ""{\""class\"": \""PD1\""}"", ""{\""class\"": \""PD1\""}"", ""{\""class\"": \""PD1\""}"", ""{\""class\"": \""PD1\""}"", ""{\""class\"": \""CTLA-4\""}"", ""{\""class\"": \""CTLA-4\""}"", ""{\""class\"": \""PD1\""}"", ""{\""class\"": \""PD1, CTLA-4\""}"", ""{\""class\"": \""PD-L1\""}"", ""{\""class\"": \""CTLA-4\""}"", ""{\""class\"": \""CTLA-4\""}"", ""{\""class\"": \""PD1\""}"", ""{\""class\"": \""PD1\""}"", ""{\""class\"": \""PD1\""}"", ""{\""class\"": \""CTLA-4\""}""]","[""\""CTLA-4\"""", ""CTLA-4"", ""\""PD1\"""", ""PD1"", ""\""PD1, CTLA-4\"""", ""PD1, CTLA-4"", ""\""PD-L1\"""", ""PD-L1""]","[""Ipilimumab"", ""Tremelimumab"", ""Pembrolizumab"", ""Nivolumab"", ""Nivolumab, Ipilimumab"", ""Atezolizumab""]",/mnt/data1/srchowd3/FD-NL2SQL/methodv2/runs/question_table_copy_tapex_full/questions/row_398_In_Melanoma_trials_classify_the_ICI_by_target_class_from_its_generic_name_as_PD_1_PD_L1_or_CTLA_4,/mnt/data1/srchowd3/FD-NL2SQL/methodv2/runs/question_table_copy_tapex_full/questions/row_398_In_Melanoma_trials_classify_the_ICI_by_target_class_from_its_generic_name_as_PD_1_PD_L1_or_CTLA_4/table_copy.csv,/mnt/data1/srchowd3/FD-NL2SQL/methodv2/runs/question_table_copy_tapex_full/questions/row_398_In_Melanoma_trials_classify_the_ICI_by_target_class_from_its_generic_name_as_PD_1_PD_L1_or_CTLA_4/tapex_table_view.csv,/mnt/data1/srchowd3/FD-NL2SQL/methodv2/runs/question_table_copy_tapex_full/questions/row_398_In_Melanoma_trials_classify_the_ICI_by_target_class_from_its_generic_name_as_PD_1_PD_L1_or_CTLA_4/ground_truth_table.csv
row_399,399,"For Brentuximab-vedotin trials in Hodgkin Lymphoma, extract the trial acronym from the trial name (e.g., KEYNOTE-xxx, CHECKMATE-xxx).",Trial name,"[""trial_acronym""]",1,speaker-204,-0.7460405230522156,128,16,0.0,0.0,0.0,"[""{\""trial_acronym\"": \""KEYNOTE-204\""}""]","[""\""KEYNOTE-204\"""", ""KEYNOTE-204""]","[""Keynote-204""]",/mnt/data1/srchowd3/FD-NL2SQL/methodv2/runs/question_table_copy_tapex_full/questions/row_399_For_Brentuximab_vedotin_trials_in_Hodgkin_Lymphoma_extract_the_trial_acronym_from_the_trial_name_e_g_KEYNOTE_xxx_CHECKMATE_xxx,/mnt/data1/srchowd3/FD-NL2SQL/methodv2/runs/question_table_copy_tapex_full/questions/row_399_For_Brentuximab_vedotin_trials_in_Hodgkin_Lymphoma_extract_the_trial_acronym_from_the_trial_name_e_g_KEYNOTE_xxx_CHECKMATE_xxx/table_copy.csv,/mnt/data1/srchowd3/FD-NL2SQL/methodv2/runs/question_table_copy_tapex_full/questions/row_399_For_Brentuximab_vedotin_trials_in_Hodgkin_Lymphoma_extract_the_trial_acronym_from_the_trial_name_e_g_KEYNOTE_xxx_CHECKMATE_xxx/tapex_table_view.csv,/mnt/data1/srchowd3/FD-NL2SQL/methodv2/runs/question_table_copy_tapex_full/questions/row_399_For_Brentuximab_vedotin_trials_in_Hodgkin_Lymphoma_extract_the_trial_acronym_from_the_trial_name_e_g_KEYNOTE_xxx_CHECKMATE_xxx/ground_truth_table.csv
row_400,400,"For Pembrolizumab trials, bucket the publication year into: ≤2014, 2015–2018, ≥2019.",Year,"[""era""]",42,2021,-0.1409507393836975,128,31,0.0,0.0,1.0,"[""{\""era\"": \""2015–2018\""}"", ""{\""era\"": \""≥2019\""}"", ""{\""era\"": \""2015–2018\""}"", ""{\""era\"": \""2015–2018\""}"", ""{\""era\"": \""≥2019\""}"", ""{\""era\"": \""2015–2018\""}"", ""{\""era\"": \""2015–2018\""}"", ""{\""era\"": \""2015–2018\""}"", ""{\""era\"": \""2015–2018\""}"", ""{\""era\"": \""2015–2018\""}"", ""{\""era\"": \""2015–2018\""}"", ""{\""era\"": \""≥2019\""}"", ""{\""era\"": \""≥2019\""}"", ""{\""era\"": \""2015–2018\""}"", ""{\""era\"": \""2015–2018\""}"", ""{\""era\"": \""2015–2018\""}"", ""{\""era\"": \""2015–2018\""}"", ""{\""era\"": \""2015–2018\""}"", ""{\""era\"": \""≥2019\""}"", ""{\""era\"": \""≥2019\""}"", ""{\""era\"": \""≥2019\""}"", ""{\""era\"": \""≥2019\""}"", ""{\""era\"": \""≥2019\""}"", ""{\""era\"": \""≥2019\""}"", ""{\""era\"": \""≥2019\""}"", ""{\""era\"": \""≥2019\""}"", ""{\""era\"": \""≥2019\""}"", ""{\""era\"": \""≥2019\""}"", ""{\""era\"": \""≥2019\""}"", ""{\""era\"": \""≥2019\""}"", ""{\""era\"": \""2015–2018\""}"", ""{\""era\"": \""≥2019\""}"", ""{\""era\"": \""≥2019\""}"", ""{\""era\"": \""≥2019\""}"", ""{\""era\"": \""≥2019\""}"", ""{\""era\"": \""≥2019\""}"", ""{\""era\"": \""≥2019\""}"", ""{\""era\"": \""≥2019\""}"", ""{\""era\"": \""≥2019\""}"", ""{\""era\"": \""≥2019\""}"", ""{\""era\"": \""≥2019\""}"", ""{\""era\"": \""≥2019\""}""]","[""\""2015–2018\"""", ""2015–2018"", ""\""≥2019\"""", ""≥2019""]","[""2017"", ""2019"", ""2018"", ""2016"", ""2015"", ""2020"", ""2021""]",/mnt/data1/srchowd3/FD-NL2SQL/methodv2/runs/question_table_copy_tapex_full/questions/row_400_For_Pembrolizumab_trials_bucket_the_publication_year_into_2014_2015_2018_2019,/mnt/data1/srchowd3/FD-NL2SQL/methodv2/runs/question_table_copy_tapex_full/questions/row_400_For_Pembrolizumab_trials_bucket_the_publication_year_into_2014_2015_2018_2019/table_copy.csv,/mnt/data1/srchowd3/FD-NL2SQL/methodv2/runs/question_table_copy_tapex_full/questions/row_400_For_Pembrolizumab_trials_bucket_the_publication_year_into_2014_2015_2018_2019/tapex_table_view.csv,/mnt/data1/srchowd3/FD-NL2SQL/methodv2/runs/question_table_copy_tapex_full/questions/row_400_For_Pembrolizumab_trials_bucket_the_publication_year_into_2014_2015_2018_2019/ground_truth_table.csv
row_401,401,"In Multiple Myeloma studies using ICI+TKI, list the TKI agent(s) mentioned in the treatment regimen.",Treatment regimen,"[""tki_agents""]",0,nct02299087,-0.44976919889450073,128,31,0.0,0.0,0.0,[],[],[],/mnt/data1/srchowd3/FD-NL2SQL/methodv2/runs/question_table_copy_tapex_full/questions/row_401_In_Multiple_Myeloma_studies_using_ICI_TKI_list_the_TKI_agent_s_mentioned_in_the_treatment_regimen,/mnt/data1/srchowd3/FD-NL2SQL/methodv2/runs/question_table_copy_tapex_full/questions/row_401_In_Multiple_Myeloma_studies_using_ICI_TKI_list_the_TKI_agent_s_mentioned_in_the_treatment_regimen/table_copy.csv,/mnt/data1/srchowd3/FD-NL2SQL/methodv2/runs/question_table_copy_tapex_full/questions/row_401_In_Multiple_Myeloma_studies_using_ICI_TKI_list_the_TKI_agent_s_mentioned_in_the_treatment_regimen/tapex_table_view.csv,/mnt/data1/srchowd3/FD-NL2SQL/methodv2/runs/question_table_copy_tapex_full/questions/row_401_In_Multiple_Myeloma_studies_using_ICI_TKI_list_the_TKI_agent_s_mentioned_in_the_treatment_regimen/ground_truth_table.csv
row_402,402,"For Atezolizumab+Trastuzumab emtansine+Placebo trials in Mesothelioma, extract the trial acronym from the trial name (e.g., KEYNOTE-xxx, CHECKMATE-xxx).",Trial name,"[""trial_acronym""]",0,speaker-204,-0.6622794270515442,128,16,0.0,0.0,0.0,[],[],[],/mnt/data1/srchowd3/FD-NL2SQL/methodv2/runs/question_table_copy_tapex_full/questions/row_402_For_Atezolizumab_Trastuzumab_emtansine_Placebo_trials_in_Mesothelioma_extract_the_trial_acronym_from_the_trial_name_e_g_KEYNOTE_xxx_CHECKMATE_xxx,/mnt/data1/srchowd3/FD-NL2SQL/methodv2/runs/question_table_copy_tapex_full/questions/row_402_For_Atezolizumab_Trastuzumab_emtansine_Placebo_trials_in_Mesothelioma_extract_the_trial_acronym_from_the_trial_name_e_g_KEYNOTE_xxx_CHECKMATE_xxx/table_copy.csv,/mnt/data1/srchowd3/FD-NL2SQL/methodv2/runs/question_table_copy_tapex_full/questions/row_402_For_Atezolizumab_Trastuzumab_emtansine_Placebo_trials_in_Mesothelioma_extract_the_trial_acronym_from_the_trial_name_e_g_KEYNOTE_xxx_CHECKMATE_xxx/tapex_table_view.csv,/mnt/data1/srchowd3/FD-NL2SQL/methodv2/runs/question_table_copy_tapex_full/questions/row_402_For_Atezolizumab_Trastuzumab_emtansine_Placebo_trials_in_Mesothelioma_extract_the_trial_acronym_from_the_trial_name_e_g_KEYNOTE_xxx_CHECKMATE_xxx/ground_truth_table.csv
row_403,403,"In Gastric/GEJ trials, convert 'Original/Follow up' status into a boolean is_follow_up.",Originial publication or Follow-up,"[""is_follow_up""]",8,follow-up,-0.1053638607263565,64,64,0.0,0.0,1.0,"[""{\""is_follow_up\"": false}"", ""{\""is_follow_up\"": false}"", ""{\""is_follow_up\"": false}"", ""{\""is_follow_up\"": false}"", ""{\""is_follow_up\"": true}"", ""{\""is_follow_up\"": false}"", ""{\""is_follow_up\"": false}"", ""{\""is_follow_up\"": false}""]","[""false"", ""False"", ""true"", ""True""]","[""Original publication"", ""Follow-up""]",/mnt/data1/srchowd3/FD-NL2SQL/methodv2/runs/question_table_copy_tapex_full/questions/row_403_In_Gastric_GEJ_trials_convert_Original_Follow_up_status_into_a_boolean_is_follow_up,/mnt/data1/srchowd3/FD-NL2SQL/methodv2/runs/question_table_copy_tapex_full/questions/row_403_In_Gastric_GEJ_trials_convert_Original_Follow_up_status_into_a_boolean_is_follow_up/table_copy.csv,/mnt/data1/srchowd3/FD-NL2SQL/methodv2/runs/question_table_copy_tapex_full/questions/row_403_In_Gastric_GEJ_trials_convert_Original_Follow_up_status_into_a_boolean_is_follow_up/tapex_table_view.csv,/mnt/data1/srchowd3/FD-NL2SQL/methodv2/runs/question_table_copy_tapex_full/questions/row_403_In_Gastric_GEJ_trials_convert_Original_Follow_up_status_into_a_boolean_is_follow_up/ground_truth_table.csv
row_404,404,"For Brentuximab-vedotin trials in Hepatocellular, extract the trial acronym from the trial name (e.g., KEYNOTE-xxx, CHECKMATE-xxx).",Trial name,"[""trial_acronym""]",0,speaker-204,-0.7199352979660034,128,16,0.0,0.0,0.0,[],[],[],/mnt/data1/srchowd3/FD-NL2SQL/methodv2/runs/question_table_copy_tapex_full/questions/row_404_For_Brentuximab_vedotin_trials_in_Hepatocellular_extract_the_trial_acronym_from_the_trial_name_e_g_KEYNOTE_xxx_CHECKMATE_xxx,/mnt/data1/srchowd3/FD-NL2SQL/methodv2/runs/question_table_copy_tapex_full/questions/row_404_For_Brentuximab_vedotin_trials_in_Hepatocellular_extract_the_trial_acronym_from_the_trial_name_e_g_KEYNOTE_xxx_CHECKMATE_xxx/table_copy.csv,/mnt/data1/srchowd3/FD-NL2SQL/methodv2/runs/question_table_copy_tapex_full/questions/row_404_For_Brentuximab_vedotin_trials_in_Hepatocellular_extract_the_trial_acronym_from_the_trial_name_e_g_KEYNOTE_xxx_CHECKMATE_xxx/tapex_table_view.csv,/mnt/data1/srchowd3/FD-NL2SQL/methodv2/runs/question_table_copy_tapex_full/questions/row_404_For_Brentuximab_vedotin_trials_in_Hepatocellular_extract_the_trial_acronym_from_the_trial_name_e_g_KEYNOTE_xxx_CHECKMATE_xxx/ground_truth_table.csv
row_405,405,"For Chemotherapy trials, bucket the publication year into: ≤2014, 2015–2018, ≥2019.",Year,"[""era""]",1,2021,-0.2335021197795868,128,31,0.0,0.0,1.0,"[""{\""era\"": \""≥2019\""}""]","[""\""≥2019\"""", ""≥2019""]","[""2021""]",/mnt/data1/srchowd3/FD-NL2SQL/methodv2/runs/question_table_copy_tapex_full/questions/row_405_For_Chemotherapy_trials_bucket_the_publication_year_into_2014_2015_2018_2019,/mnt/data1/srchowd3/FD-NL2SQL/methodv2/runs/question_table_copy_tapex_full/questions/row_405_For_Chemotherapy_trials_bucket_the_publication_year_into_2014_2015_2018_2019/table_copy.csv,/mnt/data1/srchowd3/FD-NL2SQL/methodv2/runs/question_table_copy_tapex_full/questions/row_405_For_Chemotherapy_trials_bucket_the_publication_year_into_2014_2015_2018_2019/tapex_table_view.csv,/mnt/data1/srchowd3/FD-NL2SQL/methodv2/runs/question_table_copy_tapex_full/questions/row_405_For_Chemotherapy_trials_bucket_the_publication_year_into_2014_2015_2018_2019/ground_truth_table.csv
row_406,406,"For Durvalumab trials in Small Cell Lung, extract the trial acronym from the trial name (e.g., KEYNOTE-xxx, CHECKMATE-xxx).",Trial name,"[""trial_acronym""]",2,keynote-204,-0.725688636302948,128,16,0.0,0.0,0.0,"[""{\""trial_acronym\"": \""CASPIAN\""}"", ""{\""trial_acronym\"": \""CASPIAN\""}""]","[""\""CASPIAN\"""", ""CASPIAN""]","[""CASPIAN""]",/mnt/data1/srchowd3/FD-NL2SQL/methodv2/runs/question_table_copy_tapex_full/questions/row_406_For_Durvalumab_trials_in_Small_Cell_Lung_extract_the_trial_acronym_from_the_trial_name_e_g_KEYNOTE_xxx_CHECKMATE_xxx,/mnt/data1/srchowd3/FD-NL2SQL/methodv2/runs/question_table_copy_tapex_full/questions/row_406_For_Durvalumab_trials_in_Small_Cell_Lung_extract_the_trial_acronym_from_the_trial_name_e_g_KEYNOTE_xxx_CHECKMATE_xxx/table_copy.csv,/mnt/data1/srchowd3/FD-NL2SQL/methodv2/runs/question_table_copy_tapex_full/questions/row_406_For_Durvalumab_trials_in_Small_Cell_Lung_extract_the_trial_acronym_from_the_trial_name_e_g_KEYNOTE_xxx_CHECKMATE_xxx/tapex_table_view.csv,/mnt/data1/srchowd3/FD-NL2SQL/methodv2/runs/question_table_copy_tapex_full/questions/row_406_For_Durvalumab_trials_in_Small_Cell_Lung_extract_the_trial_acronym_from_the_trial_name_e_g_KEYNOTE_xxx_CHECKMATE_xxx/ground_truth_table.csv
row_407,407,"In Melanoma studies using ICI+TKI, list the TKI agent(s) mentioned in the treatment regimen.",Treatment regimen,"[""tki_agents""]",0,nct02256436,-0.3412266671657562,0,64,0.0,0.0,0.0,[],[],[],/mnt/data1/srchowd3/FD-NL2SQL/methodv2/runs/question_table_copy_tapex_full/questions/row_407_In_Melanoma_studies_using_ICI_TKI_list_the_TKI_agent_s_mentioned_in_the_treatment_regimen,/mnt/data1/srchowd3/FD-NL2SQL/methodv2/runs/question_table_copy_tapex_full/questions/row_407_In_Melanoma_studies_using_ICI_TKI_list_the_TKI_agent_s_mentioned_in_the_treatment_regimen/table_copy.csv,/mnt/data1/srchowd3/FD-NL2SQL/methodv2/runs/question_table_copy_tapex_full/questions/row_407_In_Melanoma_studies_using_ICI_TKI_list_the_TKI_agent_s_mentioned_in_the_treatment_regimen/tapex_table_view.csv,/mnt/data1/srchowd3/FD-NL2SQL/methodv2/runs/question_table_copy_tapex_full/questions/row_407_In_Melanoma_studies_using_ICI_TKI_list_the_TKI_agent_s_mentioned_in_the_treatment_regimen/ground_truth_table.csv
row_408,408,"In Bladder trials with PD-L1 agents included in the meta-analysis, map the generic ICI name to its brand name.",Name of ICI,"[""brand_name""]",1,speaker-045,-0.8231881260871887,0,64,0.0,0.0,0.0,"[""{\""brand_name\"": \""Tecentriq\""}""]","[""\""Tecentriq\"""", ""Tecentriq""]","[""Atezolizumab""]",/mnt/data1/srchowd3/FD-NL2SQL/methodv2/runs/question_table_copy_tapex_full/questions/row_408_In_Bladder_trials_with_PD_L1_agents_included_in_the_meta_analysis_map_the_generic_ICI_name_to_its_brand_name,/mnt/data1/srchowd3/FD-NL2SQL/methodv2/runs/question_table_copy_tapex_full/questions/row_408_In_Bladder_trials_with_PD_L1_agents_included_in_the_meta_analysis_map_the_generic_ICI_name_to_its_brand_name/table_copy.csv,/mnt/data1/srchowd3/FD-NL2SQL/methodv2/runs/question_table_copy_tapex_full/questions/row_408_In_Bladder_trials_with_PD_L1_agents_included_in_the_meta_analysis_map_the_generic_ICI_name_to_its_brand_name/tapex_table_view.csv,/mnt/data1/srchowd3/FD-NL2SQL/methodv2/runs/question_table_copy_tapex_full/questions/row_408_In_Bladder_trials_with_PD_L1_agents_included_in_the_meta_analysis_map_the_generic_ICI_name_to_its_brand_name/ground_truth_table.csv
row_409,409,"In Small Cell Lung trials, interpret the PD-L1 requirement flag as boolean true/false.",Is PD-L1 positivity inclusion criteria,"[""pd_l1_required""]",14,false,-0.4900355339050293,64,64,0.0,1.0,0.0,"[""{\""pd_l1_required\"": false}"", ""{\""pd_l1_required\"": false}"", ""{\""pd_l1_required\"": false}"", ""{\""pd_l1_required\"": false}"", ""{\""pd_l1_required\"": false}"", ""{\""pd_l1_required\"": false}"", ""{\""pd_l1_required\"": false}"", ""{\""pd_l1_required\"": false}"", ""{\""pd_l1_required\"": false}"", ""{\""pd_l1_required\"": false}"", ""{\""pd_l1_required\"": false}"", ""{\""pd_l1_required\"": false}"", ""{\""pd_l1_required\"": false}"", ""{\""pd_l1_required\"": false}""]","[""false"", ""False""]","[""No""]",/mnt/data1/srchowd3/FD-NL2SQL/methodv2/runs/question_table_copy_tapex_full/questions/row_409_In_Small_Cell_Lung_trials_interpret_the_PD_L1_requirement_flag_as_boolean_true_false,/mnt/data1/srchowd3/FD-NL2SQL/methodv2/runs/question_table_copy_tapex_full/questions/row_409_In_Small_Cell_Lung_trials_interpret_the_PD_L1_requirement_flag_as_boolean_true_false/table_copy.csv,/mnt/data1/srchowd3/FD-NL2SQL/methodv2/runs/question_table_copy_tapex_full/questions/row_409_In_Small_Cell_Lung_trials_interpret_the_PD_L1_requirement_flag_as_boolean_true_false/tapex_table_view.csv,/mnt/data1/srchowd3/FD-NL2SQL/methodv2/runs/question_table_copy_tapex_full/questions/row_409_In_Small_Cell_Lung_trials_interpret_the_PD_L1_requirement_flag_as_boolean_true_false/ground_truth_table.csv
row_410,410,"For Avelumab trials in Urothelial, extract the trial acronym from the trial name (e.g., KEYNOTE-xxx, CHECKMATE-xxx).",Trial name,"[""trial_acronym""]",1,checkmate 025,-0.15174806118011475,64,64,0.0,0.0,0.0,"[""{\""trial_acronym\"": null}""]","[""null"", ""None""]",[],/mnt/data1/srchowd3/FD-NL2SQL/methodv2/runs/question_table_copy_tapex_full/questions/row_410_For_Avelumab_trials_in_Urothelial_extract_the_trial_acronym_from_the_trial_name_e_g_KEYNOTE_xxx_CHECKMATE_xxx,/mnt/data1/srchowd3/FD-NL2SQL/methodv2/runs/question_table_copy_tapex_full/questions/row_410_For_Avelumab_trials_in_Urothelial_extract_the_trial_acronym_from_the_trial_name_e_g_KEYNOTE_xxx_CHECKMATE_xxx/table_copy.csv,/mnt/data1/srchowd3/FD-NL2SQL/methodv2/runs/question_table_copy_tapex_full/questions/row_410_For_Avelumab_trials_in_Urothelial_extract_the_trial_acronym_from_the_trial_name_e_g_KEYNOTE_xxx_CHECKMATE_xxx/tapex_table_view.csv,/mnt/data1/srchowd3/FD-NL2SQL/methodv2/runs/question_table_copy_tapex_full/questions/row_410_For_Avelumab_trials_in_Urothelial_extract_the_trial_acronym_from_the_trial_name_e_g_KEYNOTE_xxx_CHECKMATE_xxx/ground_truth_table.csv
row_411,411,"In Hodgkin Lymphoma Phase 3 trials, standardize the primary endpoint into one of OS, PFS, ORR, DFS, DOR, AE-rate, or Other.",Primary endpoint,"[""primary_endpoint_category""]",1,dor,-0.24333177506923676,64,64,0.0,0.0,0.0,"[""{\""primary_endpoint_category\"": \""PFS\""}""]","[""\""PFS\"""", ""PFS""]","[""PFS+OS""]",/mnt/data1/srchowd3/FD-NL2SQL/methodv2/runs/question_table_copy_tapex_full/questions/row_411_In_Hodgkin_Lymphoma_Phase_3_trials_standardize_the_primary_endpoint_into_one_of_OS_PFS_ORR_DFS_DOR_AE_rate_or_Other,/mnt/data1/srchowd3/FD-NL2SQL/methodv2/runs/question_table_copy_tapex_full/questions/row_411_In_Hodgkin_Lymphoma_Phase_3_trials_standardize_the_primary_endpoint_into_one_of_OS_PFS_ORR_DFS_DOR_AE_rate_or_Other/table_copy.csv,/mnt/data1/srchowd3/FD-NL2SQL/methodv2/runs/question_table_copy_tapex_full/questions/row_411_In_Hodgkin_Lymphoma_Phase_3_trials_standardize_the_primary_endpoint_into_one_of_OS_PFS_ORR_DFS_DOR_AE_rate_or_Other/tapex_table_view.csv,/mnt/data1/srchowd3/FD-NL2SQL/methodv2/runs/question_table_copy_tapex_full/questions/row_411_In_Hodgkin_Lymphoma_Phase_3_trials_standardize_the_primary_endpoint_into_one_of_OS_PFS_ORR_DFS_DOR_AE_rate_or_Other/ground_truth_table.csv
row_412,412,"In Pancreatic trials, convert 'Original/Follow up' status into a boolean is_follow_up.",Originial publication or Follow-up,"[""is_follow_up""]",2,follow-up,-0.10557327419519424,64,64,0.0,0.0,0.0,"[""{\""is_follow_up\"": false}"", ""{\""is_follow_up\"": false}""]","[""false"", ""False""]","[""Original publication""]",/mnt/data1/srchowd3/FD-NL2SQL/methodv2/runs/question_table_copy_tapex_full/questions/row_412_In_Pancreatic_trials_convert_Original_Follow_up_status_into_a_boolean_is_follow_up,/mnt/data1/srchowd3/FD-NL2SQL/methodv2/runs/question_table_copy_tapex_full/questions/row_412_In_Pancreatic_trials_convert_Original_Follow_up_status_into_a_boolean_is_follow_up/table_copy.csv,/mnt/data1/srchowd3/FD-NL2SQL/methodv2/runs/question_table_copy_tapex_full/questions/row_412_In_Pancreatic_trials_convert_Original_Follow_up_status_into_a_boolean_is_follow_up/tapex_table_view.csv,/mnt/data1/srchowd3/FD-NL2SQL/methodv2/runs/question_table_copy_tapex_full/questions/row_412_In_Pancreatic_trials_convert_Original_Follow_up_status_into_a_boolean_is_follow_up/ground_truth_table.csv
row_414,414,"In Melanoma Phase 3 trials, standardize the primary endpoint into one of OS, PFS, ORR, DFS, DOR, AE-rate, or Other.",Primary endpoint,"[""primary_endpoint_category""]",18,dor,-0.27121207118034363,64,64,0.0,0.0,0.0,"[""{\""primary_endpoint_category\"": \""OS\""}"", ""{\""primary_endpoint_category\"": \""OS\""}"", ""{\""primary_endpoint_category\"": \""OS\""}"", ""{\""primary_endpoint_category\"": \""OS\""}"", ""{\""primary_endpoint_category\"": \""PFS\""}"", ""{\""primary_endpoint_category\"": \""PFS\""}"", ""{\""primary_endpoint_category\"": \""OS\""}"", ""{\""primary_endpoint_category\"": \""OS\""}"", ""{\""primary_endpoint_category\"": \""OS\""}"", ""{\""primary_endpoint_category\"": \""OS\""}"", ""{\""primary_endpoint_category\"": \""OS\""}"", ""{\""primary_endpoint_category\"": \""OS\""}"", ""{\""primary_endpoint_category\"": \""PFS\""}"", ""{\""primary_endpoint_category\"": \""OS\""}"", ""{\""primary_endpoint_category\"": \""OS\""}"", ""{\""primary_endpoint_category\"": \""OS\""}"", ""{\""primary_endpoint_category\"": \""Other\""}"", ""{\""primary_endpoint_category\"": \""PFS\""}""]","[""\""OS\"""", ""OS"", ""\""PFS\"""", ""PFS"", ""\""Other\"""", ""Other""]","[""OS"", ""PFS"", ""OS+ORR"", ""OS+RFS"", ""RFS""]",/mnt/data1/srchowd3/FD-NL2SQL/methodv2/runs/question_table_copy_tapex_full/questions/row_414_In_Melanoma_Phase_3_trials_standardize_the_primary_endpoint_into_one_of_OS_PFS_ORR_DFS_DOR_AE_rate_or_Other,/mnt/data1/srchowd3/FD-NL2SQL/methodv2/runs/question_table_copy_tapex_full/questions/row_414_In_Melanoma_Phase_3_trials_standardize_the_primary_endpoint_into_one_of_OS_PFS_ORR_DFS_DOR_AE_rate_or_Other/table_copy.csv,/mnt/data1/srchowd3/FD-NL2SQL/methodv2/runs/question_table_copy_tapex_full/questions/row_414_In_Melanoma_Phase_3_trials_standardize_the_primary_endpoint_into_one_of_OS_PFS_ORR_DFS_DOR_AE_rate_or_Other/tapex_table_view.csv,/mnt/data1/srchowd3/FD-NL2SQL/methodv2/runs/question_table_copy_tapex_full/questions/row_414_In_Melanoma_Phase_3_trials_standardize_the_primary_endpoint_into_one_of_OS_PFS_ORR_DFS_DOR_AE_rate_or_Other/ground_truth_table.csv
row_415,415,"For Durvalumab, Tremelimumab trials, bucket trial phase into early (1/1b/2) vs late (3/4).",Trial phase,"[""phase_bucket""]",7,late,-0.08737307786941528,0,64,0.0,1.0,0.0,"[""{\""phase_bucket\"": \""late\""}"", ""{\""phase_bucket\"": \""late\""}"", ""{\""phase_bucket\"": \""late\""}"", ""{\""phase_bucket\"": \""late\""}"", ""{\""phase_bucket\"": \""early\""}"", ""{\""phase_bucket\"": \""late\""}"", ""{\""phase_bucket\"": \""late\""}""]","[""\""late\"""", ""late"", ""\""early\"""", ""early""]","[""Phase 3"", ""Phase 2""]",/mnt/data1/srchowd3/FD-NL2SQL/methodv2/runs/question_table_copy_tapex_full/questions/row_415_For_Durvalumab_Tremelimumab_trials_bucket_trial_phase_into_early_1_1b_2_vs_late_3_4,/mnt/data1/srchowd3/FD-NL2SQL/methodv2/runs/question_table_copy_tapex_full/questions/row_415_For_Durvalumab_Tremelimumab_trials_bucket_trial_phase_into_early_1_1b_2_vs_late_3_4/table_copy.csv,/mnt/data1/srchowd3/FD-NL2SQL/methodv2/runs/question_table_copy_tapex_full/questions/row_415_For_Durvalumab_Tremelimumab_trials_bucket_trial_phase_into_early_1_1b_2_vs_late_3_4/tapex_table_view.csv,/mnt/data1/srchowd3/FD-NL2SQL/methodv2/runs/question_table_copy_tapex_full/questions/row_415_For_Durvalumab_Tremelimumab_trials_bucket_trial_phase_into_early_1_1b_2_vs_late_3_4/ground_truth_table.csv
row_416,416,"In Hepatocellular trials with chemotherapy control, list the specific cytotoxic drugs from the control regimen.",Control regimen,"[""control_drugs""]",0,"nct03215706, nct02299999, nct02555657, nct03088540, nct02952586",-0.15797695517539978,128,31,0.0,0.0,0.0,[],[],[],/mnt/data1/srchowd3/FD-NL2SQL/methodv2/runs/question_table_copy_tapex_full/questions/row_416_In_Hepatocellular_trials_with_chemotherapy_control_list_the_specific_cytotoxic_drugs_from_the_control_regimen,/mnt/data1/srchowd3/FD-NL2SQL/methodv2/runs/question_table_copy_tapex_full/questions/row_416_In_Hepatocellular_trials_with_chemotherapy_control_list_the_specific_cytotoxic_drugs_from_the_control_regimen/table_copy.csv,/mnt/data1/srchowd3/FD-NL2SQL/methodv2/runs/question_table_copy_tapex_full/questions/row_416_In_Hepatocellular_trials_with_chemotherapy_control_list_the_specific_cytotoxic_drugs_from_the_control_regimen/tapex_table_view.csv,/mnt/data1/srchowd3/FD-NL2SQL/methodv2/runs/question_table_copy_tapex_full/questions/row_416_In_Hepatocellular_trials_with_chemotherapy_control_list_the_specific_cytotoxic_drugs_from_the_control_regimen/ground_truth_table.csv
row_418,418,"In Hodgkin Lymphoma trials, determine whether the listed endpoint is primary or secondary based on the endpoint text.",Secondary endpoint,"[""endpoint_role""]",1,speaker-045,-0.7380656599998474,0,64,0.0,0.0,0.0,"[""{\""endpoint_role\"": \""secondary\""}""]","[""\""secondary\"""", ""secondary""]","[""PFS; ORR; CR; investigator-assessed PFS, ORR, CR; safety""]",/mnt/data1/srchowd3/FD-NL2SQL/methodv2/runs/question_table_copy_tapex_full/questions/row_418_In_Hodgkin_Lymphoma_trials_determine_whether_the_listed_endpoint_is_primary_or_secondary_based_on_the_endpoint_text,/mnt/data1/srchowd3/FD-NL2SQL/methodv2/runs/question_table_copy_tapex_full/questions/row_418_In_Hodgkin_Lymphoma_trials_determine_whether_the_listed_endpoint_is_primary_or_secondary_based_on_the_endpoint_text/table_copy.csv,/mnt/data1/srchowd3/FD-NL2SQL/methodv2/runs/question_table_copy_tapex_full/questions/row_418_In_Hodgkin_Lymphoma_trials_determine_whether_the_listed_endpoint_is_primary_or_secondary_based_on_the_endpoint_text/tapex_table_view.csv,/mnt/data1/srchowd3/FD-NL2SQL/methodv2/runs/question_table_copy_tapex_full/questions/row_418_In_Hodgkin_Lymphoma_trials_determine_whether_the_listed_endpoint_is_primary_or_secondary_based_on_the_endpoint_text/ground_truth_table.csv
row_420,420,"For Durvalumab, Tremelimumab trials, bucket total sample size as small(<100), medium(100–299), or large(≥300).",Total sample size,"[""size_bucket""]",7,large,-0.1365726888179779,128,30,0.0,1.0,0.0,"[""{\""size_bucket\"": \""large\""}"", ""{\""size_bucket\"": \""large\""}"", ""{\""size_bucket\"": \""large\""}"", ""{\""size_bucket\"": \""large\""}"", ""{\""size_bucket\"": \""medium\""}"", ""{\""size_bucket\"": \""large\""}"", ""{\""size_bucket\"": \""large\""}""]","[""\""large\"""", ""large"", ""\""medium\"""", ""medium""]","[""805.0"", ""595.0"", ""1118.0"", ""736.0"", ""180.0"", ""1032.0""]",/mnt/data1/srchowd3/FD-NL2SQL/methodv2/runs/question_table_copy_tapex_full/questions/row_420_For_Durvalumab_Tremelimumab_trials_bucket_total_sample_size_as_small_100_medium_100_299_or_large_300,/mnt/data1/srchowd3/FD-NL2SQL/methodv2/runs/question_table_copy_tapex_full/questions/row_420_For_Durvalumab_Tremelimumab_trials_bucket_total_sample_size_as_small_100_medium_100_299_or_large_300/table_copy.csv,/mnt/data1/srchowd3/FD-NL2SQL/methodv2/runs/question_table_copy_tapex_full/questions/row_420_For_Durvalumab_Tremelimumab_trials_bucket_total_sample_size_as_small_100_medium_100_299_or_large_300/tapex_table_view.csv,/mnt/data1/srchowd3/FD-NL2SQL/methodv2/runs/question_table_copy_tapex_full/questions/row_420_For_Durvalumab_Tremelimumab_trials_bucket_total_sample_size_as_small_100_medium_100_299_or_large_300/ground_truth_table.csv
row_421,421,"In Bladder Phase 3 trials, classify the control arm as active, placebo, or best supportive care.",Control arm,"[""control_category""]",3,best supporting care,-0.6167077422142029,0,64,0.0,0.0,0.0,"[""{\""control_category\"": \""active\""}"", ""{\""control_category\"": \""active\""}"", ""{\""control_category\"": \""active\""}""]","[""\""active\"""", ""active""]","[""Chemo""]",/mnt/data1/srchowd3/FD-NL2SQL/methodv2/runs/question_table_copy_tapex_full/questions/row_421_In_Bladder_Phase_3_trials_classify_the_control_arm_as_active_placebo_or_best_supportive_care,/mnt/data1/srchowd3/FD-NL2SQL/methodv2/runs/question_table_copy_tapex_full/questions/row_421_In_Bladder_Phase_3_trials_classify_the_control_arm_as_active_placebo_or_best_supportive_care/table_copy.csv,/mnt/data1/srchowd3/FD-NL2SQL/methodv2/runs/question_table_copy_tapex_full/questions/row_421_In_Bladder_Phase_3_trials_classify_the_control_arm_as_active_placebo_or_best_supportive_care/tapex_table_view.csv,/mnt/data1/srchowd3/FD-NL2SQL/methodv2/runs/question_table_copy_tapex_full/questions/row_421_In_Bladder_Phase_3_trials_classify_the_control_arm_as_active_placebo_or_best_supportive_care/ground_truth_table.csv
row_422,422,"For Avelumab combination therapy trials, list additional agents in the treatment regimen beyond the ICI.",Treatment regimen,"[""added_agents""]",5,nct02625623,-0.28014642000198364,0,64,0.0,0.0,0.0,"[""{\""added_agents\"": [\""axitinib\""]}"", ""{\""added_agents\"": [\""axitinib\""]}"", ""{\""added_agents\"": null}"", ""{\""added_agents\"": null}"", ""{\""added_agents\"": [\""cetuximab\""]}""]","[""[\""axitinib\""]"", ""axitinib"", ""null"", ""None"", ""[\""cetuximab\""]"", ""cetuximab""]","[""Avelumab+Axitinib"", ""Avelumab"", ""Avelumab+Chemoradiotherapy"", ""Avelumab+cetuximab+radiotherapy""]",/mnt/data1/srchowd3/FD-NL2SQL/methodv2/runs/question_table_copy_tapex_full/questions/row_422_For_Avelumab_combination_therapy_trials_list_additional_agents_in_the_treatment_regimen_beyond_the_ICI,/mnt/data1/srchowd3/FD-NL2SQL/methodv2/runs/question_table_copy_tapex_full/questions/row_422_For_Avelumab_combination_therapy_trials_list_additional_agents_in_the_treatment_regimen_beyond_the_ICI/table_copy.csv,/mnt/data1/srchowd3/FD-NL2SQL/methodv2/runs/question_table_copy_tapex_full/questions/row_422_For_Avelumab_combination_therapy_trials_list_additional_agents_in_the_treatment_regimen_beyond_the_ICI/tapex_table_view.csv,/mnt/data1/srchowd3/FD-NL2SQL/methodv2/runs/question_table_copy_tapex_full/questions/row_422_For_Avelumab_combination_therapy_trials_list_additional_agents_in_the_treatment_regimen_beyond_the_ICI/ground_truth_table.csv
row_423,423,"In Non-Small Cell Lung trials, convert 'Original/Follow up' status into a boolean is_follow_up.",Originial publication or Follow-up,"[""is_follow_up""]",45,follow-up,-0.09001391381025314,64,64,0.0,0.0,1.0,"[""{\""is_follow_up\"": false}"", ""{\""is_follow_up\"": false}"", ""{\""is_follow_up\"": false}"", ""{\""is_follow_up\"": false}"", ""{\""is_follow_up\"": false}"", ""{\""is_follow_up\"": false}"", ""{\""is_follow_up\"": false}"", ""{\""is_follow_up\"": false}"", ""{\""is_follow_up\"": false}"", ""{\""is_follow_up\"": false}"", ""{\""is_follow_up\"": true}"", ""{\""is_follow_up\"": false}"", ""{\""is_follow_up\"": false}"", ""{\""is_follow_up\"": true}"", ""{\""is_follow_up\"": false}"", ""{\""is_follow_up\"": true}"", ""{\""is_follow_up\"": false}"", ""{\""is_follow_up\"": false}"", ""{\""is_follow_up\"": false}"", ""{\""is_follow_up\"": false}"", ""{\""is_follow_up\"": false}"", ""{\""is_follow_up\"": false}"", ""{\""is_follow_up\"": true}"", ""{\""is_follow_up\"": true}"", ""{\""is_follow_up\"": true}"", ""{\""is_follow_up\"": false}"", ""{\""is_follow_up\"": true}"", ""{\""is_follow_up\"": false}"", ""{\""is_follow_up\"": false}"", ""{\""is_follow_up\"": false}"", ""{\""is_follow_up\"": false}"", ""{\""is_follow_up\"": false}"", ""{\""is_follow_up\"": false}"", ""{\""is_follow_up\"": false}"", ""{\""is_follow_up\"": false}"", ""{\""is_follow_up\"": false}"", ""{\""is_follow_up\"": false}"", ""{\""is_follow_up\"": false}"", ""{\""is_follow_up\"": false}"", ""{\""is_follow_up\"": false}"", ""{\""is_follow_up\"": true}"", ""{\""is_follow_up\"": true}"", ""{\""is_follow_up\"": false}"", ""{\""is_follow_up\"": false}"", ""{\""is_follow_up\"": false}""]","[""false"", ""False"", ""true"", ""True""]","[""Original publication"", ""Follow-up""]",/mnt/data1/srchowd3/FD-NL2SQL/methodv2/runs/question_table_copy_tapex_full/questions/row_423_In_Non_Small_Cell_Lung_trials_convert_Original_Follow_up_status_into_a_boolean_is_follow_up,/mnt/data1/srchowd3/FD-NL2SQL/methodv2/runs/question_table_copy_tapex_full/questions/row_423_In_Non_Small_Cell_Lung_trials_convert_Original_Follow_up_status_into_a_boolean_is_follow_up/table_copy.csv,/mnt/data1/srchowd3/FD-NL2SQL/methodv2/runs/question_table_copy_tapex_full/questions/row_423_In_Non_Small_Cell_Lung_trials_convert_Original_Follow_up_status_into_a_boolean_is_follow_up/tapex_table_view.csv,/mnt/data1/srchowd3/FD-NL2SQL/methodv2/runs/question_table_copy_tapex_full/questions/row_423_In_Non_Small_Cell_Lung_trials_convert_Original_Follow_up_status_into_a_boolean_is_follow_up/ground_truth_table.csv
row_424,424,"In Head and Neck trials with chemotherapy control, list the specific cytotoxic drugs from the control regimen.",Control regimen,"[""control_drugs""]",0,"nct02256436, nct02256436, nct02256436, nct02256436, nct",-0.2298862338066101,0,64,0.0,0.0,0.0,[],[],[],/mnt/data1/srchowd3/FD-NL2SQL/methodv2/runs/question_table_copy_tapex_full/questions/row_424_In_Head_and_Neck_trials_with_chemotherapy_control_list_the_specific_cytotoxic_drugs_from_the_control_regimen,/mnt/data1/srchowd3/FD-NL2SQL/methodv2/runs/question_table_copy_tapex_full/questions/row_424_In_Head_and_Neck_trials_with_chemotherapy_control_list_the_specific_cytotoxic_drugs_from_the_control_regimen/table_copy.csv,/mnt/data1/srchowd3/FD-NL2SQL/methodv2/runs/question_table_copy_tapex_full/questions/row_424_In_Head_and_Neck_trials_with_chemotherapy_control_list_the_specific_cytotoxic_drugs_from_the_control_regimen/tapex_table_view.csv,/mnt/data1/srchowd3/FD-NL2SQL/methodv2/runs/question_table_copy_tapex_full/questions/row_424_In_Head_and_Neck_trials_with_chemotherapy_control_list_the_specific_cytotoxic_drugs_from_the_control_regimen/ground_truth_table.csv
row_425,425,"In Pancreatic trials, categorize number of arms as 1-arm, 2-arm, or ≥3-arm.",Number of arms,"[""arm_category""]",2,2,-0.1525924801826477,128,31,0.0,0.0,1.0,"[""{\""arm_category\"": \""2-arm\""}"", ""{\""arm_category\"": \""2-arm\""}""]","[""\""2-arm\"""", ""2-arm""]","[""2""]",/mnt/data1/srchowd3/FD-NL2SQL/methodv2/runs/question_table_copy_tapex_full/questions/row_425_In_Pancreatic_trials_categorize_number_of_arms_as_1_arm_2_arm_or_3_arm,/mnt/data1/srchowd3/FD-NL2SQL/methodv2/runs/question_table_copy_tapex_full/questions/row_425_In_Pancreatic_trials_categorize_number_of_arms_as_1_arm_2_arm_or_3_arm/table_copy.csv,/mnt/data1/srchowd3/FD-NL2SQL/methodv2/runs/question_table_copy_tapex_full/questions/row_425_In_Pancreatic_trials_categorize_number_of_arms_as_1_arm_2_arm_or_3_arm/tapex_table_view.csv,/mnt/data1/srchowd3/FD-NL2SQL/methodv2/runs/question_table_copy_tapex_full/questions/row_425_In_Pancreatic_trials_categorize_number_of_arms_as_1_arm_2_arm_or_3_arm/ground_truth_table.csv
row_426,426,"In Prostate Phase 2 trials, standardize the primary endpoint into one of OS, PFS, ORR, DFS, DOR, AE-rate, or Other.",Primary endpoint,"[""primary_endpoint_category""]",0,dor,-0.26014819741249084,64,64,0.0,0.0,0.0,[],[],[],/mnt/data1/srchowd3/FD-NL2SQL/methodv2/runs/question_table_copy_tapex_full/questions/row_426_In_Prostate_Phase_2_trials_standardize_the_primary_endpoint_into_one_of_OS_PFS_ORR_DFS_DOR_AE_rate_or_Other,/mnt/data1/srchowd3/FD-NL2SQL/methodv2/runs/question_table_copy_tapex_full/questions/row_426_In_Prostate_Phase_2_trials_standardize_the_primary_endpoint_into_one_of_OS_PFS_ORR_DFS_DOR_AE_rate_or_Other/table_copy.csv,/mnt/data1/srchowd3/FD-NL2SQL/methodv2/runs/question_table_copy_tapex_full/questions/row_426_In_Prostate_Phase_2_trials_standardize_the_primary_endpoint_into_one_of_OS_PFS_ORR_DFS_DOR_AE_rate_or_Other/tapex_table_view.csv,/mnt/data1/srchowd3/FD-NL2SQL/methodv2/runs/question_table_copy_tapex_full/questions/row_426_In_Prostate_Phase_2_trials_standardize_the_primary_endpoint_into_one_of_OS_PFS_ORR_DFS_DOR_AE_rate_or_Other/ground_truth_table.csv
row_427,427,"For Avelumab trials in Prostate, extract the trial acronym from the trial name (e.g., KEYNOTE-xxx, CHECKMATE-xxx).",Trial name,"[""trial_acronym""]",0,checkmate 025,-0.06798882782459259,64,64,0.0,0.0,0.0,[],[],[],/mnt/data1/srchowd3/FD-NL2SQL/methodv2/runs/question_table_copy_tapex_full/questions/row_427_For_Avelumab_trials_in_Prostate_extract_the_trial_acronym_from_the_trial_name_e_g_KEYNOTE_xxx_CHECKMATE_xxx,/mnt/data1/srchowd3/FD-NL2SQL/methodv2/runs/question_table_copy_tapex_full/questions/row_427_For_Avelumab_trials_in_Prostate_extract_the_trial_acronym_from_the_trial_name_e_g_KEYNOTE_xxx_CHECKMATE_xxx/table_copy.csv,/mnt/data1/srchowd3/FD-NL2SQL/methodv2/runs/question_table_copy_tapex_full/questions/row_427_For_Avelumab_trials_in_Prostate_extract_the_trial_acronym_from_the_trial_name_e_g_KEYNOTE_xxx_CHECKMATE_xxx/tapex_table_view.csv,/mnt/data1/srchowd3/FD-NL2SQL/methodv2/runs/question_table_copy_tapex_full/questions/row_427_For_Avelumab_trials_in_Prostate_extract_the_trial_acronym_from_the_trial_name_e_g_KEYNOTE_xxx_CHECKMATE_xxx/ground_truth_table.csv
row_428,428,"For Cemiplimab trials in Breast, extract the trial acronym from the trial name (e.g., KEYNOTE-xxx, CHECKMATE-xxx).",Trial name,"[""trial_acronym""]",0,checkmate 025,-0.13594143092632294,64,64,0.0,0.0,0.0,[],[],[],/mnt/data1/srchowd3/FD-NL2SQL/methodv2/runs/question_table_copy_tapex_full/questions/row_428_For_Cemiplimab_trials_in_Breast_extract_the_trial_acronym_from_the_trial_name_e_g_KEYNOTE_xxx_CHECKMATE_xxx,/mnt/data1/srchowd3/FD-NL2SQL/methodv2/runs/question_table_copy_tapex_full/questions/row_428_For_Cemiplimab_trials_in_Breast_extract_the_trial_acronym_from_the_trial_name_e_g_KEYNOTE_xxx_CHECKMATE_xxx/table_copy.csv,/mnt/data1/srchowd3/FD-NL2SQL/methodv2/runs/question_table_copy_tapex_full/questions/row_428_For_Cemiplimab_trials_in_Breast_extract_the_trial_acronym_from_the_trial_name_e_g_KEYNOTE_xxx_CHECKMATE_xxx/tapex_table_view.csv,/mnt/data1/srchowd3/FD-NL2SQL/methodv2/runs/question_table_copy_tapex_full/questions/row_428_For_Cemiplimab_trials_in_Breast_extract_the_trial_acronym_from_the_trial_name_e_g_KEYNOTE_xxx_CHECKMATE_xxx/ground_truth_table.csv
row_429,429,"In Hepatocellular trials with PD-L1 agents included in the meta-analysis, map the generic ICI name to its brand name.",Name of ICI,"[""brand_name""]",1,"keynote-426, impower 132, ca184-043, keynote-022, caspian, promise-meso, mk-3475",-0.3832762837409973,128,31,0.0,0.0,0.0,"[""{\""brand_name\"": \""Tecentriq\""}""]","[""\""Tecentriq\"""", ""Tecentriq""]","[""Atezolizumab""]",/mnt/data1/srchowd3/FD-NL2SQL/methodv2/runs/question_table_copy_tapex_full/questions/row_429_In_Hepatocellular_trials_with_PD_L1_agents_included_in_the_meta_analysis_map_the_generic_ICI_name_to_its_brand_name,/mnt/data1/srchowd3/FD-NL2SQL/methodv2/runs/question_table_copy_tapex_full/questions/row_429_In_Hepatocellular_trials_with_PD_L1_agents_included_in_the_meta_analysis_map_the_generic_ICI_name_to_its_brand_name/table_copy.csv,/mnt/data1/srchowd3/FD-NL2SQL/methodv2/runs/question_table_copy_tapex_full/questions/row_429_In_Hepatocellular_trials_with_PD_L1_agents_included_in_the_meta_analysis_map_the_generic_ICI_name_to_its_brand_name/tapex_table_view.csv,/mnt/data1/srchowd3/FD-NL2SQL/methodv2/runs/question_table_copy_tapex_full/questions/row_429_In_Hepatocellular_trials_with_PD_L1_agents_included_in_the_meta_analysis_map_the_generic_ICI_name_to_its_brand_name/ground_truth_table.csv
row_431,431,"In Hodgkin Lymphoma trials, categorize number of arms as 1-arm, 2-arm, or ≥3-arm.",Number of arms,"[""arm_category""]",1,2,-0.0747087225317955,128,31,0.0,0.0,1.0,"[""{\""arm_category\"": \""2-arm\""}""]","[""\""2-arm\"""", ""2-arm""]","[""2""]",/mnt/data1/srchowd3/FD-NL2SQL/methodv2/runs/question_table_copy_tapex_full/questions/row_431_In_Hodgkin_Lymphoma_trials_categorize_number_of_arms_as_1_arm_2_arm_or_3_arm,/mnt/data1/srchowd3/FD-NL2SQL/methodv2/runs/question_table_copy_tapex_full/questions/row_431_In_Hodgkin_Lymphoma_trials_categorize_number_of_arms_as_1_arm_2_arm_or_3_arm/table_copy.csv,/mnt/data1/srchowd3/FD-NL2SQL/methodv2/runs/question_table_copy_tapex_full/questions/row_431_In_Hodgkin_Lymphoma_trials_categorize_number_of_arms_as_1_arm_2_arm_or_3_arm/tapex_table_view.csv,/mnt/data1/srchowd3/FD-NL2SQL/methodv2/runs/question_table_copy_tapex_full/questions/row_431_In_Hodgkin_Lymphoma_trials_categorize_number_of_arms_as_1_arm_2_arm_or_3_arm/ground_truth_table.csv
row_432,432,"In Colorectal trials with chemotherapy control, list the specific cytotoxic drugs from the control regimen.",Control regimen,"[""control_drugs""]",1,"nct03215706, nct02299999, nct02555657, nct03088540, nct02952586",-0.10528706014156342,128,31,0.0,0.0,0.0,"[""{\""control_drugs\"": [\""oxaliplatin\"", \""leucovorin\"", \""5-fluoropyrimidine\"", \""mfolfox6\"", \""bevacizumab\"", \""cetuximab\""]}""]","[""[\""oxaliplatin\"", \""leucovorin\"", \""5-fluoropyrimidine\"", \""mfolfox6\"", \""bevacizumab\"", \""cetuximab\""]"", ""oxaliplatin"", ""leucovorin"", ""5-fluoropyrimidine"", ""mfolfox6"", ""bevacizumab"", ""cetuximab""]","[""Oxaliplatin+ leucovorin+5-fluoropyrimidine/mFOLFOX6+bevacizumab/mFOLFOX6+cetuximab""]",/mnt/data1/srchowd3/FD-NL2SQL/methodv2/runs/question_table_copy_tapex_full/questions/row_432_In_Colorectal_trials_with_chemotherapy_control_list_the_specific_cytotoxic_drugs_from_the_control_regimen,/mnt/data1/srchowd3/FD-NL2SQL/methodv2/runs/question_table_copy_tapex_full/questions/row_432_In_Colorectal_trials_with_chemotherapy_control_list_the_specific_cytotoxic_drugs_from_the_control_regimen/table_copy.csv,/mnt/data1/srchowd3/FD-NL2SQL/methodv2/runs/question_table_copy_tapex_full/questions/row_432_In_Colorectal_trials_with_chemotherapy_control_list_the_specific_cytotoxic_drugs_from_the_control_regimen/tapex_table_view.csv,/mnt/data1/srchowd3/FD-NL2SQL/methodv2/runs/question_table_copy_tapex_full/questions/row_432_In_Colorectal_trials_with_chemotherapy_control_list_the_specific_cytotoxic_drugs_from_the_control_regimen/ground_truth_table.csv
row_434,434,"In Non-Small Cell Lung trials, categorize number of arms as 1-arm, 2-arm, or ≥3-arm.",Number of arms,"[""arm_category""]",45,2,-0.07848364114761353,128,31,0.0,0.0,1.0,"[""{\""arm_category\"": \""≥3-arm\""}"", ""{\""arm_category\"": \""≥3-arm\""}"", ""{\""arm_category\"": \""2-arm\""}"", ""{\""arm_category\"": \""2-arm\""}"", ""{\""arm_category\"": \""≥3-arm\""}"", ""{\""arm_category\"": \""≥3-arm\""}"", ""{\""arm_category\"": \""2-arm\""}"", ""{\""arm_category\"": \""2-arm\""}"", ""{\""arm_category\"": \""2-arm\""}"", ""{\""arm_category\"": \""2-arm\""}"", ""{\""arm_category\"": \""2-arm\""}"", ""{\""arm_category\"": \""2-arm\""}"", ""{\""arm_category\"": \""2-arm\""}"", ""{\""arm_category\"": \""2-arm\""}"", ""{\""arm_category\"": \""2-arm\""}"", ""{\""arm_category\"": \""2-arm\""}"", ""{\""arm_category\"": \""2-arm\""}"", ""{\""arm_category\"": \""2-arm\""}"", ""{\""arm_category\"": \""≥3-arm\""}"", ""{\""arm_category\"": \""≥3-arm\""}"", ""{\""arm_category\"": \""≥3-arm\""}"", ""{\""arm_category\"": \""≥3-arm\""}"", ""{\""arm_category\"": \""≥3-arm\""}"", ""{\""arm_category\"": \""≥3-arm\""}"", ""{\""arm_category\"": \""≥3-arm\""}"", ""{\""arm_category\"": \""2-arm\""}"", ""{\""arm_category\"": \""2-arm\""}"", ""{\""arm_category\"": \""2-arm\""}"", ""{\""arm_category\"": \""2-arm\""}"", ""{\""arm_category\"": \""2-arm\""}"", ""{\""arm_category\"": \""≥3-arm\""}"", ""{\""arm_category\"": \""≥3-arm\""}"", ""{\""arm_category\"": \""≥3-arm\""}"", ""{\""arm_category\"": \""≥3-arm\""}"", ""{\""arm_category\"": \""≥3-arm\""}"", ""{\""arm_category\"": \""≥3-arm\""}"", ""{\""arm_category\"": \""≥3-arm\""}"", ""{\""arm_category\"": \""2-arm\""}"", ""{\""arm_category\"": \""2-arm\""}"", ""{\""arm_category\"": \""2-arm\""}"", ""{\""arm_category\"": \""2-arm\""}"", ""{\""arm_category\"": \""2-arm\""}"", ""{\""arm_category\"": \""2-arm\""}"", ""{\""arm_category\"": \""2-arm\""}"", ""{\""arm_category\"": \""2-arm\""}""]","[""\""≥3-arm\"""", ""≥3-arm"", ""\""2-arm\"""", ""2-arm""]","[""3"", ""2"", ""4""]",/mnt/data1/srchowd3/FD-NL2SQL/methodv2/runs/question_table_copy_tapex_full/questions/row_434_In_Non_Small_Cell_Lung_trials_categorize_number_of_arms_as_1_arm_2_arm_or_3_arm,/mnt/data1/srchowd3/FD-NL2SQL/methodv2/runs/question_table_copy_tapex_full/questions/row_434_In_Non_Small_Cell_Lung_trials_categorize_number_of_arms_as_1_arm_2_arm_or_3_arm/table_copy.csv,/mnt/data1/srchowd3/FD-NL2SQL/methodv2/runs/question_table_copy_tapex_full/questions/row_434_In_Non_Small_Cell_Lung_trials_categorize_number_of_arms_as_1_arm_2_arm_or_3_arm/tapex_table_view.csv,/mnt/data1/srchowd3/FD-NL2SQL/methodv2/runs/question_table_copy_tapex_full/questions/row_434_In_Non_Small_Cell_Lung_trials_categorize_number_of_arms_as_1_arm_2_arm_or_3_arm/ground_truth_table.csv
row_435,435,"In Bladder studies using ICI+TKI, list the TKI agent(s) mentioned in the treatment regimen.",Treatment regimen,"[""tki_agents""]",0,nct02256436,-0.3526483178138733,0,64,0.0,0.0,0.0,[],[],[],/mnt/data1/srchowd3/FD-NL2SQL/methodv2/runs/question_table_copy_tapex_full/questions/row_435_In_Bladder_studies_using_ICI_TKI_list_the_TKI_agent_s_mentioned_in_the_treatment_regimen,/mnt/data1/srchowd3/FD-NL2SQL/methodv2/runs/question_table_copy_tapex_full/questions/row_435_In_Bladder_studies_using_ICI_TKI_list_the_TKI_agent_s_mentioned_in_the_treatment_regimen/table_copy.csv,/mnt/data1/srchowd3/FD-NL2SQL/methodv2/runs/question_table_copy_tapex_full/questions/row_435_In_Bladder_studies_using_ICI_TKI_list_the_TKI_agent_s_mentioned_in_the_treatment_regimen/tapex_table_view.csv,/mnt/data1/srchowd3/FD-NL2SQL/methodv2/runs/question_table_copy_tapex_full/questions/row_435_In_Bladder_studies_using_ICI_TKI_list_the_TKI_agent_s_mentioned_in_the_treatment_regimen/ground_truth_table.csv
row_436,436,"In Urothelial trials, determine whether the listed endpoint is primary or secondary based on the endpoint text.",Secondary endpoint,"[""endpoint_role""]",7,6 months,-0.8219232559204102,128,24,0.0,0.0,0.0,"[""{\""endpoint_role\"": \""secondary\""}"", ""{\""endpoint_role\"": \""secondary\""}"", ""{\""endpoint_role\"": \""secondary\""}"", ""{\""endpoint_role\"": \""secondary\""}"", ""{\""endpoint_role\"": \""secondary\""}"", ""{\""endpoint_role\"": \""secondary\""}"", ""{\""endpoint_role\"": \""secondary\""}""]","[""\""secondary\"""", ""secondary""]","[""OS, treatment outcomes CPS"", ""RR, DOR, PFS"", ""OS, PFS, ORR, DoR, DCR"", ""PFS, ORR, time to response, DoR, DCR, safety "", ""OS; disease-specific survival; distant metastasis-free survival; non-urinary tract recurrence-free survival; pharmacokinetics; PROs""]",/mnt/data1/srchowd3/FD-NL2SQL/methodv2/runs/question_table_copy_tapex_full/questions/row_436_In_Urothelial_trials_determine_whether_the_listed_endpoint_is_primary_or_secondary_based_on_the_endpoint_text,/mnt/data1/srchowd3/FD-NL2SQL/methodv2/runs/question_table_copy_tapex_full/questions/row_436_In_Urothelial_trials_determine_whether_the_listed_endpoint_is_primary_or_secondary_based_on_the_endpoint_text/table_copy.csv,/mnt/data1/srchowd3/FD-NL2SQL/methodv2/runs/question_table_copy_tapex_full/questions/row_436_In_Urothelial_trials_determine_whether_the_listed_endpoint_is_primary_or_secondary_based_on_the_endpoint_text/tapex_table_view.csv,/mnt/data1/srchowd3/FD-NL2SQL/methodv2/runs/question_table_copy_tapex_full/questions/row_436_In_Urothelial_trials_determine_whether_the_listed_endpoint_is_primary_or_secondary_based_on_the_endpoint_text/ground_truth_table.csv
row_437,437,"In Multiple Myeloma trials, convert 'Type of therapy' into is_combination = true/false.",Type of therapy,"[""is_combination""]",2,combination,-0.22673296928405762,128,31,0.0,0.0,1.0,"[""{\""is_combination\"": true}"", ""{\""is_combination\"": true}""]","[""true"", ""True""]","[""Combination""]",/mnt/data1/srchowd3/FD-NL2SQL/methodv2/runs/question_table_copy_tapex_full/questions/row_437_In_Multiple_Myeloma_trials_convert_Type_of_therapy_into_is_combination_true_false,/mnt/data1/srchowd3/FD-NL2SQL/methodv2/runs/question_table_copy_tapex_full/questions/row_437_In_Multiple_Myeloma_trials_convert_Type_of_therapy_into_is_combination_true_false/table_copy.csv,/mnt/data1/srchowd3/FD-NL2SQL/methodv2/runs/question_table_copy_tapex_full/questions/row_437_In_Multiple_Myeloma_trials_convert_Type_of_therapy_into_is_combination_true_false/tapex_table_view.csv,/mnt/data1/srchowd3/FD-NL2SQL/methodv2/runs/question_table_copy_tapex_full/questions/row_437_In_Multiple_Myeloma_trials_convert_Type_of_therapy_into_is_combination_true_false/ground_truth_table.csv
row_438,438,"In Gastric/GEJ trials, interpret the PD-L1 requirement flag as boolean true/false.",Is PD-L1 positivity inclusion criteria,"[""pd_l1_required""]",8,false,-0.3475668132305145,0,64,0.0,1.0,0.0,"[""{\""pd_l1_required\"": false}"", ""{\""pd_l1_required\"": false}"", ""{\""pd_l1_required\"": false}"", ""{\""pd_l1_required\"": false}"", ""{\""pd_l1_required\"": false}"", ""{\""pd_l1_required\"": true}"", ""{\""pd_l1_required\"": true}"", ""{\""pd_l1_required\"": false}""]","[""false"", ""False"", ""true"", ""True""]","[""No"", ""Yes""]",/mnt/data1/srchowd3/FD-NL2SQL/methodv2/runs/question_table_copy_tapex_full/questions/row_438_In_Gastric_GEJ_trials_interpret_the_PD_L1_requirement_flag_as_boolean_true_false,/mnt/data1/srchowd3/FD-NL2SQL/methodv2/runs/question_table_copy_tapex_full/questions/row_438_In_Gastric_GEJ_trials_interpret_the_PD_L1_requirement_flag_as_boolean_true_false/table_copy.csv,/mnt/data1/srchowd3/FD-NL2SQL/methodv2/runs/question_table_copy_tapex_full/questions/row_438_In_Gastric_GEJ_trials_interpret_the_PD_L1_requirement_flag_as_boolean_true_false/tapex_table_view.csv,/mnt/data1/srchowd3/FD-NL2SQL/methodv2/runs/question_table_copy_tapex_full/questions/row_438_In_Gastric_GEJ_trials_interpret_the_PD_L1_requirement_flag_as_boolean_true_false/ground_truth_table.csv
row_442,442,"In Multiple Myeloma trials, normalize the clinical setting to one of: neoadjuvant, adjuvant, perioperative, metastatic/advanced.",Clinical setting,"[""setting_normalized""]",2,adjuvant,-0.1331559717655182,128,29,0.0,0.0,0.0,"[""{\""setting_normalized\"": null}"", ""{\""setting_normalized\"": null}""]","[""null"", ""None""]",[],/mnt/data1/srchowd3/FD-NL2SQL/methodv2/runs/question_table_copy_tapex_full/questions/row_442_In_Multiple_Myeloma_trials_normalize_the_clinical_setting_to_one_of_neoadjuvant_adjuvant_perioperative_metastatic_advanced,/mnt/data1/srchowd3/FD-NL2SQL/methodv2/runs/question_table_copy_tapex_full/questions/row_442_In_Multiple_Myeloma_trials_normalize_the_clinical_setting_to_one_of_neoadjuvant_adjuvant_perioperative_metastatic_advanced/table_copy.csv,/mnt/data1/srchowd3/FD-NL2SQL/methodv2/runs/question_table_copy_tapex_full/questions/row_442_In_Multiple_Myeloma_trials_normalize_the_clinical_setting_to_one_of_neoadjuvant_adjuvant_perioperative_metastatic_advanced/tapex_table_view.csv,/mnt/data1/srchowd3/FD-NL2SQL/methodv2/runs/question_table_copy_tapex_full/questions/row_442_In_Multiple_Myeloma_trials_normalize_the_clinical_setting_to_one_of_neoadjuvant_adjuvant_perioperative_metastatic_advanced/ground_truth_table.csv
row_443,443,"In Colorectal Phase 3 trials, classify the control arm as active, placebo, or best supportive care.",Control arm,"[""control_category""]",3,best supporting care,-0.6930717825889587,0,64,0.0,0.0,0.0,"[""{\""control_category\"": \""active\""}"", ""{\""control_category\"": \""active\""}"", ""{\""control_category\"": \""active\""}""]","[""\""active\"""", ""active""]","[""Multikinase inhibitor"", ""Chemo""]",/mnt/data1/srchowd3/FD-NL2SQL/methodv2/runs/question_table_copy_tapex_full/questions/row_443_In_Colorectal_Phase_3_trials_classify_the_control_arm_as_active_placebo_or_best_supportive_care,/mnt/data1/srchowd3/FD-NL2SQL/methodv2/runs/question_table_copy_tapex_full/questions/row_443_In_Colorectal_Phase_3_trials_classify_the_control_arm_as_active_placebo_or_best_supportive_care/table_copy.csv,/mnt/data1/srchowd3/FD-NL2SQL/methodv2/runs/question_table_copy_tapex_full/questions/row_443_In_Colorectal_Phase_3_trials_classify_the_control_arm_as_active_placebo_or_best_supportive_care/tapex_table_view.csv,/mnt/data1/srchowd3/FD-NL2SQL/methodv2/runs/question_table_copy_tapex_full/questions/row_443_In_Colorectal_Phase_3_trials_classify_the_control_arm_as_active_placebo_or_best_supportive_care/ground_truth_table.csv
row_444,444,"For Durvalumab trials in Breast, extract the trial acronym from the trial name (e.g., KEYNOTE-xxx, CHECKMATE-xxx).",Trial name,"[""trial_acronym""]",2,checkmate 025,-0.0791313424706459,64,64,0.0,0.0,0.0,"[""{\""trial_acronym\"": \""GeparNuevo\""}"", ""{\""trial_acronym\"": \""SAFIR02-BREAST IMMUNO\""}""]","[""\""GeparNuevo\"""", ""GeparNuevo"", ""\""SAFIR02-BREAST IMMUNO\"""", ""SAFIR02-BREAST IMMUNO""]","[""GeparNuevo"", ""SAFIR02-BREAST IMMUNO""]",/mnt/data1/srchowd3/FD-NL2SQL/methodv2/runs/question_table_copy_tapex_full/questions/row_444_For_Durvalumab_trials_in_Breast_extract_the_trial_acronym_from_the_trial_name_e_g_KEYNOTE_xxx_CHECKMATE_xxx,/mnt/data1/srchowd3/FD-NL2SQL/methodv2/runs/question_table_copy_tapex_full/questions/row_444_For_Durvalumab_trials_in_Breast_extract_the_trial_acronym_from_the_trial_name_e_g_KEYNOTE_xxx_CHECKMATE_xxx/table_copy.csv,/mnt/data1/srchowd3/FD-NL2SQL/methodv2/runs/question_table_copy_tapex_full/questions/row_444_For_Durvalumab_trials_in_Breast_extract_the_trial_acronym_from_the_trial_name_e_g_KEYNOTE_xxx_CHECKMATE_xxx/tapex_table_view.csv,/mnt/data1/srchowd3/FD-NL2SQL/methodv2/runs/question_table_copy_tapex_full/questions/row_444_For_Durvalumab_trials_in_Breast_extract_the_trial_acronym_from_the_trial_name_e_g_KEYNOTE_xxx_CHECKMATE_xxx/ground_truth_table.csv
row_447,447,"In Non-Small Cell Lung trials, interpret the PD-L1 requirement flag as boolean true/false.",Is PD-L1 positivity inclusion criteria,"[""pd_l1_required""]",45,false,-0.324323445558548,128,31,0.0,1.0,0.0,"[""{\""pd_l1_required\"": false}"", ""{\""pd_l1_required\"": false}"", ""{\""pd_l1_required\"": false}"", ""{\""pd_l1_required\"": false}"", ""{\""pd_l1_required\"": true}"", ""{\""pd_l1_required\"": true}"", ""{\""pd_l1_required\"": true}"", ""{\""pd_l1_required\"": true}"", ""{\""pd_l1_required\"": false}"", ""{\""pd_l1_required\"": false}"", ""{\""pd_l1_required\"": false}"", ""{\""pd_l1_required\"": false}"", ""{\""pd_l1_required\"": true}"", ""{\""pd_l1_required\"": true}"", ""{\""pd_l1_required\"": false}"", ""{\""pd_l1_required\"": false}"", ""{\""pd_l1_required\"": false}"", ""{\""pd_l1_required\"": false}"", ""{\""pd_l1_required\"": false}"", ""{\""pd_l1_required\"": false}"", ""{\""pd_l1_required\"": false}"", ""{\""pd_l1_required\"": false}"", ""{\""pd_l1_required\"": false}"", ""{\""pd_l1_required\"": false}"", ""{\""pd_l1_required\"": false}"", ""{\""pd_l1_required\"": true}"", ""{\""pd_l1_required\"": true}"", ""{\""pd_l1_required\"": false}"", ""{\""pd_l1_required\"": false}"", ""{\""pd_l1_required\"": false}"", ""{\""pd_l1_required\"": false}"", ""{\""pd_l1_required\"": false}"", ""{\""pd_l1_required\"": false}"", ""{\""pd_l1_required\"": false}"", ""{\""pd_l1_required\"": false}"", ""{\""pd_l1_required\"": false}"", ""{\""pd_l1_required\"": false}"", ""{\""pd_l1_required\"": false}"", ""{\""pd_l1_required\"": true}"", ""{\""pd_l1_required\"": true}"", ""{\""pd_l1_required\"": false}"", ""{\""pd_l1_required\"": false}"", ""{\""pd_l1_required\"": false}"", ""{\""pd_l1_required\"": true}"", ""{\""pd_l1_required\"": false}""]","[""false"", ""False"", ""true"", ""True""]","[""No"", ""Yes""]",/mnt/data1/srchowd3/FD-NL2SQL/methodv2/runs/question_table_copy_tapex_full/questions/row_447_In_Non_Small_Cell_Lung_trials_interpret_the_PD_L1_requirement_flag_as_boolean_true_false,/mnt/data1/srchowd3/FD-NL2SQL/methodv2/runs/question_table_copy_tapex_full/questions/row_447_In_Non_Small_Cell_Lung_trials_interpret_the_PD_L1_requirement_flag_as_boolean_true_false/table_copy.csv,/mnt/data1/srchowd3/FD-NL2SQL/methodv2/runs/question_table_copy_tapex_full/questions/row_447_In_Non_Small_Cell_Lung_trials_interpret_the_PD_L1_requirement_flag_as_boolean_true_false/tapex_table_view.csv,/mnt/data1/srchowd3/FD-NL2SQL/methodv2/runs/question_table_copy_tapex_full/questions/row_447_In_Non_Small_Cell_Lung_trials_interpret_the_PD_L1_requirement_flag_as_boolean_true_false/ground_truth_table.csv
row_448,448,"For Nivolumab trials, bucket the publication year into: ≤2014, 2015–2018, ≥2019.",Year,"[""era""]",26,2021,-0.12177211046218872,128,31,0.0,0.0,1.0,"[""{\""era\"": \""2015–2018\""}"", ""{\""era\"": \""2015–2018\""}"", ""{\""era\"": \""2015–2018\""}"", ""{\""era\"": \""2015–2018\""}"", ""{\""era\"": \""2015–2018\""}"", ""{\""era\"": \""2015–2018\""}"", ""{\""era\"": \""2015–2018\""}"", ""{\""era\"": \""2015–2018\""}"", ""{\""era\"": \""≥2019\""}"", ""{\""era\"": \""≥2019\""}"", ""{\""era\"": \""≥2019\""}"", ""{\""era\"": \""2015–2018\""}"", ""{\""era\"": \""2015–2018\""}"", ""{\""era\"": \""2015–2018\""}"", ""{\""era\"": \""≥2019\""}"", ""{\""era\"": \""≥2019\""}"", ""{\""era\"": \""≥2019\""}"", ""{\""era\"": \""≥2019\""}"", ""{\""era\"": \""≥2019\""}"", ""{\""era\"": \""≥2019\""}"", ""{\""era\"": \""≥2019\""}"", ""{\""era\"": \""≥2019\""}"", ""{\""era\"": \""≥2019\""}"", ""{\""era\"": \""≥2019\""}"", ""{\""era\"": \""≥2019\""}"", ""{\""era\"": \""≥2019\""}""]","[""\""2015–2018\"""", ""2015–2018"", ""\""≥2019\"""", ""≥2019""]","[""2017"", ""2016"", ""2018"", ""2015"", ""2019"", ""2020"", ""2021""]",/mnt/data1/srchowd3/FD-NL2SQL/methodv2/runs/question_table_copy_tapex_full/questions/row_448_For_Nivolumab_trials_bucket_the_publication_year_into_2014_2015_2018_2019,/mnt/data1/srchowd3/FD-NL2SQL/methodv2/runs/question_table_copy_tapex_full/questions/row_448_For_Nivolumab_trials_bucket_the_publication_year_into_2014_2015_2018_2019/table_copy.csv,/mnt/data1/srchowd3/FD-NL2SQL/methodv2/runs/question_table_copy_tapex_full/questions/row_448_For_Nivolumab_trials_bucket_the_publication_year_into_2014_2015_2018_2019/tapex_table_view.csv,/mnt/data1/srchowd3/FD-NL2SQL/methodv2/runs/question_table_copy_tapex_full/questions/row_448_For_Nivolumab_trials_bucket_the_publication_year_into_2014_2015_2018_2019/ground_truth_table.csv
row_450,450,"In Prostate trials with PD-L1 agents included in the meta-analysis, map the generic ICI name to its brand name.",Name of ICI,"[""brand_name""]",0,"keynote-426, impower 132, ca184-043",-0.7419685125350952,128,31,0.0,0.0,0.0,[],[],[],/mnt/data1/srchowd3/FD-NL2SQL/methodv2/runs/question_table_copy_tapex_full/questions/row_450_In_Prostate_trials_with_PD_L1_agents_included_in_the_meta_analysis_map_the_generic_ICI_name_to_its_brand_name,/mnt/data1/srchowd3/FD-NL2SQL/methodv2/runs/question_table_copy_tapex_full/questions/row_450_In_Prostate_trials_with_PD_L1_agents_included_in_the_meta_analysis_map_the_generic_ICI_name_to_its_brand_name/table_copy.csv,/mnt/data1/srchowd3/FD-NL2SQL/methodv2/runs/question_table_copy_tapex_full/questions/row_450_In_Prostate_trials_with_PD_L1_agents_included_in_the_meta_analysis_map_the_generic_ICI_name_to_its_brand_name/tapex_table_view.csv,/mnt/data1/srchowd3/FD-NL2SQL/methodv2/runs/question_table_copy_tapex_full/questions/row_450_In_Prostate_trials_with_PD_L1_agents_included_in_the_meta_analysis_map_the_generic_ICI_name_to_its_brand_name/ground_truth_table.csv
row_451,451,"In Colorectal Phase 3 trials, standardize the primary endpoint into one of OS, PFS, ORR, DFS, DOR, AE-rate, or Other.",Primary endpoint,"[""primary_endpoint_category""]",3,dor,-0.22879604995250702,64,64,0.0,0.0,0.0,"[""{\""primary_endpoint_category\"": \""OS\""}"", ""{\""primary_endpoint_category\"": \""OS\""}"", ""{\""primary_endpoint_category\"": \""PFS\""}""]","[""\""OS\"""", ""OS"", ""\""PFS\"""", ""PFS""]","[""OS"", ""PFS+OS""]",/mnt/data1/srchowd3/FD-NL2SQL/methodv2/runs/question_table_copy_tapex_full/questions/row_451_In_Colorectal_Phase_3_trials_standardize_the_primary_endpoint_into_one_of_OS_PFS_ORR_DFS_DOR_AE_rate_or_Other,/mnt/data1/srchowd3/FD-NL2SQL/methodv2/runs/question_table_copy_tapex_full/questions/row_451_In_Colorectal_Phase_3_trials_standardize_the_primary_endpoint_into_one_of_OS_PFS_ORR_DFS_DOR_AE_rate_or_Other/table_copy.csv,/mnt/data1/srchowd3/FD-NL2SQL/methodv2/runs/question_table_copy_tapex_full/questions/row_451_In_Colorectal_Phase_3_trials_standardize_the_primary_endpoint_into_one_of_OS_PFS_ORR_DFS_DOR_AE_rate_or_Other/tapex_table_view.csv,/mnt/data1/srchowd3/FD-NL2SQL/methodv2/runs/question_table_copy_tapex_full/questions/row_451_In_Colorectal_Phase_3_trials_standardize_the_primary_endpoint_into_one_of_OS_PFS_ORR_DFS_DOR_AE_rate_or_Other/ground_truth_table.csv
row_452,452,"In Mesothelioma Phase 3 trials, classify the control arm as active, placebo, or best supportive care.",Control arm,"[""control_category""]",2,best supportive care,-0.7500049471855164,0,64,0.0,0.0,0.0,"[""{\""control_category\"": \""active\""}"", ""{\""control_category\"": \""active\""}""]","[""\""active\"""", ""active""]","[""Chemo""]",/mnt/data1/srchowd3/FD-NL2SQL/methodv2/runs/question_table_copy_tapex_full/questions/row_452_In_Mesothelioma_Phase_3_trials_classify_the_control_arm_as_active_placebo_or_best_supportive_care,/mnt/data1/srchowd3/FD-NL2SQL/methodv2/runs/question_table_copy_tapex_full/questions/row_452_In_Mesothelioma_Phase_3_trials_classify_the_control_arm_as_active_placebo_or_best_supportive_care/table_copy.csv,/mnt/data1/srchowd3/FD-NL2SQL/methodv2/runs/question_table_copy_tapex_full/questions/row_452_In_Mesothelioma_Phase_3_trials_classify_the_control_arm_as_active_placebo_or_best_supportive_care/tapex_table_view.csv,/mnt/data1/srchowd3/FD-NL2SQL/methodv2/runs/question_table_copy_tapex_full/questions/row_452_In_Mesothelioma_Phase_3_trials_classify_the_control_arm_as_active_placebo_or_best_supportive_care/ground_truth_table.csv
row_455,455,"For Avelumab trials in Pancreatic, extract the trial acronym from the trial name (e.g., KEYNOTE-xxx, CHECKMATE-xxx).",Trial name,"[""trial_acronym""]",0,checkmate 025,-0.07980941981077194,64,64,0.0,0.0,0.0,[],[],[],/mnt/data1/srchowd3/FD-NL2SQL/methodv2/runs/question_table_copy_tapex_full/questions/row_455_For_Avelumab_trials_in_Pancreatic_extract_the_trial_acronym_from_the_trial_name_e_g_KEYNOTE_xxx_CHECKMATE_xxx,/mnt/data1/srchowd3/FD-NL2SQL/methodv2/runs/question_table_copy_tapex_full/questions/row_455_For_Avelumab_trials_in_Pancreatic_extract_the_trial_acronym_from_the_trial_name_e_g_KEYNOTE_xxx_CHECKMATE_xxx/table_copy.csv,/mnt/data1/srchowd3/FD-NL2SQL/methodv2/runs/question_table_copy_tapex_full/questions/row_455_For_Avelumab_trials_in_Pancreatic_extract_the_trial_acronym_from_the_trial_name_e_g_KEYNOTE_xxx_CHECKMATE_xxx/tapex_table_view.csv,/mnt/data1/srchowd3/FD-NL2SQL/methodv2/runs/question_table_copy_tapex_full/questions/row_455_For_Avelumab_trials_in_Pancreatic_extract_the_trial_acronym_from_the_trial_name_e_g_KEYNOTE_xxx_CHECKMATE_xxx/ground_truth_table.csv
row_456,456,"In NSCLC trials, classify overall follow-up maturity: 'mature' if ≥24 months, else 'immature' (or 'unknown' if missing).",Follow-up duration for primary endpoint(s) in months | Overall,"[""maturity""]",1,immotion151,-0.5121207237243652,0,64,0.0,0.0,0.0,"[""{\""maturity\"": \""unknown\""}""]","[""\""unknown\"""", ""unknown""]","[""PFS: 14.8, OS: 28.4""]",/mnt/data1/srchowd3/FD-NL2SQL/methodv2/runs/question_table_copy_tapex_full/questions/row_456_In_NSCLC_trials_classify_overall_follow_up_maturity_mature_if_24_months_else_immature_or_unknown_if_missing,/mnt/data1/srchowd3/FD-NL2SQL/methodv2/runs/question_table_copy_tapex_full/questions/row_456_In_NSCLC_trials_classify_overall_follow_up_maturity_mature_if_24_months_else_immature_or_unknown_if_missing/table_copy.csv,/mnt/data1/srchowd3/FD-NL2SQL/methodv2/runs/question_table_copy_tapex_full/questions/row_456_In_NSCLC_trials_classify_overall_follow_up_maturity_mature_if_24_months_else_immature_or_unknown_if_missing/tapex_table_view.csv,/mnt/data1/srchowd3/FD-NL2SQL/methodv2/runs/question_table_copy_tapex_full/questions/row_456_In_NSCLC_trials_classify_overall_follow_up_maturity_mature_if_24_months_else_immature_or_unknown_if_missing/ground_truth_table.csv
row_457,457,"In Colorectal trials, from the secondary endpoint text flag if immune-related adverse events (irAEs) were explicitly assessed.",Secondary endpoint,"[""irAE_assessed""]",4,nct00527735,-0.10756821185350418,0,64,0.0,0.0,0.0,"[""{\""irAE_assessed\"": false}"", ""{\""irAE_assessed\"": false}"", ""{\""irAE_assessed\"": false}"", ""{\""irAE_assessed\"": false}""]","[""false"", ""False""]","[""investigator-assessed RECIST v1.1 ORR, PFS, DoR"", ""PFS, ORR"", ""ORR, safety""]",/mnt/data1/srchowd3/FD-NL2SQL/methodv2/runs/question_table_copy_tapex_full/questions/row_457_In_Colorectal_trials_from_the_secondary_endpoint_text_flag_if_immune_related_adverse_events_irAEs_were_explicitly_assessed,/mnt/data1/srchowd3/FD-NL2SQL/methodv2/runs/question_table_copy_tapex_full/questions/row_457_In_Colorectal_trials_from_the_secondary_endpoint_text_flag_if_immune_related_adverse_events_irAEs_were_explicitly_assessed/table_copy.csv,/mnt/data1/srchowd3/FD-NL2SQL/methodv2/runs/question_table_copy_tapex_full/questions/row_457_In_Colorectal_trials_from_the_secondary_endpoint_text_flag_if_immune_related_adverse_events_irAEs_were_explicitly_assessed/tapex_table_view.csv,/mnt/data1/srchowd3/FD-NL2SQL/methodv2/runs/question_table_copy_tapex_full/questions/row_457_In_Colorectal_trials_from_the_secondary_endpoint_text_flag_if_immune_related_adverse_events_irAEs_were_explicitly_assessed/ground_truth_table.csv
row_459,459,"In Renal cell trials, convert 'Original/Follow up' status into a boolean is_follow_up.",Originial publication or Follow-up,"[""is_follow_up""]",14,follow-up,-0.08418963849544525,64,64,0.0,0.0,1.0,"[""{\""is_follow_up\"": false}"", ""{\""is_follow_up\"": false}"", ""{\""is_follow_up\"": false}"", ""{\""is_follow_up\"": false}"", ""{\""is_follow_up\"": true}"", ""{\""is_follow_up\"": false}"", ""{\""is_follow_up\"": false}"", ""{\""is_follow_up\"": false}"", ""{\""is_follow_up\"": true}"", ""{\""is_follow_up\"": true}"", ""{\""is_follow_up\"": true}"", ""{\""is_follow_up\"": true}"", ""{\""is_follow_up\"": false}"", ""{\""is_follow_up\"": false}""]","[""false"", ""False"", ""true"", ""True""]","[""Original publication"", ""Follow-up""]",/mnt/data1/srchowd3/FD-NL2SQL/methodv2/runs/question_table_copy_tapex_full/questions/row_459_In_Renal_cell_trials_convert_Original_Follow_up_status_into_a_boolean_is_follow_up,/mnt/data1/srchowd3/FD-NL2SQL/methodv2/runs/question_table_copy_tapex_full/questions/row_459_In_Renal_cell_trials_convert_Original_Follow_up_status_into_a_boolean_is_follow_up/table_copy.csv,/mnt/data1/srchowd3/FD-NL2SQL/methodv2/runs/question_table_copy_tapex_full/questions/row_459_In_Renal_cell_trials_convert_Original_Follow_up_status_into_a_boolean_is_follow_up/tapex_table_view.csv,/mnt/data1/srchowd3/FD-NL2SQL/methodv2/runs/question_table_copy_tapex_full/questions/row_459_In_Renal_cell_trials_convert_Original_Follow_up_status_into_a_boolean_is_follow_up/ground_truth_table.csv
row_461,461,"In Bladder Phase 3 trials, standardize the primary endpoint into one of OS, PFS, ORR, DFS, DOR, AE-rate, or Other.",Primary endpoint,"[""primary_endpoint_category""]",3,dor,-0.2594499886035919,64,64,0.0,0.0,0.0,"[""{\""primary_endpoint_category\"": \""OS\""}"", ""{\""primary_endpoint_category\"": \""PFS\""}"", ""{\""primary_endpoint_category\"": \""PFS\""}""]","[""\""OS\"""", ""OS"", ""\""PFS\"""", ""PFS""]","[""OS"", ""OS+PFS""]",/mnt/data1/srchowd3/FD-NL2SQL/methodv2/runs/question_table_copy_tapex_full/questions/row_461_In_Bladder_Phase_3_trials_standardize_the_primary_endpoint_into_one_of_OS_PFS_ORR_DFS_DOR_AE_rate_or_Other,/mnt/data1/srchowd3/FD-NL2SQL/methodv2/runs/question_table_copy_tapex_full/questions/row_461_In_Bladder_Phase_3_trials_standardize_the_primary_endpoint_into_one_of_OS_PFS_ORR_DFS_DOR_AE_rate_or_Other/table_copy.csv,/mnt/data1/srchowd3/FD-NL2SQL/methodv2/runs/question_table_copy_tapex_full/questions/row_461_In_Bladder_Phase_3_trials_standardize_the_primary_endpoint_into_one_of_OS_PFS_ORR_DFS_DOR_AE_rate_or_Other/tapex_table_view.csv,/mnt/data1/srchowd3/FD-NL2SQL/methodv2/runs/question_table_copy_tapex_full/questions/row_461_In_Bladder_Phase_3_trials_standardize_the_primary_endpoint_into_one_of_OS_PFS_ORR_DFS_DOR_AE_rate_or_Other/ground_truth_table.csv
row_463,463,"For Durvalumab trials in Head and Neck, extract the trial acronym from the trial name (e.g., KEYNOTE-xxx, CHECKMATE-xxx).",Trial name,"[""trial_acronym""]",1,checkmate 025,-0.5840891599655151,64,64,0.0,0.0,0.0,"[""{\""trial_acronym\"": \""EAGLE\""}""]","[""\""EAGLE\"""", ""EAGLE""]","[""EAGLE""]",/mnt/data1/srchowd3/FD-NL2SQL/methodv2/runs/question_table_copy_tapex_full/questions/row_463_For_Durvalumab_trials_in_Head_and_Neck_extract_the_trial_acronym_from_the_trial_name_e_g_KEYNOTE_xxx_CHECKMATE_xxx,/mnt/data1/srchowd3/FD-NL2SQL/methodv2/runs/question_table_copy_tapex_full/questions/row_463_For_Durvalumab_trials_in_Head_and_Neck_extract_the_trial_acronym_from_the_trial_name_e_g_KEYNOTE_xxx_CHECKMATE_xxx/table_copy.csv,/mnt/data1/srchowd3/FD-NL2SQL/methodv2/runs/question_table_copy_tapex_full/questions/row_463_For_Durvalumab_trials_in_Head_and_Neck_extract_the_trial_acronym_from_the_trial_name_e_g_KEYNOTE_xxx_CHECKMATE_xxx/tapex_table_view.csv,/mnt/data1/srchowd3/FD-NL2SQL/methodv2/runs/question_table_copy_tapex_full/questions/row_463_For_Durvalumab_trials_in_Head_and_Neck_extract_the_trial_acronym_from_the_trial_name_e_g_KEYNOTE_xxx_CHECKMATE_xxx/ground_truth_table.csv
row_464,464,"In Breast Phase 3 trials, standardize the primary endpoint into one of OS, PFS, ORR, DFS, DOR, AE-rate, or Other.",Primary endpoint,"[""primary_endpoint_category""]",6,dor,-0.27465522289276123,64,64,0.0,0.0,0.0,"[""{\""primary_endpoint_category\"": \""PFS\""}"", ""{\""primary_endpoint_category\"": \""PFS\""}"", ""{\""primary_endpoint_category\"": \""Other\""}"", ""{\""primary_endpoint_category\"": \""PFS\""}"", ""{\""primary_endpoint_category\"": \""Other\""}"", ""{\""primary_endpoint_category\"": \""OS\""}""]","[""\""PFS\"""", ""PFS"", ""\""Other\"""", ""Other"", ""\""OS\"""", ""OS""]","[""OS+PFS"", ""Path CR+EFS"", ""Path CR in ITT+Path CR in PD-L1+"", ""OS""]",/mnt/data1/srchowd3/FD-NL2SQL/methodv2/runs/question_table_copy_tapex_full/questions/row_464_In_Breast_Phase_3_trials_standardize_the_primary_endpoint_into_one_of_OS_PFS_ORR_DFS_DOR_AE_rate_or_Other,/mnt/data1/srchowd3/FD-NL2SQL/methodv2/runs/question_table_copy_tapex_full/questions/row_464_In_Breast_Phase_3_trials_standardize_the_primary_endpoint_into_one_of_OS_PFS_ORR_DFS_DOR_AE_rate_or_Other/table_copy.csv,/mnt/data1/srchowd3/FD-NL2SQL/methodv2/runs/question_table_copy_tapex_full/questions/row_464_In_Breast_Phase_3_trials_standardize_the_primary_endpoint_into_one_of_OS_PFS_ORR_DFS_DOR_AE_rate_or_Other/tapex_table_view.csv,/mnt/data1/srchowd3/FD-NL2SQL/methodv2/runs/question_table_copy_tapex_full/questions/row_464_In_Breast_Phase_3_trials_standardize_the_primary_endpoint_into_one_of_OS_PFS_ORR_DFS_DOR_AE_rate_or_Other/ground_truth_table.csv
row_466,466,"For Pembrolizumab trials, bucket total sample size as small(<100), medium(100–299), or large(≥300).",Total sample size,"[""size_bucket""]",42,large,-0.11987601965665817,128,30,0.0,1.0,0.0,"[""{\""size_bucket\"": \""large\""}"", ""{\""size_bucket\"": \""large\""}"", ""{\""size_bucket\"": \""large\""}"", ""{\""size_bucket\"": \""large\""}"", ""{\""size_bucket\"": \""large\""}"", ""{\""size_bucket\"": \""large\""}"", ""{\""size_bucket\"": \""large\""}"", ""{\""size_bucket\"": \""medium\""}"", ""{\""size_bucket\"": \""medium\""}"", ""{\""size_bucket\"": \""large\""}"", ""{\""size_bucket\"": \""large\""}"", ""{\""size_bucket\"": \""large\""}"", ""{\""size_bucket\"": \""large\""}"", ""{\""size_bucket\"": \""large\""}"", ""{\""size_bucket\"": \""large\""}"", ""{\""size_bucket\"": \""large\""}"", ""{\""size_bucket\"": \""large\""}"", ""{\""size_bucket\"": \""large\""}"", ""{\""size_bucket\"": \""medium\""}"", ""{\""size_bucket\"": \""large\""}"", ""{\""size_bucket\"": \""large\""}"", ""{\""size_bucket\"": \""large\""}"", ""{\""size_bucket\"": \""medium\""}"", ""{\""size_bucket\"": \""large\""}"", ""{\""size_bucket\"": \""large\""}"", ""{\""size_bucket\"": \""small\""}"", ""{\""size_bucket\"": \""large\""}"", ""{\""size_bucket\"": \""large\""}"", ""{\""size_bucket\"": \""medium\""}"", ""{\""size_bucket\"": \""small\""}"", ""{\""size_bucket\"": \""large\""}"", ""{\""size_bucket\"": \""small\""}"", ""{\""size_bucket\"": \""large\""}"", ""{\""size_bucket\"": \""large\""}"", ""{\""size_bucket\"": \""large\""}"", ""{\""size_bucket\"": \""large\""}"", ""{\""size_bucket\"": \""large\""}"", ""{\""size_bucket\"": \""medium\""}"", ""{\""size_bucket\"": \""medium\""}"", ""{\""size_bucket\"": \""large\""}"", ""{\""size_bucket\"": \""large\""}"", ""{\""size_bucket\"": \""large\""}""]","[""\""large\"""", ""large"", ""\""medium\"""", ""medium"", ""\""small\"""", ""small""]","[""542.0"", ""395.0"", ""495.0"", ""861.0"", ""1034.0"", ""123.0"", ""616.0"", ""559.0"", ""1274.0"", ""305.0"", ""1019.0"", ""540.0"", ""120.0"", ""348.0"", ""301.0"", ""413.0"", ""250.0"", ""882.0"", ""77.0"", ""1174.0"", ""453.0"", ""108.0"", ""78.0"", ""90.0"", ""763.0"", ""847.0"", ""628.0"", ""144.0"", ""307.0"", ""1069.0""]",/mnt/data1/srchowd3/FD-NL2SQL/methodv2/runs/question_table_copy_tapex_full/questions/row_466_For_Pembrolizumab_trials_bucket_total_sample_size_as_small_100_medium_100_299_or_large_300,/mnt/data1/srchowd3/FD-NL2SQL/methodv2/runs/question_table_copy_tapex_full/questions/row_466_For_Pembrolizumab_trials_bucket_total_sample_size_as_small_100_medium_100_299_or_large_300/table_copy.csv,/mnt/data1/srchowd3/FD-NL2SQL/methodv2/runs/question_table_copy_tapex_full/questions/row_466_For_Pembrolizumab_trials_bucket_total_sample_size_as_small_100_medium_100_299_or_large_300/tapex_table_view.csv,/mnt/data1/srchowd3/FD-NL2SQL/methodv2/runs/question_table_copy_tapex_full/questions/row_466_For_Pembrolizumab_trials_bucket_total_sample_size_as_small_100_medium_100_299_or_large_300/ground_truth_table.csv
row_469,469,"In Multiple Myeloma trials, determine whether the listed endpoint is primary or secondary based on the endpoint text.",Secondary endpoint,"[""endpoint_role""]",2,keynote-045,-0.7373611330986023,0,64,0.0,0.0,0.0,"[""{\""endpoint_role\"": \""secondary\""}"", ""{\""endpoint_role\"": \""secondary\""}""]","[""\""secondary\"""", ""secondary""]","[""Overall response; duration of response; disease control; safety and tolerability of both treatments; secondary PFS."", ""Safety; OS; overall response; duration of response; disease control; secondary PFS.""]",/mnt/data1/srchowd3/FD-NL2SQL/methodv2/runs/question_table_copy_tapex_full/questions/row_469_In_Multiple_Myeloma_trials_determine_whether_the_listed_endpoint_is_primary_or_secondary_based_on_the_endpoint_text,/mnt/data1/srchowd3/FD-NL2SQL/methodv2/runs/question_table_copy_tapex_full/questions/row_469_In_Multiple_Myeloma_trials_determine_whether_the_listed_endpoint_is_primary_or_secondary_based_on_the_endpoint_text/table_copy.csv,/mnt/data1/srchowd3/FD-NL2SQL/methodv2/runs/question_table_copy_tapex_full/questions/row_469_In_Multiple_Myeloma_trials_determine_whether_the_listed_endpoint_is_primary_or_secondary_based_on_the_endpoint_text/tapex_table_view.csv,/mnt/data1/srchowd3/FD-NL2SQL/methodv2/runs/question_table_copy_tapex_full/questions/row_469_In_Multiple_Myeloma_trials_determine_whether_the_listed_endpoint_is_primary_or_secondary_based_on_the_endpoint_text/ground_truth_table.csv
row_471,471,"In NSCLC trials with PD-L1 agents included in the meta-analysis, map the generic ICI name to its brand name.",Name of ICI,"[""brand_name""]",0,atezolumab,-0.7000392079353333,0,64,0.0,0.0,0.0,[],[],[],/mnt/data1/srchowd3/FD-NL2SQL/methodv2/runs/question_table_copy_tapex_full/questions/row_471_In_NSCLC_trials_with_PD_L1_agents_included_in_the_meta_analysis_map_the_generic_ICI_name_to_its_brand_name,/mnt/data1/srchowd3/FD-NL2SQL/methodv2/runs/question_table_copy_tapex_full/questions/row_471_In_NSCLC_trials_with_PD_L1_agents_included_in_the_meta_analysis_map_the_generic_ICI_name_to_its_brand_name/table_copy.csv,/mnt/data1/srchowd3/FD-NL2SQL/methodv2/runs/question_table_copy_tapex_full/questions/row_471_In_NSCLC_trials_with_PD_L1_agents_included_in_the_meta_analysis_map_the_generic_ICI_name_to_its_brand_name/tapex_table_view.csv,/mnt/data1/srchowd3/FD-NL2SQL/methodv2/runs/question_table_copy_tapex_full/questions/row_471_In_NSCLC_trials_with_PD_L1_agents_included_in_the_meta_analysis_map_the_generic_ICI_name_to_its_brand_name/ground_truth_table.csv
row_472,472,"In Non-Small Cell Lung trials, normalize the clinical setting to one of: neoadjuvant, adjuvant, perioperative, metastatic/advanced.",Clinical setting,"[""setting_normalized""]",45,adjuvant,-0.2387254685163498,128,29,0.0,0.0,0.0,"[""{\""setting_normalized\"": \""metastatic/advanced\""}"", ""{\""setting_normalized\"": \""metastatic/advanced\""}"", ""{\""setting_normalized\"": \""metastatic/advanced\""}"", ""{\""setting_normalized\"": \""metastatic/advanced\""}"", ""{\""setting_normalized\"": \""metastatic/advanced\""}"", ""{\""setting_normalized\"": \""metastatic/advanced\""}"", ""{\""setting_normalized\"": \""metastatic/advanced\""}"", ""{\""setting_normalized\"": \""metastatic/advanced\""}"", ""{\""setting_normalized\"": \""metastatic/advanced\""}"", ""{\""setting_normalized\"": \""metastatic/advanced\""}"", ""{\""setting_normalized\"": \""metastatic/advanced\""}"", ""{\""setting_normalized\"": \""metastatic/advanced\""}"", ""{\""setting_normalized\"": \""metastatic/advanced\""}"", ""{\""setting_normalized\"": \""metastatic/advanced\""}"", ""{\""setting_normalized\"": \""metastatic/advanced\""}"", ""{\""setting_normalized\"": \""metastatic/advanced\""}"", ""{\""setting_normalized\"": \""metastatic/advanced\""}"", ""{\""setting_normalized\"": \""metastatic/advanced\""}"", ""{\""setting_normalized\"": \""metastatic/advanced\""}"", ""{\""setting_normalized\"": \""metastatic/advanced\""}"", ""{\""setting_normalized\"": \""metastatic/advanced\""}"", ""{\""setting_normalized\"": \""metastatic/advanced\""}"", ""{\""setting_normalized\"": \""metastatic/advanced\""}"", ""{\""setting_normalized\"": \""metastatic/advanced\""}"", ""{\""setting_normalized\"": \""metastatic/advanced\""}"", ""{\""setting_normalized\"": \""metastatic/advanced\""}"", ""{\""setting_normalized\"": \""metastatic/advanced\""}"", ""{\""setting_normalized\"": \""metastatic/advanced\""}"", ""{\""setting_normalized\"": \""metastatic/advanced\""}"", ""{\""setting_normalized\"": \""metastatic/advanced\""}"", ""{\""setting_normalized\"": \""metastatic/advanced\""}"", ""{\""setting_normalized\"": \""metastatic/advanced\""}"", ""{\""setting_normalized\"": \""metastatic/advanced\""}"", ""{\""setting_normalized\"": \""metastatic/advanced\""}"", ""{\""setting_normalized\"": \""metastatic/advanced\""}"", ""{\""setting_normalized\"": \""metastatic/advanced\""}"", ""{\""setting_normalized\"": \""metastatic/advanced\""}"", ""{\""setting_normalized\"": \""metastatic/advanced\""}"", ""{\""setting_normalized\"": \""metastatic/advanced\""}"", ""{\""setting_normalized\"": \""metastatic/advanced\""}"", ""{\""setting_normalized\"": \""metastatic/advanced\""}"", ""{\""setting_normalized\"": \""metastatic/advanced\""}"", ""{\""setting_normalized\"": \""metastatic/advanced\""}"", ""{\""setting_normalized\"": \""metastatic/advanced\""}"", ""{\""setting_normalized\"": \""metastatic/advanced\""}""]","[""\""metastatic/advanced\"""", ""metastatic/advanced""]","[""Metastatic+recurrent (unresectable)""]",/mnt/data1/srchowd3/FD-NL2SQL/methodv2/runs/question_table_copy_tapex_full/questions/row_472_In_Non_Small_Cell_Lung_trials_normalize_the_clinical_setting_to_one_of_neoadjuvant_adjuvant_perioperative_metastatic_advanced,/mnt/data1/srchowd3/FD-NL2SQL/methodv2/runs/question_table_copy_tapex_full/questions/row_472_In_Non_Small_Cell_Lung_trials_normalize_the_clinical_setting_to_one_of_neoadjuvant_adjuvant_perioperative_metastatic_advanced/table_copy.csv,/mnt/data1/srchowd3/FD-NL2SQL/methodv2/runs/question_table_copy_tapex_full/questions/row_472_In_Non_Small_Cell_Lung_trials_normalize_the_clinical_setting_to_one_of_neoadjuvant_adjuvant_perioperative_metastatic_advanced/tapex_table_view.csv,/mnt/data1/srchowd3/FD-NL2SQL/methodv2/runs/question_table_copy_tapex_full/questions/row_472_In_Non_Small_Cell_Lung_trials_normalize_the_clinical_setting_to_one_of_neoadjuvant_adjuvant_perioperative_metastatic_advanced/ground_truth_table.csv
row_473,473,"In Mesothelioma trials, interpret the PD-L1 requirement flag as boolean true/false.",Is PD-L1 positivity inclusion criteria,"[""pd_l1_required""]",3,false,-0.5594339370727539,0,64,0.0,1.0,0.0,"[""{\""pd_l1_required\"": false}"", ""{\""pd_l1_required\"": false}"", ""{\""pd_l1_required\"": false}""]","[""false"", ""False""]","[""No""]",/mnt/data1/srchowd3/FD-NL2SQL/methodv2/runs/question_table_copy_tapex_full/questions/row_473_In_Mesothelioma_trials_interpret_the_PD_L1_requirement_flag_as_boolean_true_false,/mnt/data1/srchowd3/FD-NL2SQL/methodv2/runs/question_table_copy_tapex_full/questions/row_473_In_Mesothelioma_trials_interpret_the_PD_L1_requirement_flag_as_boolean_true_false/table_copy.csv,/mnt/data1/srchowd3/FD-NL2SQL/methodv2/runs/question_table_copy_tapex_full/questions/row_473_In_Mesothelioma_trials_interpret_the_PD_L1_requirement_flag_as_boolean_true_false/tapex_table_view.csv,/mnt/data1/srchowd3/FD-NL2SQL/methodv2/runs/question_table_copy_tapex_full/questions/row_473_In_Mesothelioma_trials_interpret_the_PD_L1_requirement_flag_as_boolean_true_false/ground_truth_table.csv
row_475,475,"In Small Cell Lung studies using ICI+TKI, list the TKI agent(s) mentioned in the treatment regimen.",Treatment regimen,"[""tki_agents""]",0,nct02256436,-0.3385641872882843,0,64,0.0,0.0,0.0,[],[],[],/mnt/data1/srchowd3/FD-NL2SQL/methodv2/runs/question_table_copy_tapex_full/questions/row_475_In_Small_Cell_Lung_studies_using_ICI_TKI_list_the_TKI_agent_s_mentioned_in_the_treatment_regimen,/mnt/data1/srchowd3/FD-NL2SQL/methodv2/runs/question_table_copy_tapex_full/questions/row_475_In_Small_Cell_Lung_studies_using_ICI_TKI_list_the_TKI_agent_s_mentioned_in_the_treatment_regimen/table_copy.csv,/mnt/data1/srchowd3/FD-NL2SQL/methodv2/runs/question_table_copy_tapex_full/questions/row_475_In_Small_Cell_Lung_studies_using_ICI_TKI_list_the_TKI_agent_s_mentioned_in_the_treatment_regimen/tapex_table_view.csv,/mnt/data1/srchowd3/FD-NL2SQL/methodv2/runs/question_table_copy_tapex_full/questions/row_475_In_Small_Cell_Lung_studies_using_ICI_TKI_list_the_TKI_agent_s_mentioned_in_the_treatment_regimen/ground_truth_table.csv
row_476,476,"For Avelumab trials, bucket the publication year into: ≤2014, 2015–2018, ≥2019.",Year,"[""era""]",7,2021,-0.15766605734825134,128,31,0.0,0.0,1.0,"[""{\""era\"": \""2015–2018\""}"", ""{\""era\"": \""≥2019\""}"", ""{\""era\"": \""≥2019\""}"", ""{\""era\"": \""≥2019\""}"", ""{\""era\"": \""≥2019\""}"", ""{\""era\"": \""≥2019\""}"", ""{\""era\"": \""≥2019\""}""]","[""\""2015–2018\"""", ""2015–2018"", ""\""≥2019\"""", ""≥2019""]","[""2018"", ""2019"", ""2020"", ""2021""]",/mnt/data1/srchowd3/FD-NL2SQL/methodv2/runs/question_table_copy_tapex_full/questions/row_476_For_Avelumab_trials_bucket_the_publication_year_into_2014_2015_2018_2019,/mnt/data1/srchowd3/FD-NL2SQL/methodv2/runs/question_table_copy_tapex_full/questions/row_476_For_Avelumab_trials_bucket_the_publication_year_into_2014_2015_2018_2019/table_copy.csv,/mnt/data1/srchowd3/FD-NL2SQL/methodv2/runs/question_table_copy_tapex_full/questions/row_476_For_Avelumab_trials_bucket_the_publication_year_into_2014_2015_2018_2019/tapex_table_view.csv,/mnt/data1/srchowd3/FD-NL2SQL/methodv2/runs/question_table_copy_tapex_full/questions/row_476_For_Avelumab_trials_bucket_the_publication_year_into_2014_2015_2018_2019/ground_truth_table.csv
row_477,477,"For Nivolumab, Ipilimumab trials in Mesothelioma, extract the trial acronym from the trial name (e.g., KEYNOTE-xxx, CHECKMATE-xxx).",Trial name,"[""trial_acronym""]",1,speaker-204,-0.7682326436042786,128,16,0.0,0.0,0.0,"[""{\""trial_acronym\"": \""CHECKMATE-743\""}""]","[""\""CHECKMATE-743\"""", ""CHECKMATE-743""]","[""CheckMate 743""]",/mnt/data1/srchowd3/FD-NL2SQL/methodv2/runs/question_table_copy_tapex_full/questions/row_477_For_Nivolumab_Ipilimumab_trials_in_Mesothelioma_extract_the_trial_acronym_from_the_trial_name_e_g_KEYNOTE_xxx_CHECKMATE_xxx,/mnt/data1/srchowd3/FD-NL2SQL/methodv2/runs/question_table_copy_tapex_full/questions/row_477_For_Nivolumab_Ipilimumab_trials_in_Mesothelioma_extract_the_trial_acronym_from_the_trial_name_e_g_KEYNOTE_xxx_CHECKMATE_xxx/table_copy.csv,/mnt/data1/srchowd3/FD-NL2SQL/methodv2/runs/question_table_copy_tapex_full/questions/row_477_For_Nivolumab_Ipilimumab_trials_in_Mesothelioma_extract_the_trial_acronym_from_the_trial_name_e_g_KEYNOTE_xxx_CHECKMATE_xxx/tapex_table_view.csv,/mnt/data1/srchowd3/FD-NL2SQL/methodv2/runs/question_table_copy_tapex_full/questions/row_477_For_Nivolumab_Ipilimumab_trials_in_Mesothelioma_extract_the_trial_acronym_from_the_trial_name_e_g_KEYNOTE_xxx_CHECKMATE_xxx/ground_truth_table.csv
row_479,479,"In Melanoma trials, categorize number of arms as 1-arm, 2-arm, or ≥3-arm.",Number of arms,"[""arm_category""]",26,2,-0.16046777367591858,128,31,0.0,0.0,1.0,"[""{\""arm_category\"": \""2-arm\""}"", ""{\""arm_category\"": \""≥3-arm\""}"", ""{\""arm_category\"": \""≥3-arm\""}"", ""{\""arm_category\"": \""2-arm\""}"", ""{\""arm_category\"": \""2-arm\""}"", ""{\""arm_category\"": \""≥3-arm\""}"", ""{\""arm_category\"": \""≥3-arm\""}"", ""{\""arm_category\"": \""≥3-arm\""}"", ""{\""arm_category\"": \""≥3-arm\""}"", ""{\""arm_category\"": \""2-arm\""}"", ""{\""arm_category\"": \""2-arm\""}"", ""{\""arm_category\"": \""2-arm\""}"", ""{\""arm_category\"": \""2-arm\""}"", ""{\""arm_category\"": \""2-arm\""}"", ""{\""arm_category\"": \""2-arm\""}"", ""{\""arm_category\"": \""≥3-arm\""}"", ""{\""arm_category\"": \""≥3-arm\""}"", ""{\""arm_category\"": \""≥3-arm\""}"", ""{\""arm_category\"": \""≥3-arm\""}"", ""{\""arm_category\"": \""2-arm\""}"", ""{\""arm_category\"": \""≥3-arm\""}"", ""{\""arm_category\"": \""≥3-arm\""}"", ""{\""arm_category\"": \""2-arm\""}"", ""{\""arm_category\"": \""2-arm\""}"", ""{\""arm_category\"": \""2-arm\""}"", ""{\""arm_category\"": \""2-arm\""}""]","[""\""2-arm\"""", ""2-arm"", ""\""≥3-arm\"""", ""≥3-arm""]","[""2"", ""3""]",/mnt/data1/srchowd3/FD-NL2SQL/methodv2/runs/question_table_copy_tapex_full/questions/row_479_In_Melanoma_trials_categorize_number_of_arms_as_1_arm_2_arm_or_3_arm,/mnt/data1/srchowd3/FD-NL2SQL/methodv2/runs/question_table_copy_tapex_full/questions/row_479_In_Melanoma_trials_categorize_number_of_arms_as_1_arm_2_arm_or_3_arm/table_copy.csv,/mnt/data1/srchowd3/FD-NL2SQL/methodv2/runs/question_table_copy_tapex_full/questions/row_479_In_Melanoma_trials_categorize_number_of_arms_as_1_arm_2_arm_or_3_arm/tapex_table_view.csv,/mnt/data1/srchowd3/FD-NL2SQL/methodv2/runs/question_table_copy_tapex_full/questions/row_479_In_Melanoma_trials_categorize_number_of_arms_as_1_arm_2_arm_or_3_arm/ground_truth_table.csv
row_480,480,"In Multiple Myeloma trials, interpret the PD-L1 requirement flag as boolean true/false.",Is PD-L1 positivity inclusion criteria,"[""pd_l1_required""]",2,false,-0.4338012635707855,0,64,0.0,1.0,0.0,"[""{\""pd_l1_required\"": false}"", ""{\""pd_l1_required\"": false}""]","[""false"", ""False""]","[""No""]",/mnt/data1/srchowd3/FD-NL2SQL/methodv2/runs/question_table_copy_tapex_full/questions/row_480_In_Multiple_Myeloma_trials_interpret_the_PD_L1_requirement_flag_as_boolean_true_false,/mnt/data1/srchowd3/FD-NL2SQL/methodv2/runs/question_table_copy_tapex_full/questions/row_480_In_Multiple_Myeloma_trials_interpret_the_PD_L1_requirement_flag_as_boolean_true_false/table_copy.csv,/mnt/data1/srchowd3/FD-NL2SQL/methodv2/runs/question_table_copy_tapex_full/questions/row_480_In_Multiple_Myeloma_trials_interpret_the_PD_L1_requirement_flag_as_boolean_true_false/tapex_table_view.csv,/mnt/data1/srchowd3/FD-NL2SQL/methodv2/runs/question_table_copy_tapex_full/questions/row_480_In_Multiple_Myeloma_trials_interpret_the_PD_L1_requirement_flag_as_boolean_true_false/ground_truth_table.csv
row_482,482,"For Brentuximab-vedotin trials in Esophageal/GEJ, extract the trial acronym from the trial name (e.g., KEYNOTE-xxx, CHECKMATE-xxx).",Trial name,"[""trial_acronym""]",0,speaker-204,-0.7919436097145081,128,16,0.0,0.0,0.0,[],[],[],/mnt/data1/srchowd3/FD-NL2SQL/methodv2/runs/question_table_copy_tapex_full/questions/row_482_For_Brentuximab_vedotin_trials_in_Esophageal_GEJ_extract_the_trial_acronym_from_the_trial_name_e_g_KEYNOTE_xxx_CHECKMATE_xxx,/mnt/data1/srchowd3/FD-NL2SQL/methodv2/runs/question_table_copy_tapex_full/questions/row_482_For_Brentuximab_vedotin_trials_in_Esophageal_GEJ_extract_the_trial_acronym_from_the_trial_name_e_g_KEYNOTE_xxx_CHECKMATE_xxx/table_copy.csv,/mnt/data1/srchowd3/FD-NL2SQL/methodv2/runs/question_table_copy_tapex_full/questions/row_482_For_Brentuximab_vedotin_trials_in_Esophageal_GEJ_extract_the_trial_acronym_from_the_trial_name_e_g_KEYNOTE_xxx_CHECKMATE_xxx/tapex_table_view.csv,/mnt/data1/srchowd3/FD-NL2SQL/methodv2/runs/question_table_copy_tapex_full/questions/row_482_For_Brentuximab_vedotin_trials_in_Esophageal_GEJ_extract_the_trial_acronym_from_the_trial_name_e_g_KEYNOTE_xxx_CHECKMATE_xxx/ground_truth_table.csv
row_483,483,"For Brentuximab-vedotin trials in Multiple Myeloma, extract the trial acronym from the trial name (e.g., KEYNOTE-xxx, CHECKMATE-xxx).",Trial name,"[""trial_acronym""]",0,checkmate 025,-0.5885895490646362,64,64,0.0,0.0,0.0,[],[],[],/mnt/data1/srchowd3/FD-NL2SQL/methodv2/runs/question_table_copy_tapex_full/questions/row_483_For_Brentuximab_vedotin_trials_in_Multiple_Myeloma_extract_the_trial_acronym_from_the_trial_name_e_g_KEYNOTE_xxx_CHECKMATE_xxx,/mnt/data1/srchowd3/FD-NL2SQL/methodv2/runs/question_table_copy_tapex_full/questions/row_483_For_Brentuximab_vedotin_trials_in_Multiple_Myeloma_extract_the_trial_acronym_from_the_trial_name_e_g_KEYNOTE_xxx_CHECKMATE_xxx/table_copy.csv,/mnt/data1/srchowd3/FD-NL2SQL/methodv2/runs/question_table_copy_tapex_full/questions/row_483_For_Brentuximab_vedotin_trials_in_Multiple_Myeloma_extract_the_trial_acronym_from_the_trial_name_e_g_KEYNOTE_xxx_CHECKMATE_xxx/tapex_table_view.csv,/mnt/data1/srchowd3/FD-NL2SQL/methodv2/runs/question_table_copy_tapex_full/questions/row_483_For_Brentuximab_vedotin_trials_in_Multiple_Myeloma_extract_the_trial_acronym_from_the_trial_name_e_g_KEYNOTE_xxx_CHECKMATE_xxx/ground_truth_table.csv
row_484,484,"In Prostate trials, categorize number of arms as 1-arm, 2-arm, or ≥3-arm.",Number of arms,"[""arm_category""]",3,2,-0.22760161757469177,128,31,0.0,0.0,1.0,"[""{\""arm_category\"": \""2-arm\""}"", ""{\""arm_category\"": \""2-arm\""}"", ""{\""arm_category\"": \""2-arm\""}""]","[""\""2-arm\"""", ""2-arm""]","[""2""]",/mnt/data1/srchowd3/FD-NL2SQL/methodv2/runs/question_table_copy_tapex_full/questions/row_484_In_Prostate_trials_categorize_number_of_arms_as_1_arm_2_arm_or_3_arm,/mnt/data1/srchowd3/FD-NL2SQL/methodv2/runs/question_table_copy_tapex_full/questions/row_484_In_Prostate_trials_categorize_number_of_arms_as_1_arm_2_arm_or_3_arm/table_copy.csv,/mnt/data1/srchowd3/FD-NL2SQL/methodv2/runs/question_table_copy_tapex_full/questions/row_484_In_Prostate_trials_categorize_number_of_arms_as_1_arm_2_arm_or_3_arm/tapex_table_view.csv,/mnt/data1/srchowd3/FD-NL2SQL/methodv2/runs/question_table_copy_tapex_full/questions/row_484_In_Prostate_trials_categorize_number_of_arms_as_1_arm_2_arm_or_3_arm/ground_truth_table.csv
row_485,485,"In Hepatocellular combination therapy trials, normalize the combination type to standardized labels (e.g., ICI+Chemo, ICI+TKI, ICI+ICI).",Type of combination,"[""combo_type_norm""]",1,ici+chemo,-0.08262976258993149,64,13,0.0,0.0,0.0,"[""{\""combo_type_norm\"": \""ICI+Anti-VEGF\""}""]","[""\""ICI+Anti-VEGF\"""", ""ICI+Anti-VEGF""]","[""ICI+Anti-VEGF""]",/mnt/data1/srchowd3/FD-NL2SQL/methodv2/runs/question_table_copy_tapex_full/questions/row_485_In_Hepatocellular_combination_therapy_trials_normalize_the_combination_type_to_standardized_labels_e_g_ICI_Chemo_ICI_TKI_ICI_ICI,/mnt/data1/srchowd3/FD-NL2SQL/methodv2/runs/question_table_copy_tapex_full/questions/row_485_In_Hepatocellular_combination_therapy_trials_normalize_the_combination_type_to_standardized_labels_e_g_ICI_Chemo_ICI_TKI_ICI_ICI/table_copy.csv,/mnt/data1/srchowd3/FD-NL2SQL/methodv2/runs/question_table_copy_tapex_full/questions/row_485_In_Hepatocellular_combination_therapy_trials_normalize_the_combination_type_to_standardized_labels_e_g_ICI_Chemo_ICI_TKI_ICI_ICI/tapex_table_view.csv,/mnt/data1/srchowd3/FD-NL2SQL/methodv2/runs/question_table_copy_tapex_full/questions/row_485_In_Hepatocellular_combination_therapy_trials_normalize_the_combination_type_to_standardized_labels_e_g_ICI_Chemo_ICI_TKI_ICI_ICI/ground_truth_table.csv
row_488,488,"In Hepatocellular Phase 3 trials, standardize the primary endpoint into one of OS, PFS, ORR, DFS, DOR, AE-rate, or Other.",Primary endpoint,"[""primary_endpoint_category""]",2,dor,-0.24783062934875488,64,64,0.0,0.0,0.0,"[""{\""primary_endpoint_category\"": \""PFS\""}"", ""{\""primary_endpoint_category\"": \""PFS\""}""]","[""\""PFS\"""", ""PFS""]","[""OS+PFS""]",/mnt/data1/srchowd3/FD-NL2SQL/methodv2/runs/question_table_copy_tapex_full/questions/row_488_In_Hepatocellular_Phase_3_trials_standardize_the_primary_endpoint_into_one_of_OS_PFS_ORR_DFS_DOR_AE_rate_or_Other,/mnt/data1/srchowd3/FD-NL2SQL/methodv2/runs/question_table_copy_tapex_full/questions/row_488_In_Hepatocellular_Phase_3_trials_standardize_the_primary_endpoint_into_one_of_OS_PFS_ORR_DFS_DOR_AE_rate_or_Other/table_copy.csv,/mnt/data1/srchowd3/FD-NL2SQL/methodv2/runs/question_table_copy_tapex_full/questions/row_488_In_Hepatocellular_Phase_3_trials_standardize_the_primary_endpoint_into_one_of_OS_PFS_ORR_DFS_DOR_AE_rate_or_Other/tapex_table_view.csv,/mnt/data1/srchowd3/FD-NL2SQL/methodv2/runs/question_table_copy_tapex_full/questions/row_488_In_Hepatocellular_Phase_3_trials_standardize_the_primary_endpoint_into_one_of_OS_PFS_ORR_DFS_DOR_AE_rate_or_Other/ground_truth_table.csv
row_489,489,"For Avelumab trials in Bladder, extract the trial acronym from the trial name (e.g., KEYNOTE-xxx, CHECKMATE-xxx).",Trial name,"[""trial_acronym""]",0,checkmate 025,-0.06974997371435165,64,64,0.0,0.0,0.0,[],[],[],/mnt/data1/srchowd3/FD-NL2SQL/methodv2/runs/question_table_copy_tapex_full/questions/row_489_For_Avelumab_trials_in_Bladder_extract_the_trial_acronym_from_the_trial_name_e_g_KEYNOTE_xxx_CHECKMATE_xxx,/mnt/data1/srchowd3/FD-NL2SQL/methodv2/runs/question_table_copy_tapex_full/questions/row_489_For_Avelumab_trials_in_Bladder_extract_the_trial_acronym_from_the_trial_name_e_g_KEYNOTE_xxx_CHECKMATE_xxx/table_copy.csv,/mnt/data1/srchowd3/FD-NL2SQL/methodv2/runs/question_table_copy_tapex_full/questions/row_489_For_Avelumab_trials_in_Bladder_extract_the_trial_acronym_from_the_trial_name_e_g_KEYNOTE_xxx_CHECKMATE_xxx/tapex_table_view.csv,/mnt/data1/srchowd3/FD-NL2SQL/methodv2/runs/question_table_copy_tapex_full/questions/row_489_For_Avelumab_trials_in_Bladder_extract_the_trial_acronym_from_the_trial_name_e_g_KEYNOTE_xxx_CHECKMATE_xxx/ground_truth_table.csv
row_490,490,"In Breast Phase 3 trials, classify the control arm as active, placebo, or best supportive care.",Control arm,"[""control_category""]",6,best supporting care,-0.6221121549606323,0,64,0.0,0.0,0.0,"[""{\""control_category\"": \""active\""}"", ""{\""control_category\"": \""active\""}"", ""{\""control_category\"": \""active\""}"", ""{\""control_category\"": \""active\""}"", ""{\""control_category\"": \""active\""}"", ""{\""control_category\"": \""active\""}""]","[""\""active\"""", ""active""]","[""Chemo""]",/mnt/data1/srchowd3/FD-NL2SQL/methodv2/runs/question_table_copy_tapex_full/questions/row_490_In_Breast_Phase_3_trials_classify_the_control_arm_as_active_placebo_or_best_supportive_care,/mnt/data1/srchowd3/FD-NL2SQL/methodv2/runs/question_table_copy_tapex_full/questions/row_490_In_Breast_Phase_3_trials_classify_the_control_arm_as_active_placebo_or_best_supportive_care/table_copy.csv,/mnt/data1/srchowd3/FD-NL2SQL/methodv2/runs/question_table_copy_tapex_full/questions/row_490_In_Breast_Phase_3_trials_classify_the_control_arm_as_active_placebo_or_best_supportive_care/tapex_table_view.csv,/mnt/data1/srchowd3/FD-NL2SQL/methodv2/runs/question_table_copy_tapex_full/questions/row_490_In_Breast_Phase_3_trials_classify_the_control_arm_as_active_placebo_or_best_supportive_care/ground_truth_table.csv
row_493,493,"For Cemiplimab trials in Hodgkin Lymphoma, extract the trial acronym from the trial name (e.g., KEYNOTE-xxx, CHECKMATE-xxx).",Trial name,"[""trial_acronym""]",0,keynote-204,-0.7081983089447021,128,16,0.0,0.0,0.0,[],[],[],/mnt/data1/srchowd3/FD-NL2SQL/methodv2/runs/question_table_copy_tapex_full/questions/row_493_For_Cemiplimab_trials_in_Hodgkin_Lymphoma_extract_the_trial_acronym_from_the_trial_name_e_g_KEYNOTE_xxx_CHECKMATE_xxx,/mnt/data1/srchowd3/FD-NL2SQL/methodv2/runs/question_table_copy_tapex_full/questions/row_493_For_Cemiplimab_trials_in_Hodgkin_Lymphoma_extract_the_trial_acronym_from_the_trial_name_e_g_KEYNOTE_xxx_CHECKMATE_xxx/table_copy.csv,/mnt/data1/srchowd3/FD-NL2SQL/methodv2/runs/question_table_copy_tapex_full/questions/row_493_For_Cemiplimab_trials_in_Hodgkin_Lymphoma_extract_the_trial_acronym_from_the_trial_name_e_g_KEYNOTE_xxx_CHECKMATE_xxx/tapex_table_view.csv,/mnt/data1/srchowd3/FD-NL2SQL/methodv2/runs/question_table_copy_tapex_full/questions/row_493_For_Cemiplimab_trials_in_Hodgkin_Lymphoma_extract_the_trial_acronym_from_the_trial_name_e_g_KEYNOTE_xxx_CHECKMATE_xxx/ground_truth_table.csv
row_494,494,"In Pancreatic Phase 3 trials, standardize the primary endpoint into one of OS, PFS, ORR, DFS, DOR, AE-rate, or Other.",Primary endpoint,"[""primary_endpoint_category""]",0,dor,-0.25561776757240295,64,64,0.0,0.0,0.0,[],[],[],/mnt/data1/srchowd3/FD-NL2SQL/methodv2/runs/question_table_copy_tapex_full/questions/row_494_In_Pancreatic_Phase_3_trials_standardize_the_primary_endpoint_into_one_of_OS_PFS_ORR_DFS_DOR_AE_rate_or_Other,/mnt/data1/srchowd3/FD-NL2SQL/methodv2/runs/question_table_copy_tapex_full/questions/row_494_In_Pancreatic_Phase_3_trials_standardize_the_primary_endpoint_into_one_of_OS_PFS_ORR_DFS_DOR_AE_rate_or_Other/table_copy.csv,/mnt/data1/srchowd3/FD-NL2SQL/methodv2/runs/question_table_copy_tapex_full/questions/row_494_In_Pancreatic_Phase_3_trials_standardize_the_primary_endpoint_into_one_of_OS_PFS_ORR_DFS_DOR_AE_rate_or_Other/tapex_table_view.csv,/mnt/data1/srchowd3/FD-NL2SQL/methodv2/runs/question_table_copy_tapex_full/questions/row_494_In_Pancreatic_Phase_3_trials_standardize_the_primary_endpoint_into_one_of_OS_PFS_ORR_DFS_DOR_AE_rate_or_Other/ground_truth_table.csv
row_496,496,"For Nivolumab combination therapy trials, list additional agents in the treatment regimen beyond the ICI.",Treatment regimen,"[""added_agents""]",2,"nct02256436, nct02256436, nct0225891, nct02256436, nct",-0.18357384204864502,0,64,0.0,0.0,0.0,"[""{\""added_agents\"": null}"", ""{\""added_agents\"": [\""cabozantinib\""]}""]","[""null"", ""None"", ""[\""cabozantinib\""]"", ""cabozantinib""]","[""Nivolumab+Chemotherapy"", ""Nivolumab+Cabozantinib""]",/mnt/data1/srchowd3/FD-NL2SQL/methodv2/runs/question_table_copy_tapex_full/questions/row_496_For_Nivolumab_combination_therapy_trials_list_additional_agents_in_the_treatment_regimen_beyond_the_ICI,/mnt/data1/srchowd3/FD-NL2SQL/methodv2/runs/question_table_copy_tapex_full/questions/row_496_For_Nivolumab_combination_therapy_trials_list_additional_agents_in_the_treatment_regimen_beyond_the_ICI/table_copy.csv,/mnt/data1/srchowd3/FD-NL2SQL/methodv2/runs/question_table_copy_tapex_full/questions/row_496_For_Nivolumab_combination_therapy_trials_list_additional_agents_in_the_treatment_regimen_beyond_the_ICI/tapex_table_view.csv,/mnt/data1/srchowd3/FD-NL2SQL/methodv2/runs/question_table_copy_tapex_full/questions/row_496_For_Nivolumab_combination_therapy_trials_list_additional_agents_in_the_treatment_regimen_beyond_the_ICI/ground_truth_table.csv
row_497,497,"In Esophageal/GEJ trials, convert 'Type of therapy' into is_combination = true/false.",Type of therapy,"[""is_combination""]",2,combination,-0.2531832456588745,128,31,0.0,0.0,0.0,"[""{\""is_combination\"": false}"", ""{\""is_combination\"": false}""]","[""false"", ""False""]","[""Monotherapy""]",/mnt/data1/srchowd3/FD-NL2SQL/methodv2/runs/question_table_copy_tapex_full/questions/row_497_In_Esophageal_GEJ_trials_convert_Type_of_therapy_into_is_combination_true_false,/mnt/data1/srchowd3/FD-NL2SQL/methodv2/runs/question_table_copy_tapex_full/questions/row_497_In_Esophageal_GEJ_trials_convert_Type_of_therapy_into_is_combination_true_false/table_copy.csv,/mnt/data1/srchowd3/FD-NL2SQL/methodv2/runs/question_table_copy_tapex_full/questions/row_497_In_Esophageal_GEJ_trials_convert_Type_of_therapy_into_is_combination_true_false/tapex_table_view.csv,/mnt/data1/srchowd3/FD-NL2SQL/methodv2/runs/question_table_copy_tapex_full/questions/row_497_In_Esophageal_GEJ_trials_convert_Type_of_therapy_into_is_combination_true_false/ground_truth_table.csv
row_498,498,"For Atezolizumab trials in Head and Neck, extract the trial acronym from the trial name (e.g., KEYNOTE-xxx, CHECKMATE-xxx).",Trial name,"[""trial_acronym""]",0,checkmate 025,-0.28740280866622925,64,64,0.0,0.0,0.0,[],[],[],/mnt/data1/srchowd3/FD-NL2SQL/methodv2/runs/question_table_copy_tapex_full/questions/row_498_For_Atezolizumab_trials_in_Head_and_Neck_extract_the_trial_acronym_from_the_trial_name_e_g_KEYNOTE_xxx_CHECKMATE_xxx,/mnt/data1/srchowd3/FD-NL2SQL/methodv2/runs/question_table_copy_tapex_full/questions/row_498_For_Atezolizumab_trials_in_Head_and_Neck_extract_the_trial_acronym_from_the_trial_name_e_g_KEYNOTE_xxx_CHECKMATE_xxx/table_copy.csv,/mnt/data1/srchowd3/FD-NL2SQL/methodv2/runs/question_table_copy_tapex_full/questions/row_498_For_Atezolizumab_trials_in_Head_and_Neck_extract_the_trial_acronym_from_the_trial_name_e_g_KEYNOTE_xxx_CHECKMATE_xxx/tapex_table_view.csv,/mnt/data1/srchowd3/FD-NL2SQL/methodv2/runs/question_table_copy_tapex_full/questions/row_498_For_Atezolizumab_trials_in_Head_and_Neck_extract_the_trial_acronym_from_the_trial_name_e_g_KEYNOTE_xxx_CHECKMATE_xxx/ground_truth_table.csv
row_499,499,"For Ipilimumab trials in NSCLC, extract the trial acronym from the trial name (e.g., KEYNOTE-xxx, CHECKMATE-xxx).",Trial name,"[""trial_acronym""]",0,checkmate 025,-0.2918374538421631,64,64,0.0,0.0,0.0,[],[],[],/mnt/data1/srchowd3/FD-NL2SQL/methodv2/runs/question_table_copy_tapex_full/questions/row_499_For_Ipilimumab_trials_in_NSCLC_extract_the_trial_acronym_from_the_trial_name_e_g_KEYNOTE_xxx_CHECKMATE_xxx,/mnt/data1/srchowd3/FD-NL2SQL/methodv2/runs/question_table_copy_tapex_full/questions/row_499_For_Ipilimumab_trials_in_NSCLC_extract_the_trial_acronym_from_the_trial_name_e_g_KEYNOTE_xxx_CHECKMATE_xxx/table_copy.csv,/mnt/data1/srchowd3/FD-NL2SQL/methodv2/runs/question_table_copy_tapex_full/questions/row_499_For_Ipilimumab_trials_in_NSCLC_extract_the_trial_acronym_from_the_trial_name_e_g_KEYNOTE_xxx_CHECKMATE_xxx/tapex_table_view.csv,/mnt/data1/srchowd3/FD-NL2SQL/methodv2/runs/question_table_copy_tapex_full/questions/row_499_For_Ipilimumab_trials_in_NSCLC_extract_the_trial_acronym_from_the_trial_name_e_g_KEYNOTE_xxx_CHECKMATE_xxx/ground_truth_table.csv
row_500,500,"In Bladder trials, from the secondary endpoint text flag if immune-related adverse events (irAEs) were explicitly assessed.",Secondary endpoint,"[""irAE_assessed""]",3,nct01721772,-0.22174623608589172,128,24,0.0,0.0,0.0,"[""{\""irAE_assessed\"": false}"", ""{\""irAE_assessed\"": false}"", ""{\""irAE_assessed\"": false}""]","[""false"", ""False""]","[""investigator-assessed RECIST v1.1 ORR, PFS, DoR"", ""Safety, tolerability, ORR, DoR""]",/mnt/data1/srchowd3/FD-NL2SQL/methodv2/runs/question_table_copy_tapex_full/questions/row_500_In_Bladder_trials_from_the_secondary_endpoint_text_flag_if_immune_related_adverse_events_irAEs_were_explicitly_assessed,/mnt/data1/srchowd3/FD-NL2SQL/methodv2/runs/question_table_copy_tapex_full/questions/row_500_In_Bladder_trials_from_the_secondary_endpoint_text_flag_if_immune_related_adverse_events_irAEs_were_explicitly_assessed/table_copy.csv,/mnt/data1/srchowd3/FD-NL2SQL/methodv2/runs/question_table_copy_tapex_full/questions/row_500_In_Bladder_trials_from_the_secondary_endpoint_text_flag_if_immune_related_adverse_events_irAEs_were_explicitly_assessed/tapex_table_view.csv,/mnt/data1/srchowd3/FD-NL2SQL/methodv2/runs/question_table_copy_tapex_full/questions/row_500_In_Bladder_trials_from_the_secondary_endpoint_text_flag_if_immune_related_adverse_events_irAEs_were_explicitly_assessed/ground_truth_table.csv
row_501,501,"In Gastric/GEJ trials, from the secondary endpoint text flag if immune-related adverse events (irAEs) were explicitly assessed.",Secondary endpoint,"[""irAE_assessed""]",8,nct02523313,-0.18509940803050995,64,64,0.0,0.0,0.0,"[""{\""irAE_assessed\"": false}"", ""{\""irAE_assessed\"": false}"", ""{\""irAE_assessed\"": false}"", ""{\""irAE_assessed\"": false}"", ""{\""irAE_assessed\"": false}"", ""{\""irAE_assessed\"": false}"", ""{\""irAE_assessed\"": false}"", ""{\""irAE_assessed\"": false}""]","[""false"", ""False""]","[""PFS by mWHO criteria, OS, immune-related best overall response rate (irBORR)"", ""PFS, ORR, disease control rate, DoR, time to response, best overall response, the maximum percentage change from baseline in the sum of diameters of target lesions."", ""PFS, ORR per independent review committee assessment, safety, tolerability"", ""ORR, DoR, in patients with PD-L1 CPS of 1 or higher and in the total population; PFS, OS in the total population; PFS in the population with CPS of 1 or higher and in the total population; and time to progression in the population with CPS of 1 or higher and in the total population; safety"", ""ORR, DoR, safety, tolerability, HRQOL"", ""PFS, best overall response, DOR, safety""]",/mnt/data1/srchowd3/FD-NL2SQL/methodv2/runs/question_table_copy_tapex_full/questions/row_501_In_Gastric_GEJ_trials_from_the_secondary_endpoint_text_flag_if_immune_related_adverse_events_irAEs_were_explicitly_assessed,/mnt/data1/srchowd3/FD-NL2SQL/methodv2/runs/question_table_copy_tapex_full/questions/row_501_In_Gastric_GEJ_trials_from_the_secondary_endpoint_text_flag_if_immune_related_adverse_events_irAEs_were_explicitly_assessed/table_copy.csv,/mnt/data1/srchowd3/FD-NL2SQL/methodv2/runs/question_table_copy_tapex_full/questions/row_501_In_Gastric_GEJ_trials_from_the_secondary_endpoint_text_flag_if_immune_related_adverse_events_irAEs_were_explicitly_assessed/tapex_table_view.csv,/mnt/data1/srchowd3/FD-NL2SQL/methodv2/runs/question_table_copy_tapex_full/questions/row_501_In_Gastric_GEJ_trials_from_the_secondary_endpoint_text_flag_if_immune_related_adverse_events_irAEs_were_explicitly_assessed/ground_truth_table.csv
