row_index,Type of therapy,Cancer type,Monotherapy/combination
1,Monotherapy,Head and Neck,False
2,Monotherapy,Head and Neck,False
3,Monotherapy,Head and Neck,False
4,Combination,Head and Neck,True
5,Monotherapy,Head and Neck,False
6,Monotherapy,Head and Neck,False
7,Combination,Head and Neck,True
8,Combination,Head and Neck,True
9,Combination,Head and Neck,True
