item_id,csv_row_number,question,column_used,expected_keys_json,model_name,view_name,rank,cosine_score,is_relevant,rowid,NCT,PubMed ID,Trial name,source_value,candidate_row_json
row_262,262,"For Tremelimumab trials, bucket total sample size as small(<100), medium(100–299), or large(≥300).",Total sample size,"[""size_bucket""]",bert,column,1,0.6833388805389404,0,82,NCT03043872,31590988,CASPIAN,805,"{""Author"": ""Paz-Ares L et al"", ""Cancer type"": ""Small Cell Lung"", ""Class of ICI"": ""PD-L1"", ""Clincal setting in relation to surgery"": ""Metastatic+recurrent (unresectable)"", ""Clinical setting"": ""Metastatic+recurrent (unresectable)"", ""Control arm"": ""Chemo"", ""Control regimen"": ""Platinum+Etoposide"", ""Follow-up duration for primary endpoint(s) in months | Control"": null, ""Follow-up duration for primary endpoint(s) in months | Overall"": ""14.2"", ""Follow-up duration for primary endpoint(s) in months | Rx"": null, ""Included in MA"": ""Yes"", ""Is PD-L1 positivity inclusion criteria"": ""No"", ""Is any other biomarker used for inclusion"": ""No"", ""Lines of treatment"": ""Only 1st line of treatment for metastatic disease"", ""Monotherapy/combination"": ""Combination"", ""NCT"": ""NCT03043872"", ""Name of ICI"": ""Durvalumab"", ""Number of arms"": 3, ""Originial publication or Follow-up"": ""Original publication"", ""Priamry Multiple, composite, or co-primary endpoints?"": null, ""Primary endpoint"": ""OS"", ""PubMed ID"": ""31590988"", ""Secondary endpoint"": ""PFS; objective response; OS at 18 months; PFS at 6 and 12 months; safety; pharmacokinetics; immunogenicity; symptoms and health-related quality of life assessments."", ""Total sample size"": 805, ""Treatment regimen"": ""Durvalumab+Etoposide+Platinum agent"", ""Trial name"": ""CASPIAN"", ""Trial phase"": ""Phase 3"", ""Type of combination"": ""ICI+Chemo"", ""Type of control"": ""Chemo"", ""Type of follow-up given"": ""Median"", ""Type of therapy"": ""Combination"", ""Year"": 2019, ""__rowid__"": 82}"
row_262,262,"For Tremelimumab trials, bucket total sample size as small(<100), medium(100–299), or large(≥300).",Total sample size,"[""size_bucket""]",bert,column,2,0.6833388805389404,0,83,NCT03043872,31590988,CASPIAN,805,"{""Author"": ""Paz-Ares L et al (1)"", ""Cancer type"": ""Small Cell Lung"", ""Class of ICI"": ""PD-L1, CTLA-4"", ""Clincal setting in relation to surgery"": ""Metastatic+recurrent (unresectable)"", ""Clinical setting"": ""Metastatic+recurrent (unresectable)"", ""Control arm"": ""Chemo"", ""Control regimen"": ""Platinum+Etoposide"", ""Follow-up duration for primary endpoint(s) in months | Control"": null, ""Follow-up duration for primary endpoint(s) in months | Overall"": ""14.2"", ""Follow-up duration for primary endpoint(s) in months | Rx"": null, ""Included in MA"": ""Yes"", ""Is PD-L1 positivity inclusion criteria"": ""No"", ""Is any other biomarker used for inclusion"": ""No"", ""Lines of treatment"": ""Only 1st line of treatment for metastatic disease"", ""Monotherapy/combination"": ""Combination"", ""NCT"": ""NCT03043872"", ""Name of ICI"": ""Durvalumab, Tremelimumab"", ""Number of arms"": 3, ""Originial publication or Follow-up"": ""Original publication"", ""Priamry Multiple, composite, or co-primary endpoints?"": null, ""Primary endpoint"": ""OS"", ""PubMed ID"": ""31590988"", ""Secondary endpoint"": ""PFS; objective response; OS at 18 months; PFS at 6 and 12 months; safety; pharmacokinetics; immunogenicity; symptoms and health-related quality of life assessments."", ""Total sample size"": 805, ""Treatment regimen"": ""Durvalumab+Tremelimumab+Etoposide+Platinum agent"", ""Trial name"": ""CASPIAN"", ""Trial phase"": ""Phase 3"", ""Type of combination"": ""ICI+ICI+Chemo"", ""Type of control"": ""Chemo"", ""Type of follow-up given"": ""Median"", ""Type of therapy"": ""Combination"", ""Year"": 2019, ""__rowid__"": 83}"
row_262,262,"For Tremelimumab trials, bucket total sample size as small(<100), medium(100–299), or large(≥300).",Total sample size,"[""size_bucket""]",bert,column,3,0.6833388805389404,0,137,NCT03043872,33285097,CASPIAN,805,"{""Author"": ""Goldman JW et al"", ""Cancer type"": ""Small Cell Lung"", ""Class of ICI"": ""PD-L1, CTLA-4"", ""Clincal setting in relation to surgery"": ""Metastatic+recurrent (unresectable)"", ""Clinical setting"": ""Metastatic+recurrent (unresectable)"", ""Control arm"": ""Chemo"", ""Control regimen"": ""Platinum+Etoposide"", ""Follow-up duration for primary endpoint(s) in months | Control"": null, ""Follow-up duration for primary endpoint(s) in months | Overall"": ""25.1"", ""Follow-up duration for primary endpoint(s) in months | Rx"": null, ""Included in MA"": null, ""Is PD-L1 positivity inclusion criteria"": ""No"", ""Is any other biomarker used for inclusion"": ""No"", ""Lines of treatment"": ""Only 1st line of treatment for metastatic disease"", ""Monotherapy/combination"": ""Combination"", ""NCT"": ""NCT03043872"", ""Name of ICI"": ""Durvalumab, Tremelimumab"", ""Number of arms"": 3, ""Originial publication or Follow-up"": ""Follow-up"", ""Priamry Multiple, composite, or co-primary endpoints?"": null, ""Primary endpoint"": ""OS"", ""PubMed ID"": ""33285097"", ""Secondary endpoint"": ""PFS, ORR, OS at 18 months, PFS, safety, pharmacokinetics, immunogenicity, HRQOL"", ""Total sample size"": 805, ""Treatment regimen"": ""Durvalumab+Tremelimumab+Etoposide+Platinum agent"", ""Trial name"": ""CASPIAN"", ""Trial phase"": ""Phase 3"", ""Type of combination"": ""ICI+ICI+Chemo"", ""Type of control"": ""Chemo"", ""Type of follow-up given"": ""Median"", ""Type of therapy"": ""Combination"", ""Year"": 2020, ""__rowid__"": 137}"
row_262,262,"For Tremelimumab trials, bucket total sample size as small(<100), medium(100–299), or large(≥300).",Total sample size,"[""size_bucket""]",bert,column,4,0.6833388805389404,0,138,NCT03043872,33285097,CASPIAN,805,"{""Author"": ""Goldman JW et al (1)"", ""Cancer type"": ""Small Cell Lung"", ""Class of ICI"": ""PD-L1"", ""Clincal setting in relation to surgery"": ""Metastatic+recurrent (unresectable)"", ""Clinical setting"": ""Metastatic+recurrent (unresectable)"", ""Control arm"": ""Chemo"", ""Control regimen"": ""Platinum+Etoposide"", ""Follow-up duration for primary endpoint(s) in months | Control"": null, ""Follow-up duration for primary endpoint(s) in months | Overall"": ""25.1"", ""Follow-up duration for primary endpoint(s) in months | Rx"": null, ""Included in MA"": null, ""Is PD-L1 positivity inclusion criteria"": ""No"", ""Is any other biomarker used for inclusion"": ""No"", ""Lines of treatment"": ""Only 1st line of treatment for metastatic disease"", ""Monotherapy/combination"": ""Combination"", ""NCT"": ""NCT03043872"", ""Name of ICI"": ""Durvalumab"", ""Number of arms"": 3, ""Originial publication or Follow-up"": ""Follow-up"", ""Priamry Multiple, composite, or co-primary endpoints?"": null, ""Primary endpoint"": ""OS"", ""PubMed ID"": ""33285097"", ""Secondary endpoint"": ""PFS, ORR, OS at 18 months, PFS, safety, pharmacokinetics, immunogenicity, HRQOL"", ""Total sample size"": 805, ""Treatment regimen"": ""Durvalumab+Etoposide+Platinum agent"", ""Trial name"": ""CASPIAN"", ""Trial phase"": ""Phase 3"", ""Type of combination"": ""ICI+Chemo"", ""Type of control"": ""Chemo"", ""Type of follow-up given"": ""Median"", ""Type of therapy"": ""Combination"", ""Year"": 2020, ""__rowid__"": 138}"
row_262,262,"For Tremelimumab trials, bucket total sample size as small(<100), medium(100–299), or large(≥300).",Total sample size,"[""size_bucket""]",bert,column,5,0.6789907217025757,0,103,NCT02367794,32302702,IMpower131,1021,"{""Author"": ""Jotte R et al (1)"", ""Cancer type"": ""Non-Small Cell Lung"", ""Class of ICI"": ""PD-L1"", ""Clincal setting in relation to surgery"": ""Metastatic+recurrent (unresectable)"", ""Clinical setting"": ""Metastatic+recurrent (unresectable)"", ""Control arm"": ""Chemo"", ""Control regimen"": ""Carboplatin+Nab-paclitaxel"", ""Follow-up duration for primary endpoint(s) in months | Control"": ""24.8, 16.1"", ""Follow-up duration for primary endpoint(s) in months | Overall"": null, ""Follow-up duration for primary endpoint(s) in months | Rx"": ""26.8, 18.1"", ""Included in MA"": ""Yes"", ""Is PD-L1 positivity inclusion criteria"": ""No"", ""Is any other biomarker used for inclusion"": ""No"", ""Lines of treatment"": ""Only 1st line of treatment for metastatic disease"", ""Monotherapy/combination"": ""Combination"", ""NCT"": ""NCT02367794"", ""Name of ICI"": ""Atezolizumab"", ""Number of arms"": 3, ""Originial publication or Follow-up"": ""Original publication"", ""Priamry Multiple, composite, or co-primary endpoints?"": ""Co-primary"", ""Primary endpoint"": ""OS+PFS"", ""PubMed ID"": ""32302702"", ""Secondary endpoint"": ""ORR, DOR, PFS and OS in PD-L1 subgroups and T-effector population; safety."", ""Total sample size"": 1021, ""Treatment regimen"": ""Atezolizumab+Carboplatin+Nab-paclitaxel"", ""Trial name"": ""IMpower131"", ""Trial phase"": ""Phase 3"", ""Type of combination"": ""ICI+Chemo"", ""Type of control"": ""Chemo"", ""Type of follow-up given"": ""Median"", ""Type of therapy"": ""Combination"", ""Year"": 2020, ""__rowid__"": 103}"
row_262,262,"For Tremelimumab trials, bucket total sample size as small(<100), medium(100–299), or large(≥300).",Total sample size,"[""size_bucket""]",bert,column,6,0.6789907217025757,0,102,NCT02367794,32302702,IMpower131,1021,"{""Author"": ""Jotte R et al"", ""Cancer type"": ""Non-Small Cell Lung"", ""Class of ICI"": ""PD-L1"", ""Clincal setting in relation to surgery"": ""Metastatic+recurrent (unresectable)"", ""Clinical setting"": ""Metastatic+recurrent (unresectable)"", ""Control arm"": ""Chemo"", ""Control regimen"": ""Carboplatin+Nab-paclitaxel"", ""Follow-up duration for primary endpoint(s) in months | Control"": ""24.8, 16.1"", ""Follow-up duration for primary endpoint(s) in months | Overall"": null, ""Follow-up duration for primary endpoint(s) in months | Rx"": null, ""Included in MA"": ""Yes"", ""Is PD-L1 positivity inclusion criteria"": ""No"", ""Is any other biomarker used for inclusion"": ""No"", ""Lines of treatment"": ""Only 1st line of treatment for metastatic disease"", ""Monotherapy/combination"": ""Combination"", ""NCT"": ""NCT02367794"", ""Name of ICI"": ""Atezolizumab"", ""Number of arms"": 3, ""Originial publication or Follow-up"": ""Original publication"", ""Priamry Multiple, composite, or co-primary endpoints?"": ""Co-primary"", ""Primary endpoint"": ""OS+PFS"", ""PubMed ID"": ""32302702"", ""Secondary endpoint"": ""ORR, DOR, PFS and OS in PD-L1 subgroups and T-effector population; safety."", ""Total sample size"": 1021, ""Treatment regimen"": ""Atezolizumab+Carboplatin+Paclitaxel"", ""Trial name"": ""IMpower131"", ""Trial phase"": ""Phase 3"", ""Type of combination"": ""ICI+Chemo"", ""Type of control"": ""Chemo"", ""Type of follow-up given"": ""Median"", ""Type of therapy"": ""Combination"", ""Year"": 2020, ""__rowid__"": 102}"
row_262,262,"For Tremelimumab trials, bucket total sample size as small(<100), medium(100–299), or large(≥300).",Total sample size,"[""size_bucket""]",bert,column,7,0.6753753423690796,0,153,NCT02450331,33721560,Imvigor010,809,"{""Author"": ""Bellmunt J et al"", ""Cancer type"": ""Urothelial"", ""Class of ICI"": ""PD-L1"", ""Clincal setting in relation to surgery"": ""Adjuvant"", ""Clinical setting"": ""Adjuvant"", ""Control arm"": ""Observation"", ""Control regimen"": ""Observation"", ""Follow-up duration for primary endpoint(s) in months | Control"": null, ""Follow-up duration for primary endpoint(s) in months | Overall"": ""21.9"", ""Follow-up duration for primary endpoint(s) in months | Rx"": null, ""Included in MA"": null, ""Is PD-L1 positivity inclusion criteria"": ""No"", ""Is any other biomarker used for inclusion"": ""No"", ""Lines of treatment"": null, ""Monotherapy/combination"": ""Monotherapy"", ""NCT"": ""NCT02450331"", ""Name of ICI"": ""Atezolizumab"", ""Number of arms"": 2, ""Originial publication or Follow-up"": ""Original publication"", ""Priamry Multiple, composite, or co-primary endpoints?"": null, ""Primary endpoint"": ""DFS"", ""PubMed ID"": ""33721560"", ""Secondary endpoint"": ""OS; disease-specific survival; distant metastasis-free survival; non-urinary tract recurrence-free survival; pharmacokinetics; PROs"", ""Total sample size"": 809, ""Treatment regimen"": ""Atezolizumab"", ""Trial name"": ""Imvigor010"", ""Trial phase"": ""Phase 3"", ""Type of combination"": null, ""Type of control"": ""Observation"", ""Type of follow-up given"": ""Median"", ""Type of therapy"": ""Monotherapy"", ""Year"": 2021, ""__rowid__"": 153}"
row_262,262,"For Tremelimumab trials, bucket total sample size as small(<100), medium(100–299), or large(≥300).",Total sample size,"[""size_bucket""]",bert,column,8,0.6733232140541077,0,128,NCT02899299,33485464,CheckMate 743,605,"{""Author"": ""Baas P et al."", ""Cancer type"": ""Mesothelioma"", ""Class of ICI"": ""PD1, CTLA-4"", ""Clincal setting in relation to surgery"": ""Metastatic+recurrent (unresectable)"", ""Clinical setting"": ""Metastatic+recurrent (unresectable)"", ""Control arm"": ""Chemo"", ""Control regimen"": ""Pemetrexed+Cisplatin/Carboplatin"", ""Follow-up duration for primary endpoint(s) in months | Control"": null, ""Follow-up duration for primary endpoint(s) in months | Overall"": ""29.7"", ""Follow-up duration for primary endpoint(s) in months | Rx"": null, ""Included in MA"": null, ""Is PD-L1 positivity inclusion criteria"": ""No"", ""Is any other biomarker used for inclusion"": ""No"", ""Lines of treatment"": ""Only 1st line of treatment for metastatic disease"", ""Monotherapy/combination"": ""Combination"", ""NCT"": ""NCT02899299"", ""Name of ICI"": ""Nivolumab, Ipilimumab"", ""Number of arms"": 2, ""Originial publication or Follow-up"": ""Original publication"", ""Priamry Multiple, composite, or co-primary endpoints?"": null, ""Primary endpoint"": ""OS"", ""PubMed ID"": ""33485464"", ""Secondary endpoint"": ""PFS, ORR, time to response, DoR, DCR"", ""Total sample size"": 605, ""Treatment regimen"": ""Nivolumab+Ipilimumab"", ""Trial name"": ""CheckMate 743"", ""Trial phase"": ""Phase 3"", ""Type of combination"": ""ICI+ICI"", ""Type of control"": ""Chemo"", ""Type of follow-up given"": ""Median"", ""Type of therapy"": ""Combination"", ""Year"": 2021, ""__rowid__"": 128}"
row_262,262,"For Tremelimumab trials, bucket total sample size as small(<100), medium(100–299), or large(≥300).",Total sample size,"[""size_bucket""]",bert,column,9,0.6718096733093262,0,61,NCT00257205,23295794,,655,"{""Author"": ""Ribas A et al"", ""Cancer type"": ""Melanoma"", ""Class of ICI"": ""CTLA-4"", ""Clincal setting in relation to surgery"": ""Metastatic+recurrent (unresectable)"", ""Clinical setting"": ""Metastatic+recurrent (unresectable)"", ""Control arm"": ""Chemo"", ""Control regimen"": ""Temozolomide/dacarbazine"", ""Follow-up duration for primary endpoint(s) in months | Control"": null, ""Follow-up duration for primary endpoint(s) in months | Overall"": null, ""Follow-up duration for primary endpoint(s) in months | Rx"": null, ""Included in MA"": ""Yes"", ""Is PD-L1 positivity inclusion criteria"": ""No"", ""Is any other biomarker used for inclusion"": ""No"", ""Lines of treatment"": ""Only 1st line of treatment for metastatic disease"", ""Monotherapy/combination"": ""Monotherapy"", ""NCT"": ""NCT00257205"", ""Name of ICI"": ""Tremelimumab"", ""Number of arms"": 2, ""Originial publication or Follow-up"": ""Original publication"", ""Priamry Multiple, composite, or co-primary endpoints?"": null, ""Primary endpoint"": ""OS"", ""PubMed ID"": ""23295794"", ""Secondary endpoint"": ""PFS; best overall response; duration of response; PFS at 6 months after random assignment; safety."", ""Total sample size"": 655, ""Treatment regimen"": ""Tremelimumab"", ""Trial name"": null, ""Trial phase"": ""Phase 3"", ""Type of combination"": null, ""Type of control"": ""Chemo"", ""Type of follow-up given"": null, ""Type of therapy"": ""Monotherapy"", ""Year"": 2013, ""__rowid__"": 61}"
row_262,262,"For Tremelimumab trials, bucket total sample size as small(<100), medium(100–299), or large(≥300).",Total sample size,"[""size_bucket""]",bert,column,10,0.67132967710495,0,145,NCT02811861,33616314,CLEAR,1069,"{""Author"": ""Motzer R et al"", ""Cancer type"": ""Renal cell"", ""Class of ICI"": ""PD1"", ""Clincal setting in relation to surgery"": ""Metastatic+recurrent (unresectable)"", ""Clinical setting"": ""Metastatic+recurrent (unresectable)"", ""Control arm"": ""TKI"", ""Control regimen"": ""Sunitinib"", ""Follow-up duration for primary endpoint(s) in months | Control"": null, ""Follow-up duration for primary endpoint(s) in months | Overall"": ""26.6"", ""Follow-up duration for primary endpoint(s) in months | Rx"": null, ""Included in MA"": null, ""Is PD-L1 positivity inclusion criteria"": ""No"", ""Is any other biomarker used for inclusion"": ""No"", ""Lines of treatment"": ""Only 1st line of treatment for metastatic disease"", ""Monotherapy/combination"": ""Combination"", ""NCT"": ""NCT02811861"", ""Name of ICI"": ""Pembrolizumab"", ""Number of arms"": 3, ""Originial publication or Follow-up"": ""Original publication"", ""Priamry Multiple, composite, or co-primary endpoints?"": null, ""Primary endpoint"": ""PFS"", ""PubMed ID"": ""33616314"", ""Secondary endpoint"": ""OS; ORR; safety; investigator-assessed PFS"", ""Total sample size"": 1069, ""Treatment regimen"": ""Pembrolizumab+Lenvatinib"", ""Trial name"": ""CLEAR"", ""Trial phase"": ""Phase 3"", ""Type of combination"": ""ICI+TKI"", ""Type of control"": ""TKI"", ""Type of follow-up given"": ""Median"", ""Type of therapy"": ""Combination"", ""Year"": 2021, ""__rowid__"": 145}"
row_262,262,"For Tremelimumab trials, bucket total sample size as small(<100), medium(100–299), or large(≥300).",Total sample size,"[""size_bucket""]",bert,column,11,0.6671170592308044,0,100,NCT02453282,32271377,MYSTIC,1118,"{""Author"": ""Rizvi NA et al (1)"", ""Cancer type"": ""Non-Small Cell Lung"", ""Class of ICI"": ""PD-L1, CTLA-4"", ""Clincal setting in relation to surgery"": ""Metastatic+recurrent (unresectable)"", ""Clinical setting"": ""Metastatic+recurrent (unresectable)"", ""Control arm"": ""Chemo"", ""Control regimen"": ""Investigator's choice chemotherapy"", ""Follow-up duration for primary endpoint(s) in months | Control"": null, ""Follow-up duration for primary endpoint(s) in months | Overall"": ""30.2, 10.6"", ""Follow-up duration for primary endpoint(s) in months | Rx"": null, ""Included in MA"": ""Yes"", ""Is PD-L1 positivity inclusion criteria"": ""No"", ""Is any other biomarker used for inclusion"": ""Yes"", ""Lines of treatment"": ""Only 1st line of treatment for metastatic disease"", ""Monotherapy/combination"": ""Combination"", ""NCT"": ""NCT02453282"", ""Name of ICI"": ""Durvalumab, Tremelimumab"", ""Number of arms"": 3, ""Originial publication or Follow-up"": ""Original publication"", ""Priamry Multiple, composite, or co-primary endpoints?"": ""Multiple"", ""Primary endpoint"": ""OS+PFS"", ""PubMed ID"": ""32271377"", ""Secondary endpoint"": ""PFS for durvalumab vs. chemotherapy; ORR and DOR in patients with PD-L1 TC ≥25%; safety and tolerability."", ""Total sample size"": 1118, ""Treatment regimen"": ""Durvalumab+Tremelimumab"", ""Trial name"": ""MYSTIC"", ""Trial phase"": ""Phase 3"", ""Type of combination"": ""ICI+ICI"", ""Type of control"": ""Chemo"", ""Type of follow-up given"": ""Median"", ""Type of therapy"": ""Combination"", ""Year"": 2020, ""__rowid__"": 100}"
row_262,262,"For Tremelimumab trials, bucket total sample size as small(<100), medium(100–299), or large(≥300).",Total sample size,"[""size_bucket""]",bert,column,12,0.6671170592308044,0,99,NCT02453282,32271377,MYSTIC,1118,"{""Author"": ""Rizvi NA et al"", ""Cancer type"": ""Non-Small Cell Lung"", ""Class of ICI"": ""PD-L1"", ""Clincal setting in relation to surgery"": ""Metastatic+recurrent (unresectable)"", ""Clinical setting"": ""Metastatic+recurrent (unresectable)"", ""Control arm"": ""Chemo"", ""Control regimen"": ""Investigator's choice chemotherapy"", ""Follow-up duration for primary endpoint(s) in months | Control"": null, ""Follow-up duration for primary endpoint(s) in months | Overall"": ""30.2, 10.6"", ""Follow-up duration for primary endpoint(s) in months | Rx"": null, ""Included in MA"": ""Yes"", ""Is PD-L1 positivity inclusion criteria"": ""No"", ""Is any other biomarker used for inclusion"": ""Yes"", ""Lines of treatment"": ""Only 1st line of treatment for metastatic disease"", ""Monotherapy/combination"": ""Monotherapy"", ""NCT"": ""NCT02453282"", ""Name of ICI"": ""Durvalumab"", ""Number of arms"": 3, ""Originial publication or Follow-up"": ""Original publication"", ""Priamry Multiple, composite, or co-primary endpoints?"": ""Multiple"", ""Primary endpoint"": ""OS+PFS"", ""PubMed ID"": ""32271377"", ""Secondary endpoint"": ""PFS for durvalumab vs. chemotherapy; ORR and DOR in patients with PD-L1 TC ≥25%; safety and tolerability."", ""Total sample size"": 1118, ""Treatment regimen"": ""Durvalumab"", ""Trial name"": ""MYSTIC"", ""Trial phase"": ""Phase 3"", ""Type of combination"": null, ""Type of control"": ""Chemo"", ""Type of follow-up given"": ""Median"", ""Type of therapy"": ""Monotherapy"", ""Year"": 2020, ""__rowid__"": 99}"
row_262,262,"For Tremelimumab trials, bucket total sample size as small(<100), medium(100–299), or large(≥300).",Total sample size,"[""size_bucket""]",bert,column,13,0.6661206483840942,0,62,NCT02362594,29658430,EORTC 1325-MG/KEYNOTE-054,1019,"{""Author"": ""Eggermont AMM et al"", ""Cancer type"": ""Melanoma"", ""Class of ICI"": ""PD1"", ""Clincal setting in relation to surgery"": ""Adjuvant"", ""Clinical setting"": ""Adjuvant"", ""Control arm"": ""Placebo"", ""Control regimen"": ""Placebo"", ""Follow-up duration for primary endpoint(s) in months | Control"": ""15.4"", ""Follow-up duration for primary endpoint(s) in months | Overall"": ""15.1"", ""Follow-up duration for primary endpoint(s) in months | Rx"": ""14.7"", ""Included in MA"": ""Yes"", ""Is PD-L1 positivity inclusion criteria"": ""No"", ""Is any other biomarker used for inclusion"": ""No"", ""Lines of treatment"": null, ""Monotherapy/combination"": ""Monotherapy"", ""NCT"": ""NCT02362594"", ""Name of ICI"": ""Pembrolizumab"", ""Number of arms"": 2, ""Originial publication or Follow-up"": ""Original publication"", ""Priamry Multiple, composite, or co-primary endpoints?"": null, ""Primary endpoint"": ""PFS"", ""PubMed ID"": ""29658430"", ""Secondary endpoint"": ""Distant metastasis-free survival; OS; safety measures; measures of health-related quality of life."", ""Total sample size"": 1019, ""Treatment regimen"": ""Pembrolizumab"", ""Trial name"": ""EORTC 1325-MG/KEYNOTE-054"", ""Trial phase"": ""Phase 3"", ""Type of combination"": null, ""Type of control"": ""Placebo"", ""Type of follow-up given"": ""Median"", ""Type of therapy"": ""Monotherapy"", ""Year"": 2018, ""__rowid__"": 62}"
row_262,262,"For Tremelimumab trials, bucket total sample size as small(<100), medium(100–299), or large(≥300).",Total sample size,"[""size_bucket""]",bert,column,14,0.6661205887794495,0,141,NCT02362594,32946353,EORTC 1325-MG/KEYNOTE-054,1019,"{""Author"": ""Eggermont AMM et al"", ""Cancer type"": ""Melanoma"", ""Class of ICI"": ""PD1"", ""Clincal setting in relation to surgery"": ""Adjuvant"", ""Clinical setting"": ""Adjuvant"", ""Control arm"": ""Placebo"", ""Control regimen"": ""Placebo"", ""Follow-up duration for primary endpoint(s) in months | Control"": ""36.5"", ""Follow-up duration for primary endpoint(s) in months | Overall"": ""36.6"", ""Follow-up duration for primary endpoint(s) in months | Rx"": ""36.6"", ""Included in MA"": null, ""Is PD-L1 positivity inclusion criteria"": ""No"", ""Is any other biomarker used for inclusion"": ""No"", ""Lines of treatment"": ""Only 1st line of treatment for metastatic disease"", ""Monotherapy/combination"": ""Monotherapy"", ""NCT"": ""NCT02362594"", ""Name of ICI"": ""Pembrolizumab"", ""Number of arms"": 2, ""Originial publication or Follow-up"": ""Follow-up"", ""Priamry Multiple, composite, or co-primary endpoints?"": ""Co-primary"", ""Primary endpoint"": ""RFS"", ""PubMed ID"": ""32946353"", ""Secondary endpoint"": null, ""Total sample size"": 1019, ""Treatment regimen"": ""Pembrolizumab"", ""Trial name"": ""EORTC 1325-MG/KEYNOTE-054"", ""Trial phase"": ""Phase 3"", ""Type of combination"": null, ""Type of control"": ""Placebo"", ""Type of follow-up given"": ""Median"", ""Type of therapy"": ""Monotherapy"", ""Year"": 2020, ""__rowid__"": 141}"
row_262,262,"For Tremelimumab trials, bucket total sample size as small(<100), medium(100–299), or large(≥300).",Total sample size,"[""size_bucket""]",bert,column,15,0.6656633615493774,0,29,NCT01905657,26712084,Keynote-010,1034,"{""Author"": ""Herbst RS et al"", ""Cancer type"": ""Non-Small Cell Lung"", ""Class of ICI"": ""PD1"", ""Clincal setting in relation to surgery"": ""Metastatic+recurrent (unresectable)"", ""Clinical setting"": ""Metastatic+recurrent (unresectable)"", ""Control arm"": ""Chemo"", ""Control regimen"": ""Docetaxel"", ""Follow-up duration for primary endpoint(s) in months | Control"": ""8.5"", ""Follow-up duration for primary endpoint(s) in months | Overall"": null, ""Follow-up duration for primary endpoint(s) in months | Rx"": ""10.4(Pembrolizumab 2mg/kg)"", ""Included in MA"": ""Yes"", ""Is PD-L1 positivity inclusion criteria"": ""Yes"", ""Is any other biomarker used for inclusion"": ""No"", ""Lines of treatment"": ""Only 2nd or later line of treatment for metastatic disease"", ""Monotherapy/combination"": ""Monotherapy"", ""NCT"": ""NCT01905657"", ""Name of ICI"": ""Pembrolizumab"", ""Number of arms"": 3, ""Originial publication or Follow-up"": ""Original publication"", ""Priamry Multiple, composite, or co-primary endpoints?"": ""Multiple"", ""Primary endpoint"": ""OS+PFS"", ""PubMed ID"": ""26712084"", ""Secondary endpoint"": ""RR, DOR"", ""Total sample size"": 1034, ""Treatment regimen"": ""Pembrolizumab"", ""Trial name"": ""Keynote-010"", ""Trial phase"": ""Phase 2"", ""Type of combination"": null, ""Type of control"": ""Chemo"", ""Type of follow-up given"": ""Median"", ""Type of therapy"": ""Monotherapy"", ""Year"": 2016, ""__rowid__"": 29}"
row_262,262,"For Tremelimumab trials, bucket total sample size as small(<100), medium(100–299), or large(≥300).",Total sample size,"[""size_bucket""]",bert,column,16,0.6656633615493774,0,30,NCT01905657,26712084,Keynote-010,1034,"{""Author"": ""Herbst RS et al (1)"", ""Cancer type"": ""Non-Small Cell Lung"", ""Class of ICI"": ""PD1"", ""Clincal setting in relation to surgery"": ""Metastatic+recurrent (unresectable)"", ""Clinical setting"": ""Metastatic+recurrent (unresectable)"", ""Control arm"": ""Chemo"", ""Control regimen"": ""Docetaxel"", ""Follow-up duration for primary endpoint(s) in months | Control"": ""8.5"", ""Follow-up duration for primary endpoint(s) in months | Overall"": null, ""Follow-up duration for primary endpoint(s) in months | Rx"": ""12.7 (Pembrolizumab 10mg/kg)"", ""Included in MA"": ""Yes"", ""Is PD-L1 positivity inclusion criteria"": ""Yes"", ""Is any other biomarker used for inclusion"": ""No"", ""Lines of treatment"": ""Only 2nd or later line of treatment for metastatic disease"", ""Monotherapy/combination"": ""Monotherapy"", ""NCT"": ""NCT01905657"", ""Name of ICI"": ""Pembrolizumab"", ""Number of arms"": 3, ""Originial publication or Follow-up"": ""Original publication"", ""Priamry Multiple, composite, or co-primary endpoints?"": ""Multiple"", ""Primary endpoint"": ""OS+PFS"", ""PubMed ID"": ""26712084"", ""Secondary endpoint"": ""RR, DOR"", ""Total sample size"": 1034, ""Treatment regimen"": ""Pembrolizumab"", ""Trial name"": ""Keynote-010"", ""Trial phase"": ""Phase 2"", ""Type of combination"": null, ""Type of control"": ""Chemo"", ""Type of follow-up given"": ""Median"", ""Type of therapy"": ""Monotherapy"", ""Year"": 2016, ""__rowid__"": 30}"
row_262,262,"For Tremelimumab trials, bucket total sample size as small(<100), medium(100–299), or large(≥300).",Total sample size,"[""size_bucket""]",bert,column,17,0.6652504205703735,0,22,NCT02420821,31079938,IMmotion151,915,"{""Author"": ""Rini BI et al"", ""Cancer type"": ""Renal cell"", ""Class of ICI"": ""PD-L1"", ""Clincal setting in relation to surgery"": ""Metastatic+recurrent (unresectable)"", ""Clinical setting"": ""Metastatic+recurrent (unresectable)"", ""Control arm"": ""TKI"", ""Control regimen"": ""Sunitinib"", ""Follow-up duration for primary endpoint(s) in months | Control"": null, ""Follow-up duration for primary endpoint(s) in months | Overall"": ""24, 15"", ""Follow-up duration for primary endpoint(s) in months | Rx"": null, ""Included in MA"": ""Yes"", ""Is PD-L1 positivity inclusion criteria"": ""No"", ""Is any other biomarker used for inclusion"": ""No"", ""Lines of treatment"": ""Only 1st line of treatment for metastatic disease"", ""Monotherapy/combination"": ""Combination"", ""NCT"": ""NCT02420821"", ""Name of ICI"": ""Atezolizumab"", ""Number of arms"": 2, ""Originial publication or Follow-up"": ""Original publication"", ""Priamry Multiple, composite, or co-primary endpoints?"": ""Co-primary"", ""Primary endpoint"": ""OS+PFS"", ""PubMed ID"": ""31079938"", ""Secondary endpoint"": ""OS in PD-L1 positive population; PFS in the ITT population; proportion of patients who achieved an objective response; duration of response; patient-reported outcomes; safety"", ""Total sample size"": 915, ""Treatment regimen"": ""Atezolizumab+Bevacizumab"", ""Trial name"": ""IMmotion151"", ""Trial phase"": ""Phase 3"", ""Type of combination"": ""ICI+Anti-VEGF"", ""Type of control"": ""TKI"", ""Type of follow-up given"": ""Median"", ""Type of therapy"": ""Combination"", ""Year"": 2019, ""__rowid__"": 22}"
row_262,262,"For Tremelimumab trials, bucket total sample size as small(<100), medium(100–299), or large(≥300).",Total sample size,"[""size_bucket""]",bert,column,18,0.665152370929718,0,56,NCT02613507,30659987,Checkmate 078,504,"{""Author"": ""Wu YL et al"", ""Cancer type"": ""Non-Small Cell Lung"", ""Class of ICI"": ""PD1"", ""Clincal setting in relation to surgery"": ""Metastatic+recurrent (unresectable)"", ""Clinical setting"": ""Metastatic+recurrent (unresectable)"", ""Control arm"": ""Chemo"", ""Control regimen"": ""Docetaxel"", ""Follow-up duration for primary endpoint(s) in months | Control"": ""MEDIAN 8.8"", ""Follow-up duration for primary endpoint(s) in months | Overall"": ""8.8"", ""Follow-up duration for primary endpoint(s) in months | Rx"": ""MEDIAN 10.4"", ""Included in MA"": ""Yes"", ""Is PD-L1 positivity inclusion criteria"": ""No"", ""Is any other biomarker used for inclusion"": ""No"", ""Lines of treatment"": ""Only 2nd or later line of treatment for metastatic disease"", ""Monotherapy/combination"": ""Monotherapy"", ""NCT"": ""NCT02613507"", ""Name of ICI"": ""Nivolumab"", ""Number of arms"": 2, ""Originial publication or Follow-up"": ""Original publication"", ""Priamry Multiple, composite, or co-primary endpoints?"": null, ""Primary endpoint"": ""OS"", ""PubMed ID"": ""30659987"", ""Secondary endpoint"": null, ""Total sample size"": 504, ""Treatment regimen"": ""Nivolumab"", ""Trial name"": ""Checkmate 078"", ""Trial phase"": ""Phase 3"", ""Type of combination"": null, ""Type of control"": ""Chemo"", ""Type of follow-up given"": ""Minimum"", ""Type of therapy"": ""Monotherapy"", ""Year"": 2019, ""__rowid__"": 56}"
row_262,262,"For Tremelimumab trials, bucket total sample size as small(<100), medium(100–299), or large(≥300).",Total sample size,"[""size_bucket""]",bert,column,19,0.6645002365112305,0,148,NCT03141177,33657295,CheckMate 9ER,651,"{""Author"": ""Choueiri TK et al"", ""Cancer type"": ""Renal cell"", ""Class of ICI"": ""PD1"", ""Clincal setting in relation to surgery"": ""Metastatic+recurrent (unresectable)"", ""Clinical setting"": ""Metastatic+recurrent (unresectable)"", ""Control arm"": ""TKI"", ""Control regimen"": ""Sunitinib"", ""Follow-up duration for primary endpoint(s) in months | Control"": null, ""Follow-up duration for primary endpoint(s) in months | Overall"": ""18.1"", ""Follow-up duration for primary endpoint(s) in months | Rx"": null, ""Included in MA"": null, ""Is PD-L1 positivity inclusion criteria"": ""No"", ""Is any other biomarker used for inclusion"": ""No"", ""Lines of treatment"": ""Only 1st line of treatment for metastatic disease"", ""Monotherapy/combination"": ""Combination"", ""NCT"": ""NCT03141177"", ""Name of ICI"": ""Nivolumab"", ""Number of arms"": 2, ""Originial publication or Follow-up"": ""Original publication"", ""Priamry Multiple, composite, or co-primary endpoints?"": null, ""Primary endpoint"": ""PFS"", ""PubMed ID"": ""33657295"", ""Secondary endpoint"": ""OS; ORR; safety"", ""Total sample size"": 651, ""Treatment regimen"": ""Nivolumab+Cabozantinib"", ""Trial name"": ""CheckMate 9ER"", ""Trial phase"": ""Phase 3"", ""Type of combination"": ""ICI+TKI"", ""Type of control"": ""TKI"", ""Type of follow-up given"": ""Median"", ""Type of therapy"": ""Combination"", ""Year"": 2021, ""__rowid__"": 148}"
row_262,262,"For Tremelimumab trials, bucket total sample size as small(<100), medium(100–299), or large(≥300).",Total sample size,"[""size_bucket""]",bert,column,20,0.6638407111167908,0,71,NCT01721772,25399552,CheckMate 066,418,"{""Author"": ""Robert C et al"", ""Cancer type"": ""Melanoma"", ""Class of ICI"": ""PD1"", ""Clincal setting in relation to surgery"": ""Metastatic+recurrent (unresectable)"", ""Clinical setting"": ""Metastatic+recurrent (unresectable)"", ""Control arm"": ""Chemo"", ""Control regimen"": ""Dacarbazine"", ""Follow-up duration for primary endpoint(s) in months | Control"": null, ""Follow-up duration for primary endpoint(s) in months | Overall"": ""16.7"", ""Follow-up duration for primary endpoint(s) in months | Rx"": null, ""Included in MA"": ""Yes"", ""Is PD-L1 positivity inclusion criteria"": ""No"", ""Is any other biomarker used for inclusion"": ""Yes"", ""Lines of treatment"": ""Only 1st line of treatment for metastatic disease"", ""Monotherapy/combination"": ""Monotherapy"", ""NCT"": ""NCT01721772"", ""Name of ICI"": ""Nivolumab"", ""Number of arms"": 2, ""Originial publication or Follow-up"": ""Original publication"", ""Priamry Multiple, composite, or co-primary endpoints?"": null, ""Primary endpoint"": ""OS"", ""PubMed ID"": ""25399552"", ""Secondary endpoint"": ""Investigator-assessed PFS and objective response; tumor PD-L1 expression as a predictive biomarker of OS."", ""Total sample size"": 418, ""Treatment regimen"": ""Nivolumab"", ""Trial name"": ""CheckMate 066"", ""Trial phase"": ""Phase 3"", ""Type of combination"": null, ""Type of control"": ""Chemo"", ""Type of follow-up given"": ""Upto"", ""Type of therapy"": ""Monotherapy"", ""Year"": 2015, ""__rowid__"": 71}"
row_262,262,"For Tremelimumab trials, bucket total sample size as small(<100), medium(100–299), or large(≥300).",Total sample size,"[""size_bucket""]",bert,row,1,0.7508180737495422,0,118,NCT00094653,23942774,MDX010-20,676,"{""Author"": ""McDermott D et al (1)"", ""Cancer type"": ""Melanoma"", ""Class of ICI"": ""CTLA-4"", ""Clincal setting in relation to surgery"": ""Metastatic+recurrent (unresectable)"", ""Clinical setting"": ""Metastatic+recurrent (unresectable)"", ""Control arm"": ""Vaccine"", ""Control regimen"": ""Gp100 vaccine"", ""Follow-up duration for primary endpoint(s) in months | Control"": ""24"", ""Follow-up duration for primary endpoint(s) in months | Overall"": null, ""Follow-up duration for primary endpoint(s) in months | Rx"": ""24"", ""Included in MA"": ""No"", ""Is PD-L1 positivity inclusion criteria"": ""No"", ""Is any other biomarker used for inclusion"": ""Yes"", ""Lines of treatment"": ""Only 2nd or later line of treatment for metastatic disease"", ""Monotherapy/combination"": ""Combination"", ""NCT"": ""NCT00094653"", ""Name of ICI"": ""Ipilimumab"", ""Number of arms"": 3, ""Originial publication or Follow-up"": ""Follow-up"", ""Priamry Multiple, composite, or co-primary endpoints?"": null, ""Primary endpoint"": ""OS"", ""PubMed ID"": ""23942774"", ""Secondary endpoint"": ""DOS, responses, and safety among patients with ≥2 years’ survival."", ""Total sample size"": 676, ""Treatment regimen"": ""Ipilimumab+Gp100 Vaccine"", ""Trial name"": ""MDX010-20"", ""Trial phase"": ""Phase 3"", ""Type of combination"": ""ICI+Vaccine"", ""Type of control"": ""Vaccine"", ""Type of follow-up given"": ""Minimum"", ""Type of therapy"": ""Combination"", ""Year"": 2013, ""__rowid__"": 118}"
row_262,262,"For Tremelimumab trials, bucket total sample size as small(<100), medium(100–299), or large(≥300).",Total sample size,"[""size_bucket""]",bert,row,2,0.7499090433120728,0,60,NCT00094653,20525992,MDX010-20,676,"{""Author"": ""Hodi FS et al (1)"", ""Cancer type"": ""Melanoma"", ""Class of ICI"": ""CTLA-4"", ""Clincal setting in relation to surgery"": ""Metastatic+recurrent (unresectable)"", ""Clinical setting"": ""Metastatic+recurrent (unresectable)"", ""Control arm"": ""Vaccine"", ""Control regimen"": ""Gp100 vaccine"", ""Follow-up duration for primary endpoint(s) in months | Control"": ""17.2"", ""Follow-up duration for primary endpoint(s) in months | Overall"": null, ""Follow-up duration for primary endpoint(s) in months | Rx"": ""21"", ""Included in MA"": ""Yes"", ""Is PD-L1 positivity inclusion criteria"": ""No"", ""Is any other biomarker used for inclusion"": ""Yes"", ""Lines of treatment"": ""Only 2nd or later line of treatment for metastatic disease"", ""Monotherapy/combination"": ""Combination"", ""NCT"": ""NCT00094653"", ""Name of ICI"": ""Ipilimumab"", ""Number of arms"": 3, ""Originial publication or Follow-up"": ""Original publication"", ""Priamry Multiple, composite, or co-primary endpoints?"": null, ""Primary endpoint"": ""OS"", ""PubMed ID"": ""20525992"", ""Secondary endpoint"": ""Comparison of OS between ipilimumab-alone and gp100-alone groups and between the two ipilimumab groups; best ORR; duration of response; PFS."", ""Total sample size"": 676, ""Treatment regimen"": ""Ipilimumab+Gp100 Vaccine"", ""Trial name"": ""MDX010-20"", ""Trial phase"": ""Phase 3"", ""Type of combination"": ""ICI+Vaccine"", ""Type of control"": ""Vaccine"", ""Type of follow-up given"": ""Median"", ""Type of therapy"": ""Combination"", ""Year"": 2010, ""__rowid__"": 60}"
row_262,262,"For Tremelimumab trials, bucket total sample size as small(<100), medium(100–299), or large(≥300).",Total sample size,"[""size_bucket""]",bert,row,3,0.7487740516662598,0,78,NCT02267343,31863227,ATTRACTION-2,493,"{""Author"": ""Chen LT et al"", ""Cancer type"": ""Gastric/GEJ"", ""Class of ICI"": ""PD1"", ""Clincal setting in relation to surgery"": ""Metastatic+recurrent (unresectable)"", ""Clinical setting"": ""Metastatic+recurrent (unresectable)"", ""Control arm"": ""Placebo"", ""Control regimen"": ""Placebo"", ""Follow-up duration for primary endpoint(s) in months | Control"": null, ""Follow-up duration for primary endpoint(s) in months | Overall"": ""27.3"", ""Follow-up duration for primary endpoint(s) in months | Rx"": null, ""Included in MA"": ""Yes"", ""Is PD-L1 positivity inclusion criteria"": ""No"", ""Is any other biomarker used for inclusion"": ""No"", ""Lines of treatment"": ""Only 2nd or later line of treatment for metastatic disease"", ""Monotherapy/combination"": ""Monotherapy"", ""NCT"": ""NCT02267343"", ""Name of ICI"": ""Nivolumab"", ""Number of arms"": 2, ""Originial publication or Follow-up"": ""Follow-up"", ""Priamry Multiple, composite, or co-primary endpoints?"": null, ""Primary endpoint"": ""OS"", ""PubMed ID"": ""31863227"", ""Secondary endpoint"": ""PFS, ORR, disease control rate, DoR, time to response, best overall response, the maximum percentage change from baseline in the sum of diameters of target lesions."", ""Total sample size"": 493, ""Treatment regimen"": ""Nivolumab"", ""Trial name"": ""ATTRACTION-2"", ""Trial phase"": ""Phase 3"", ""Type of combination"": null, ""Type of control"": ""Placebo"", ""Type of follow-up given"": ""Median"", ""Type of therapy"": ""Monotherapy"", ""Year"": 2019, ""__rowid__"": 78}"
row_262,262,"For Tremelimumab trials, bucket total sample size as small(<100), medium(100–299), or large(≥300).",Total sample size,"[""size_bucket""]",bert,row,4,0.7487492561340332,0,9,NCT02267343,28993052,ATTRACTION-2,493,"{""Author"": ""Kang YK et al"", ""Cancer type"": ""Gastric/GEJ"", ""Class of ICI"": ""PD1"", ""Clincal setting in relation to surgery"": ""Metastatic+recurrent (unresectable)"", ""Clinical setting"": ""Metastatic+recurrent (unresectable)"", ""Control arm"": ""Placebo"", ""Control regimen"": ""Placebo"", ""Follow-up duration for primary endpoint(s) in months | Control"": ""8.59"", ""Follow-up duration for primary endpoint(s) in months | Overall"": null, ""Follow-up duration for primary endpoint(s) in months | Rx"": ""8.87"", ""Included in MA"": ""Yes"", ""Is PD-L1 positivity inclusion criteria"": ""No"", ""Is any other biomarker used for inclusion"": ""No"", ""Lines of treatment"": ""Only 2nd or later line of treatment for metastatic disease"", ""Monotherapy/combination"": ""Monotherapy"", ""NCT"": ""NCT02267343"", ""Name of ICI"": ""Nivolumab"", ""Number of arms"": 2, ""Originial publication or Follow-up"": ""Original publication"", ""Priamry Multiple, composite, or co-primary endpoints?"": null, ""Primary endpoint"": ""OS"", ""PubMed ID"": ""28993052"", ""Secondary endpoint"": ""PFS, ORR, disease control rate, DoR, time to response, best overall response, the maximum percentage change from baseline in the sum of diameters of target lesions."", ""Total sample size"": 493, ""Treatment regimen"": ""Nivolumab"", ""Trial name"": ""ATTRACTION-2"", ""Trial phase"": ""Phase 3"", ""Type of combination"": null, ""Type of control"": ""Placebo"", ""Type of follow-up given"": ""Median"", ""Type of therapy"": ""Monotherapy"", ""Year"": 2017, ""__rowid__"": 9}"
row_262,262,"For Tremelimumab trials, bucket total sample size as small(<100), medium(100–299), or large(≥300).",Total sample size,"[""size_bucket""]",bert,row,5,0.748460054397583,0,59,NCT00094653,20525992,MDX010-20,676,"{""Author"": ""Hodi FS et al"", ""Cancer type"": ""Melanoma"", ""Class of ICI"": ""CTLA-4"", ""Clincal setting in relation to surgery"": ""Metastatic+recurrent (unresectable)"", ""Clinical setting"": ""Metastatic+recurrent (unresectable)"", ""Control arm"": ""Vaccine"", ""Control regimen"": ""Gp100 vaccine"", ""Follow-up duration for primary endpoint(s) in months | Control"": ""17.2"", ""Follow-up duration for primary endpoint(s) in months | Overall"": null, ""Follow-up duration for primary endpoint(s) in months | Rx"": ""27.8"", ""Included in MA"": ""Yes"", ""Is PD-L1 positivity inclusion criteria"": ""No"", ""Is any other biomarker used for inclusion"": ""Yes"", ""Lines of treatment"": ""Only 2nd or later line of treatment for metastatic disease"", ""Monotherapy/combination"": ""Monotherapy"", ""NCT"": ""NCT00094653"", ""Name of ICI"": ""Ipilimumab"", ""Number of arms"": 3, ""Originial publication or Follow-up"": ""Original publication"", ""Priamry Multiple, composite, or co-primary endpoints?"": null, ""Primary endpoint"": ""OS"", ""PubMed ID"": ""20525992"", ""Secondary endpoint"": ""Comparison of OS between ipilimumab-alone and gp100-alone groups and between the two ipilimumab groups; best ORR; duration of response; PFS."", ""Total sample size"": 676, ""Treatment regimen"": ""Ipilimumab"", ""Trial name"": ""MDX010-20"", ""Trial phase"": ""Phase 3"", ""Type of combination"": null, ""Type of control"": ""Vaccine"", ""Type of follow-up given"": ""Median"", ""Type of therapy"": ""Monotherapy"", ""Year"": 2010, ""__rowid__"": 59}"
row_262,262,"For Tremelimumab trials, bucket total sample size as small(<100), medium(100–299), or large(≥300).",Total sample size,"[""size_bucket""]",bert,row,6,0.7482883930206299,0,100,NCT02453282,32271377,MYSTIC,1118,"{""Author"": ""Rizvi NA et al (1)"", ""Cancer type"": ""Non-Small Cell Lung"", ""Class of ICI"": ""PD-L1, CTLA-4"", ""Clincal setting in relation to surgery"": ""Metastatic+recurrent (unresectable)"", ""Clinical setting"": ""Metastatic+recurrent (unresectable)"", ""Control arm"": ""Chemo"", ""Control regimen"": ""Investigator's choice chemotherapy"", ""Follow-up duration for primary endpoint(s) in months | Control"": null, ""Follow-up duration for primary endpoint(s) in months | Overall"": ""30.2, 10.6"", ""Follow-up duration for primary endpoint(s) in months | Rx"": null, ""Included in MA"": ""Yes"", ""Is PD-L1 positivity inclusion criteria"": ""No"", ""Is any other biomarker used for inclusion"": ""Yes"", ""Lines of treatment"": ""Only 1st line of treatment for metastatic disease"", ""Monotherapy/combination"": ""Combination"", ""NCT"": ""NCT02453282"", ""Name of ICI"": ""Durvalumab, Tremelimumab"", ""Number of arms"": 3, ""Originial publication or Follow-up"": ""Original publication"", ""Priamry Multiple, composite, or co-primary endpoints?"": ""Multiple"", ""Primary endpoint"": ""OS+PFS"", ""PubMed ID"": ""32271377"", ""Secondary endpoint"": ""PFS for durvalumab vs. chemotherapy; ORR and DOR in patients with PD-L1 TC ≥25%; safety and tolerability."", ""Total sample size"": 1118, ""Treatment regimen"": ""Durvalumab+Tremelimumab"", ""Trial name"": ""MYSTIC"", ""Trial phase"": ""Phase 3"", ""Type of combination"": ""ICI+ICI"", ""Type of control"": ""Chemo"", ""Type of follow-up given"": ""Median"", ""Type of therapy"": ""Combination"", ""Year"": 2020, ""__rowid__"": 100}"
row_262,262,"For Tremelimumab trials, bucket total sample size as small(<100), medium(100–299), or large(≥300).",Total sample size,"[""size_bucket""]",bert,row,7,0.748173177242279,0,119,NCT03051659,32880602,,90,"{""Author"": ""Tolaney SM et al"", ""Cancer type"": ""Breast"", ""Class of ICI"": ""PD1"", ""Clincal setting in relation to surgery"": ""Metastatic+recurrent (unresectable)"", ""Clinical setting"": ""Metastatic+recurrent (unresectable)"", ""Control arm"": ""Chemo"", ""Control regimen"": ""Eribulin"", ""Follow-up duration for primary endpoint(s) in months | Control"": null, ""Follow-up duration for primary endpoint(s) in months | Overall"": ""10.5"", ""Follow-up duration for primary endpoint(s) in months | Rx"": null, ""Included in MA"": null, ""Is PD-L1 positivity inclusion criteria"": ""No"", ""Is any other biomarker used for inclusion"": ""Yes"", ""Lines of treatment"": ""Only 2nd or later line of treatment for metastatic disease"", ""Monotherapy/combination"": ""Combination"", ""NCT"": ""NCT03051659"", ""Name of ICI"": ""Pembrolizumab"", ""Number of arms"": 2, ""Originial publication or Follow-up"": ""Original publication"", ""Priamry Multiple, composite, or co-primary endpoints?"": null, ""Primary endpoint"": ""PFS"", ""PubMed ID"": ""32880602"", ""Secondary endpoint"": ""PFS per irRECIST, ORR, OS, DoR, clinical benefit rate, safety, tolerability"", ""Total sample size"": 90, ""Treatment regimen"": ""Pembrolizumab+Eribulin"", ""Trial name"": null, ""Trial phase"": ""Phase 2"", ""Type of combination"": ""ICI+Chemo"", ""Type of control"": ""Chemo"", ""Type of follow-up given"": ""Median"", ""Type of therapy"": ""Combination"", ""Year"": 2020, ""__rowid__"": 119}"
row_262,262,"For Tremelimumab trials, bucket total sample size as small(<100), medium(100–299), or large(≥300).",Total sample size,"[""size_bucket""]",bert,row,8,0.7478616833686829,0,10,NCT02625623,30052729,JAVELIN Gastric 300,371,"{""Author"": ""Bang YJ et al"", ""Cancer type"": ""Gastric/GEJ"", ""Class of ICI"": ""PD-L1"", ""Clincal setting in relation to surgery"": ""Metastatic+recurrent (unresectable)"", ""Clinical setting"": ""Metastatic+recurrent (unresectable)"", ""Control arm"": ""Best supportive care"", ""Control regimen"": ""Best supportive care (+/-paclitaxel, irinotecan)"", ""Follow-up duration for primary endpoint(s) in months | Control"": null, ""Follow-up duration for primary endpoint(s) in months | Overall"": ""10.6"", ""Follow-up duration for primary endpoint(s) in months | Rx"": null, ""Included in MA"": ""Yes"", ""Is PD-L1 positivity inclusion criteria"": ""No"", ""Is any other biomarker used for inclusion"": ""No"", ""Lines of treatment"": ""Only 2nd or later line of treatment for metastatic disease"", ""Monotherapy/combination"": ""Monotherapy"", ""NCT"": ""NCT02625623"", ""Name of ICI"": ""Avelumab"", ""Number of arms"": 2, ""Originial publication or Follow-up"": ""Original publication"", ""Priamry Multiple, composite, or co-primary endpoints?"": null, ""Primary endpoint"": ""OS"", ""PubMed ID"": ""30052729"", ""Secondary endpoint"": ""PFS, ORR per independent review committee assessment, safety, tolerability"", ""Total sample size"": 371, ""Treatment regimen"": ""Avelumab"", ""Trial name"": ""JAVELIN Gastric 300"", ""Trial phase"": ""Phase 3"", ""Type of combination"": null, ""Type of control"": ""Best supportive care"", ""Type of follow-up given"": ""Median"", ""Type of therapy"": ""Monotherapy"", ""Year"": 2018, ""__rowid__"": 10}"
row_262,262,"For Tremelimumab trials, bucket total sample size as small(<100), medium(100–299), or large(≥300).",Total sample size,"[""size_bucket""]",bert,row,9,0.7470805644989014,0,99,NCT02453282,32271377,MYSTIC,1118,"{""Author"": ""Rizvi NA et al"", ""Cancer type"": ""Non-Small Cell Lung"", ""Class of ICI"": ""PD-L1"", ""Clincal setting in relation to surgery"": ""Metastatic+recurrent (unresectable)"", ""Clinical setting"": ""Metastatic+recurrent (unresectable)"", ""Control arm"": ""Chemo"", ""Control regimen"": ""Investigator's choice chemotherapy"", ""Follow-up duration for primary endpoint(s) in months | Control"": null, ""Follow-up duration for primary endpoint(s) in months | Overall"": ""30.2, 10.6"", ""Follow-up duration for primary endpoint(s) in months | Rx"": null, ""Included in MA"": ""Yes"", ""Is PD-L1 positivity inclusion criteria"": ""No"", ""Is any other biomarker used for inclusion"": ""Yes"", ""Lines of treatment"": ""Only 1st line of treatment for metastatic disease"", ""Monotherapy/combination"": ""Monotherapy"", ""NCT"": ""NCT02453282"", ""Name of ICI"": ""Durvalumab"", ""Number of arms"": 3, ""Originial publication or Follow-up"": ""Original publication"", ""Priamry Multiple, composite, or co-primary endpoints?"": ""Multiple"", ""Primary endpoint"": ""OS+PFS"", ""PubMed ID"": ""32271377"", ""Secondary endpoint"": ""PFS for durvalumab vs. chemotherapy; ORR and DOR in patients with PD-L1 TC ≥25%; safety and tolerability."", ""Total sample size"": 1118, ""Treatment regimen"": ""Durvalumab"", ""Trial name"": ""MYSTIC"", ""Trial phase"": ""Phase 3"", ""Type of combination"": null, ""Type of control"": ""Chemo"", ""Type of follow-up given"": ""Median"", ""Type of therapy"": ""Monotherapy"", ""Year"": 2020, ""__rowid__"": 99}"
row_262,262,"For Tremelimumab trials, bucket total sample size as small(<100), medium(100–299), or large(≥300).",Total sample size,"[""size_bucket""]",bert,row,10,0.7469745874404907,0,120,NCT02494583,32880601,Keynote-062,763,"{""Author"": ""Shitara K et al"", ""Cancer type"": ""Gastric/GEJ"", ""Class of ICI"": ""PD1"", ""Clincal setting in relation to surgery"": ""Metastatic+recurrent (unresectable)"", ""Clinical setting"": ""Metastatic+recurrent (unresectable)"", ""Control arm"": ""Chemo"", ""Control regimen"": ""Placebo+Cisplatin+5-FU+Capecitabine"", ""Follow-up duration for primary endpoint(s) in months | Control"": null, ""Follow-up duration for primary endpoint(s) in months | Overall"": ""29.4"", ""Follow-up duration for primary endpoint(s) in months | Rx"": null, ""Included in MA"": null, ""Is PD-L1 positivity inclusion criteria"": ""Yes"", ""Is any other biomarker used for inclusion"": ""Yes"", ""Lines of treatment"": ""Only 1st line of treatment for metastatic disease"", ""Monotherapy/combination"": ""Monotherapy"", ""NCT"": ""NCT02494583"", ""Name of ICI"": ""Pembrolizumab"", ""Number of arms"": 3, ""Originial publication or Follow-up"": ""Original publication"", ""Priamry Multiple, composite, or co-primary endpoints?"": ""Multiple"", ""Primary endpoint"": ""OS+PFS"", ""PubMed ID"": ""32880601"", ""Secondary endpoint"": ""ORR, DoR, safety, tolerability, HRQOL"", ""Total sample size"": 763, ""Treatment regimen"": ""Pembrolizumab"", ""Trial name"": ""Keynote-062"", ""Trial phase"": ""Phase 3"", ""Type of combination"": null, ""Type of control"": ""Chemo"", ""Type of follow-up given"": ""Median"", ""Type of therapy"": ""Monotherapy"", ""Year"": 2020, ""__rowid__"": 120}"
row_262,262,"For Tremelimumab trials, bucket total sample size as small(<100), medium(100–299), or large(≥300).",Total sample size,"[""size_bucket""]",bert,row,11,0.746584415435791,0,101,NCT02231749,32661118,CheckMate 214,1096,"{""Author"": ""Motzer RJ et al"", ""Cancer type"": ""Renal cell"", ""Class of ICI"": ""PD1, CTLA-4"", ""Clincal setting in relation to surgery"": ""Metastatic+recurrent (unresectable)"", ""Clinical setting"": ""Metastatic+recurrent (unresectable)"", ""Control arm"": ""TKI"", ""Control regimen"": ""Sunitinib"", ""Follow-up duration for primary endpoint(s) in months | Control"": null, ""Follow-up duration for primary endpoint(s) in months | Overall"": ""42"", ""Follow-up duration for primary endpoint(s) in months | Rx"": null, ""Included in MA"": ""Yes"", ""Is PD-L1 positivity inclusion criteria"": ""No"", ""Is any other biomarker used for inclusion"": ""No"", ""Lines of treatment"": ""Only 1st line of treatment for metastatic disease"", ""Monotherapy/combination"": ""Combination"", ""NCT"": ""NCT02231749"", ""Name of ICI"": ""Nivolumab, Ipilimumab"", ""Number of arms"": 2, ""Originial publication or Follow-up"": ""Follow-up"", ""Priamry Multiple, composite, or co-primary endpoints?"": ""Co-primary"", ""Primary endpoint"": ""OS+PFS+ORR"", ""PubMed ID"": ""32661118"", ""Secondary endpoint"": ""ORR, PFS and OS in ITT population; incidence rate of AEs."", ""Total sample size"": 1096, ""Treatment regimen"": ""Nivolumab+Ipilimumab"", ""Trial name"": ""CheckMate 214"", ""Trial phase"": ""Phase 3"", ""Type of combination"": ""ICI+ICI"", ""Type of control"": ""TKI"", ""Type of follow-up given"": ""Minimum"", ""Type of therapy"": ""Combination"", ""Year"": 2020, ""__rowid__"": 101}"
row_262,262,"For Tremelimumab trials, bucket total sample size as small(<100), medium(100–299), or large(≥300).",Total sample size,"[""size_bucket""]",bert,row,12,0.7464951276779175,0,8,NCT01585987,28655793,,114,"{""Author"": ""Bang YJ et al"", ""Cancer type"": ""Gastric/GEJ"", ""Class of ICI"": ""CTLA-4"", ""Clincal setting in relation to surgery"": ""Metastatic+recurrent (unresectable)"", ""Clinical setting"": ""Metastatic+recurrent (unresectable)"", ""Control arm"": ""Best supportive care"", ""Control regimen"": ""Best supportive care (+/-fluoropyrimidine)"", ""Follow-up duration for primary endpoint(s) in months | Control"": null, ""Follow-up duration for primary endpoint(s) in months | Overall"": null, ""Follow-up duration for primary endpoint(s) in months | Rx"": null, ""Included in MA"": ""Yes"", ""Is PD-L1 positivity inclusion criteria"": ""No"", ""Is any other biomarker used for inclusion"": ""No"", ""Lines of treatment"": ""Only 2nd or later line of treatment for metastatic disease"", ""Monotherapy/combination"": ""Monotherapy"", ""NCT"": ""NCT01585987"", ""Name of ICI"": ""Ipilimumab"", ""Number of arms"": 2, ""Originial publication or Follow-up"": ""Original publication"", ""Priamry Multiple, composite, or co-primary endpoints?"": null, ""Primary endpoint"": ""PFS"", ""PubMed ID"": ""28655793"", ""Secondary endpoint"": ""PFS by mWHO criteria, OS, immune-related best overall response rate (irBORR)"", ""Total sample size"": 114, ""Treatment regimen"": ""Ipilimumab"", ""Trial name"": null, ""Trial phase"": ""Phase 2"", ""Type of combination"": null, ""Type of control"": ""Best supportive care"", ""Type of follow-up given"": null, ""Type of therapy"": ""Monotherapy"", ""Year"": 2017, ""__rowid__"": 8}"
row_262,262,"For Tremelimumab trials, bucket total sample size as small(<100), medium(100–299), or large(≥300).",Total sample size,"[""size_bucket""]",bert,row,13,0.7461817264556885,0,117,NCT00094653,23942774,MDX010-20,676,"{""Author"": ""McDermott D et al"", ""Cancer type"": ""Melanoma"", ""Class of ICI"": ""CTLA-4"", ""Clincal setting in relation to surgery"": ""Metastatic+recurrent (unresectable)"", ""Clinical setting"": ""Metastatic+recurrent (unresectable)"", ""Control arm"": ""Vaccine"", ""Control regimen"": ""Gp100 vaccine"", ""Follow-up duration for primary endpoint(s) in months | Control"": ""24"", ""Follow-up duration for primary endpoint(s) in months | Overall"": null, ""Follow-up duration for primary endpoint(s) in months | Rx"": ""24"", ""Included in MA"": ""No"", ""Is PD-L1 positivity inclusion criteria"": ""No"", ""Is any other biomarker used for inclusion"": ""Yes"", ""Lines of treatment"": ""Only 2nd or later line of treatment for metastatic disease"", ""Monotherapy/combination"": ""Monotherapy"", ""NCT"": ""NCT00094653"", ""Name of ICI"": ""Ipilimumab"", ""Number of arms"": 3, ""Originial publication or Follow-up"": ""Follow-up"", ""Priamry Multiple, composite, or co-primary endpoints?"": null, ""Primary endpoint"": ""OS"", ""PubMed ID"": ""23942774"", ""Secondary endpoint"": ""DOS, responses, and safety among patients with ≥2 years’ survival."", ""Total sample size"": 676, ""Treatment regimen"": ""Ipilimumab"", ""Trial name"": ""MDX010-20"", ""Trial phase"": ""Phase 3"", ""Type of combination"": null, ""Type of control"": ""Vaccine"", ""Type of follow-up given"": ""Minimum"", ""Type of therapy"": ""Monotherapy"", ""Year"": 2013, ""__rowid__"": 117}"
row_262,262,"For Tremelimumab trials, bucket total sample size as small(<100), medium(100–299), or large(≥300).",Total sample size,"[""size_bucket""]",bert,row,14,0.7461457252502441,0,128,NCT02899299,33485464,CheckMate 743,605,"{""Author"": ""Baas P et al."", ""Cancer type"": ""Mesothelioma"", ""Class of ICI"": ""PD1, CTLA-4"", ""Clincal setting in relation to surgery"": ""Metastatic+recurrent (unresectable)"", ""Clinical setting"": ""Metastatic+recurrent (unresectable)"", ""Control arm"": ""Chemo"", ""Control regimen"": ""Pemetrexed+Cisplatin/Carboplatin"", ""Follow-up duration for primary endpoint(s) in months | Control"": null, ""Follow-up duration for primary endpoint(s) in months | Overall"": ""29.7"", ""Follow-up duration for primary endpoint(s) in months | Rx"": null, ""Included in MA"": null, ""Is PD-L1 positivity inclusion criteria"": ""No"", ""Is any other biomarker used for inclusion"": ""No"", ""Lines of treatment"": ""Only 1st line of treatment for metastatic disease"", ""Monotherapy/combination"": ""Combination"", ""NCT"": ""NCT02899299"", ""Name of ICI"": ""Nivolumab, Ipilimumab"", ""Number of arms"": 2, ""Originial publication or Follow-up"": ""Original publication"", ""Priamry Multiple, composite, or co-primary endpoints?"": null, ""Primary endpoint"": ""OS"", ""PubMed ID"": ""33485464"", ""Secondary endpoint"": ""PFS, ORR, time to response, DoR, DCR"", ""Total sample size"": 605, ""Treatment regimen"": ""Nivolumab+Ipilimumab"", ""Trial name"": ""CheckMate 743"", ""Trial phase"": ""Phase 3"", ""Type of combination"": ""ICI+ICI"", ""Type of control"": ""Chemo"", ""Type of follow-up given"": ""Median"", ""Type of therapy"": ""Combination"", ""Year"": 2021, ""__rowid__"": 128}"
row_262,262,"For Tremelimumab trials, bucket total sample size as small(<100), medium(100–299), or large(≥300).",Total sample size,"[""size_bucket""]",bert,row,15,0.7458971738815308,0,17,NCT01984242,29867230,IMmotion150,305,"{""Author"": ""McDermott DF et al (1)"", ""Cancer type"": ""Renal cell"", ""Class of ICI"": ""PD-L1"", ""Clincal setting in relation to surgery"": ""Metastatic+recurrent (unresectable)"", ""Clinical setting"": ""Metastatic+recurrent (unresectable)"", ""Control arm"": ""TKI"", ""Control regimen"": ""Sunitinib"", ""Follow-up duration for primary endpoint(s) in months | Control"": null, ""Follow-up duration for primary endpoint(s) in months | Overall"": ""20.7"", ""Follow-up duration for primary endpoint(s) in months | Rx"": null, ""Included in MA"": ""No"", ""Is PD-L1 positivity inclusion criteria"": ""No"", ""Is any other biomarker used for inclusion"": ""No"", ""Lines of treatment"": ""Only 1st line of treatment for metastatic disease"", ""Monotherapy/combination"": ""Combination"", ""NCT"": ""NCT01984242"", ""Name of ICI"": ""Atezolizumab"", ""Number of arms"": 3, ""Originial publication or Follow-up"": ""Original publication"", ""Priamry Multiple, composite, or co-primary endpoints?"": null, ""Primary endpoint"": ""PFS"", ""PubMed ID"": ""29867230"", ""Secondary endpoint"": ""Investigator-assessed PFS; ORR; \nDOR; OS; patient-reported outcomes; safety."", ""Total sample size"": 305, ""Treatment regimen"": ""Atezolizumab+Bevacizumab"", ""Trial name"": ""IMmotion150"", ""Trial phase"": ""Phase 2"", ""Type of combination"": ""ICI+Chemo"", ""Type of control"": ""TKI"", ""Type of follow-up given"": ""Median"", ""Type of therapy"": ""Combination"", ""Year"": 2018, ""__rowid__"": 17}"
row_262,262,"For Tremelimumab trials, bucket total sample size as small(<100), medium(100–299), or large(≥300).",Total sample size,"[""size_bucket""]",bert,row,16,0.7458745241165161,0,19,NCT02231749,31427204,CheckMate 214,1096,"{""Author"": ""Motzer RJ et al"", ""Cancer type"": ""Renal cell"", ""Class of ICI"": ""PD1, CTLA-4"", ""Clincal setting in relation to surgery"": ""Metastatic+recurrent (unresectable)"", ""Clinical setting"": ""Metastatic+recurrent (unresectable)"", ""Control arm"": ""TKI"", ""Control regimen"": ""Sunitinib"", ""Follow-up duration for primary endpoint(s) in months | Control"": null, ""Follow-up duration for primary endpoint(s) in months | Overall"": ""32.4"", ""Follow-up duration for primary endpoint(s) in months | Rx"": null, ""Included in MA"": ""Yes"", ""Is PD-L1 positivity inclusion criteria"": ""No"", ""Is any other biomarker used for inclusion"": ""No"", ""Lines of treatment"": ""Only 1st line of treatment for metastatic disease"", ""Monotherapy/combination"": ""Combination"", ""NCT"": ""NCT02231749"", ""Name of ICI"": ""Nivolumab, Ipilimumab"", ""Number of arms"": 2, ""Originial publication or Follow-up"": ""Follow-up"", ""Priamry Multiple, composite, or co-primary endpoints?"": ""Co-primary"", ""Primary endpoint"": ""OS+PFS+ORR"", ""PubMed ID"": ""31427204"", ""Secondary endpoint"": ""ORR, PFS and OS in intention-to-treat population; incidence rate of adverse events among all treated patients."", ""Total sample size"": 1096, ""Treatment regimen"": ""Nivolumab+Ipilimumab"", ""Trial name"": ""CheckMate 214"", ""Trial phase"": ""Phase 3"", ""Type of combination"": ""ICI+ICI"", ""Type of control"": ""TKI"", ""Type of follow-up given"": ""Median"", ""Type of therapy"": ""Combination"", ""Year"": 2019, ""__rowid__"": 19}"
row_262,262,"For Tremelimumab trials, bucket total sample size as small(<100), medium(100–299), or large(≥300).",Total sample size,"[""size_bucket""]",bert,row,17,0.7457441091537476,0,48,NCT02477826,29658845,Checkmate 227,1739,"{""Author"": ""Hellmann MD et al (1)"", ""Cancer type"": ""Non-Small Cell Lung"", ""Class of ICI"": ""PD1"", ""Clincal setting in relation to surgery"": ""Metastatic+recurrent (unresectable)"", ""Clinical setting"": ""Metastatic+recurrent (unresectable)"", ""Control arm"": ""Chemo"", ""Control regimen"": ""Chemotherapy"", ""Follow-up duration for primary endpoint(s) in months | Control"": null, ""Follow-up duration for primary endpoint(s) in months | Overall"": ""11.2"", ""Follow-up duration for primary endpoint(s) in months | Rx"": null, ""Included in MA"": ""Yes"", ""Is PD-L1 positivity inclusion criteria"": ""No"", ""Is any other biomarker used for inclusion"": ""No"", ""Lines of treatment"": ""Only 1st line of treatment for metastatic disease"", ""Monotherapy/combination"": ""Monotherapy"", ""NCT"": ""NCT02477826"", ""Name of ICI"": ""Nivolumab"", ""Number of arms"": 3, ""Originial publication or Follow-up"": ""Original publication"", ""Priamry Multiple, composite, or co-primary endpoints?"": ""Co-primary"", ""Primary endpoint"": ""OS+PFS"", ""PubMed ID"": ""29658845"", ""Secondary endpoint"": ""PFS with nivolumab VS chemotherapy among patients with a TMB of at least 13 mutations per megabase and a PD-L1 expression level of >= 1%; OS with nivolumab + ipilimumab VS platinum doublet chemotherapy among patients with a TMB of >=10 mutations per megabase"", ""Total sample size"": 1739, ""Treatment regimen"": ""Nivolumab"", ""Trial name"": ""Checkmate 227"", ""Trial phase"": ""Phase 3"", ""Type of combination"": null, ""Type of control"": ""Chemo"", ""Type of follow-up given"": ""Minimum"", ""Type of therapy"": ""Monotherapy"", ""Year"": 2018, ""__rowid__"": 48}"
row_262,262,"For Tremelimumab trials, bucket total sample size as small(<100), medium(100–299), or large(≥300).",Total sample size,"[""size_bucket""]",bert,row,18,0.7453889846801758,0,12,NCT02252042,30509740,KEYNOTE-040,495,"{""Author"": ""Cohen EEW et al"", ""Cancer type"": ""Head and Neck"", ""Class of ICI"": ""PD1"", ""Clincal setting in relation to surgery"": ""Metastatic+recurrent (unresectable)"", ""Clinical setting"": ""Metastatic+recurrent (unresectable)"", ""Control arm"": ""Chemo/Anti-EGFR"", ""Control regimen"": ""Methotrexate/Docetaxel/Cetuximab"", ""Follow-up duration for primary endpoint(s) in months | Control"": ""7.1"", ""Follow-up duration for primary endpoint(s) in months | Overall"": null, ""Follow-up duration for primary endpoint(s) in months | Rx"": ""7.5"", ""Included in MA"": ""Yes"", ""Is PD-L1 positivity inclusion criteria"": ""No"", ""Is any other biomarker used for inclusion"": ""No"", ""Lines of treatment"": ""1st and later line of treatment for metastatic disease"", ""Monotherapy/combination"": ""Monotherapy"", ""NCT"": ""NCT02252042"", ""Name of ICI"": ""Pembrolizumab"", ""Number of arms"": 2, ""Originial publication or Follow-up"": ""Original publication"", ""Priamry Multiple, composite, or co-primary endpoints?"": null, ""Primary endpoint"": ""OS"", ""PubMed ID"": ""30509740"", ""Secondary endpoint"": ""OS in the population with \na PD-L1 combined positive \nscore of 1 or higher; safety, \nPFS,ORR, duration of \nconfirmed response in all \nparticipants and those with a PD-L1 combined positive score of 1 or higher."", ""Total sample size"": 495, ""Treatment regimen"": ""Pembrolizumab"", ""Trial name"": ""KEYNOTE-040"", ""Trial phase"": ""Phase 3"", ""Type of combination"": null, ""Type of control"": ""Chemo/Anti-EGFR"", ""Type of follow-up given"": ""Median"", ""Type of therapy"": ""Monotherapy"", ""Year"": 2018, ""__rowid__"": 12}"
row_262,262,"For Tremelimumab trials, bucket total sample size as small(<100), medium(100–299), or large(≥300).",Total sample size,"[""size_bucket""]",bert,row,19,0.7450666427612305,0,90,NCT02352948,32201234,ARCTIC,595,"{""Author"": ""Planchard D et al (1)"", ""Cancer type"": ""Non-Small Cell Lung"", ""Class of ICI"": ""CTLA-4"", ""Clincal setting in relation to surgery"": ""Metastatic+recurrent (unresectable)"", ""Clinical setting"": ""Metastatic+recurrent (unresectable)"", ""Control arm"": ""Chemo/TKI"", ""Control regimen"": ""Erlotinib/gemcitabine/vinorelbine"", ""Follow-up duration for primary endpoint(s) in months | Control"": null, ""Follow-up duration for primary endpoint(s) in months | Overall"": ""9.1"", ""Follow-up duration for primary endpoint(s) in months | Rx"": null, ""Included in MA"": ""Yes"", ""Is PD-L1 positivity inclusion criteria"": ""No"", ""Is any other biomarker used for inclusion"": ""No"", ""Lines of treatment"": ""Only 2nd or later line of treatment for metastatic disease"", ""Monotherapy/combination"": ""Monotherapy"", ""NCT"": ""NCT02352948"", ""Name of ICI"": ""Tremelimumab"", ""Number of arms"": 4, ""Originial publication or Follow-up"": ""Original publication"", ""Priamry Multiple, composite, or co-primary endpoints?"": ""Multiple"", ""Primary endpoint"": ""OS+PFS"", ""PubMed ID"": ""32201234"", ""Secondary endpoint"": ""OS rate at 12 months; proportion of patients alive and progression-free at 6 and 12 months; ORR; DoR."", ""Total sample size"": 595, ""Treatment regimen"": ""Tremelimumab"", ""Trial name"": ""ARCTIC"", ""Trial phase"": ""Phase 3"", ""Type of combination"": null, ""Type of control"": ""Chemo/TKI"", ""Type of follow-up given"": ""Median"", ""Type of therapy"": ""Monotherapy"", ""Year"": 2020, ""__rowid__"": 90}"
row_262,262,"For Tremelimumab trials, bucket total sample size as small(<100), medium(100–299), or large(≥300).",Total sample size,"[""size_bucket""]",bert,row,20,0.7448605298995972,0,96,NCT02523313,32416781,IMMUNED,167,"{""Author"": ""Zimmer L et al (1)"", ""Cancer type"": ""Melanoma"", ""Class of ICI"": ""PD1, CTLA-4"", ""Clincal setting in relation to surgery"": ""Metastatic+recurrent (unresectable)"", ""Clinical setting"": ""Metastatic+recurrent (unresectable)"", ""Control arm"": ""Placebo"", ""Control regimen"": ""Placebo"", ""Follow-up duration for primary endpoint(s) in months | Control"": null, ""Follow-up duration for primary endpoint(s) in months | Overall"": ""28.4"", ""Follow-up duration for primary endpoint(s) in months | Rx"": null, ""Included in MA"": ""Yes"", ""Is PD-L1 positivity inclusion criteria"": ""No"", ""Is any other biomarker used for inclusion"": ""No"", ""Lines of treatment"": ""1st and later line of treatment for metastatic disease"", ""Monotherapy/combination"": ""Combination"", ""NCT"": ""NCT02523313"", ""Name of ICI"": ""Nivolumab, Ipilimumab"", ""Number of arms"": 3, ""Originial publication or Follow-up"": ""Original publication"", ""Priamry Multiple, composite, or co-primary endpoints?"": null, ""Primary endpoint"": ""RFS"", ""PubMed ID"": ""32416781"", ""Secondary endpoint"": ""OS; time to recurrence; safety; PFS or RFS 2."", ""Total sample size"": 167, ""Treatment regimen"": ""Nivolumab+Ipilimumab"", ""Trial name"": ""IMMUNED"", ""Trial phase"": ""Phase 2"", ""Type of combination"": ""ICI+ICI"", ""Type of control"": ""Placebo"", ""Type of follow-up given"": ""Median"", ""Type of therapy"": ""Combination"", ""Year"": 2020, ""__rowid__"": 96}"
row_262,262,"For Tremelimumab trials, bucket total sample size as small(<100), medium(100–299), or large(≥300).",Total sample size,"[""size_bucket""]",bert,tuple,1,0.7782814502716064,0,94,NCT01274338,31880964,E1609,1670,"{""Author"": ""Tarhini AA et al (1)"", ""Cancer type"": ""Melanoma"", ""Class of ICI"": ""CTLA-4"", ""Clincal setting in relation to surgery"": ""Adjuvant"", ""Clinical setting"": ""Adjuvant"", ""Control arm"": ""Interferon"", ""Control regimen"": ""High-dose Interferon alfa-2b"", ""Follow-up duration for primary endpoint(s) in months | Control"": null, ""Follow-up duration for primary endpoint(s) in months | Overall"": ""57.4"", ""Follow-up duration for primary endpoint(s) in months | Rx"": null, ""Included in MA"": ""No"", ""Is PD-L1 positivity inclusion criteria"": ""No"", ""Is any other biomarker used for inclusion"": ""No"", ""Lines of treatment"": null, ""Monotherapy/combination"": ""Monotherapy"", ""NCT"": ""NCT01274338"", ""Name of ICI"": ""Ipilimumab"", ""Number of arms"": 3, ""Originial publication or Follow-up"": ""Original publication"", ""Priamry Multiple, composite, or co-primary endpoints?"": ""Co-primary"", ""Primary endpoint"": ""OS+RFS"", ""PubMed ID"": ""31880964"", ""Secondary endpoint"": ""Safety, tolerability and quality-of-life with adjuvant ipilimumab"", ""Total sample size"": 1670, ""Treatment regimen"": ""Ipilimumab"", ""Trial name"": ""E1609"", ""Trial phase"": ""Phase 3"", ""Type of combination"": null, ""Type of control"": ""Interferon"", ""Type of follow-up given"": ""Median"", ""Type of therapy"": ""Monotherapy"", ""Year"": 2020, ""__rowid__"": 94}"
row_262,262,"For Tremelimumab trials, bucket total sample size as small(<100), medium(100–299), or large(≥300).",Total sample size,"[""size_bucket""]",bert,tuple,2,0.77732914686203,0,150,NCT02538666,33683919,CheckMate 451,834,"{""Author"": ""Owonikoko TK et al"", ""Cancer type"": ""Small Cell Lung"", ""Class of ICI"": ""PD1"", ""Clincal setting in relation to surgery"": ""Maintenance"", ""Clinical setting"": ""Maintenance"", ""Control arm"": ""Placebo"", ""Control regimen"": ""Placebo"", ""Follow-up duration for primary endpoint(s) in months | Control"": ""9.1"", ""Follow-up duration for primary endpoint(s) in months | Overall"": null, ""Follow-up duration for primary endpoint(s) in months | Rx"": ""9.9"", ""Included in MA"": null, ""Is PD-L1 positivity inclusion criteria"": ""No"", ""Is any other biomarker used for inclusion"": ""No"", ""Lines of treatment"": ""Only 1st line of treatment for metastatic disease"", ""Monotherapy/combination"": ""Monotherapy"", ""NCT"": ""NCT02538666"", ""Name of ICI"": ""Nivolumab"", ""Number of arms"": 3, ""Originial publication or Follow-up"": ""Original publication"", ""Priamry Multiple, composite, or co-primary endpoints?"": null, ""Primary endpoint"": null, ""PubMed ID"": ""33683919"", ""Secondary endpoint"": ""OS in Arm 2 vs Arm 3; PFS"", ""Total sample size"": 834, ""Treatment regimen"": ""Nivolumab"", ""Trial name"": ""CheckMate 451"", ""Trial phase"": ""Phase 3"", ""Type of combination"": null, ""Type of control"": ""Placebo"", ""Type of follow-up given"": ""Median"", ""Type of therapy"": ""Monotherapy"", ""Year"": 2021, ""__rowid__"": 150}"
row_262,262,"For Tremelimumab trials, bucket total sample size as small(<100), medium(100–299), or large(≥300).",Total sample size,"[""size_bucket""]",bert,tuple,3,0.7769573330879211,0,93,NCT01274338,31880964,E1609,1670,"{""Author"": ""Tarhini AA et al"", ""Cancer type"": ""Melanoma"", ""Class of ICI"": ""CTLA-4"", ""Clincal setting in relation to surgery"": ""Adjuvant"", ""Clinical setting"": ""Adjuvant"", ""Control arm"": ""Interferon"", ""Control regimen"": ""High-dose Interferon alfa-2b"", ""Follow-up duration for primary endpoint(s) in months | Control"": null, ""Follow-up duration for primary endpoint(s) in months | Overall"": ""57.4"", ""Follow-up duration for primary endpoint(s) in months | Rx"": null, ""Included in MA"": ""No"", ""Is PD-L1 positivity inclusion criteria"": ""No"", ""Is any other biomarker used for inclusion"": ""No"", ""Lines of treatment"": null, ""Monotherapy/combination"": ""Monotherapy"", ""NCT"": ""NCT01274338"", ""Name of ICI"": ""Ipilimumab"", ""Number of arms"": 3, ""Originial publication or Follow-up"": ""Original publication"", ""Priamry Multiple, composite, or co-primary endpoints?"": ""Co-primary"", ""Primary endpoint"": ""OS+RFS"", ""PubMed ID"": ""31880964"", ""Secondary endpoint"": ""Safety, tolerability and quality-of-life with adjuvant ipilimumab"", ""Total sample size"": 1670, ""Treatment regimen"": ""Ipilimumab"", ""Trial name"": ""E1609"", ""Trial phase"": ""Phase 3"", ""Type of combination"": null, ""Type of control"": ""Interferon"", ""Type of follow-up given"": ""Median"", ""Type of therapy"": ""Monotherapy"", ""Year"": 2020, ""__rowid__"": 93}"
row_262,262,"For Tremelimumab trials, bucket total sample size as small(<100), medium(100–299), or large(≥300).",Total sample size,"[""size_bucket""]",bert,tuple,4,0.7764863967895508,0,117,NCT00094653,23942774,MDX010-20,676,"{""Author"": ""McDermott D et al"", ""Cancer type"": ""Melanoma"", ""Class of ICI"": ""CTLA-4"", ""Clincal setting in relation to surgery"": ""Metastatic+recurrent (unresectable)"", ""Clinical setting"": ""Metastatic+recurrent (unresectable)"", ""Control arm"": ""Vaccine"", ""Control regimen"": ""Gp100 vaccine"", ""Follow-up duration for primary endpoint(s) in months | Control"": ""24"", ""Follow-up duration for primary endpoint(s) in months | Overall"": null, ""Follow-up duration for primary endpoint(s) in months | Rx"": ""24"", ""Included in MA"": ""No"", ""Is PD-L1 positivity inclusion criteria"": ""No"", ""Is any other biomarker used for inclusion"": ""Yes"", ""Lines of treatment"": ""Only 2nd or later line of treatment for metastatic disease"", ""Monotherapy/combination"": ""Monotherapy"", ""NCT"": ""NCT00094653"", ""Name of ICI"": ""Ipilimumab"", ""Number of arms"": 3, ""Originial publication or Follow-up"": ""Follow-up"", ""Priamry Multiple, composite, or co-primary endpoints?"": null, ""Primary endpoint"": ""OS"", ""PubMed ID"": ""23942774"", ""Secondary endpoint"": ""DOS, responses, and safety among patients with ≥2 years’ survival."", ""Total sample size"": 676, ""Treatment regimen"": ""Ipilimumab"", ""Trial name"": ""MDX010-20"", ""Trial phase"": ""Phase 3"", ""Type of combination"": null, ""Type of control"": ""Vaccine"", ""Type of follow-up given"": ""Minimum"", ""Type of therapy"": ""Monotherapy"", ""Year"": 2013, ""__rowid__"": 117}"
row_262,262,"For Tremelimumab trials, bucket total sample size as small(<100), medium(100–299), or large(≥300).",Total sample size,"[""size_bucket""]",bert,tuple,5,0.7756431102752686,0,118,NCT00094653,23942774,MDX010-20,676,"{""Author"": ""McDermott D et al (1)"", ""Cancer type"": ""Melanoma"", ""Class of ICI"": ""CTLA-4"", ""Clincal setting in relation to surgery"": ""Metastatic+recurrent (unresectable)"", ""Clinical setting"": ""Metastatic+recurrent (unresectable)"", ""Control arm"": ""Vaccine"", ""Control regimen"": ""Gp100 vaccine"", ""Follow-up duration for primary endpoint(s) in months | Control"": ""24"", ""Follow-up duration for primary endpoint(s) in months | Overall"": null, ""Follow-up duration for primary endpoint(s) in months | Rx"": ""24"", ""Included in MA"": ""No"", ""Is PD-L1 positivity inclusion criteria"": ""No"", ""Is any other biomarker used for inclusion"": ""Yes"", ""Lines of treatment"": ""Only 2nd or later line of treatment for metastatic disease"", ""Monotherapy/combination"": ""Combination"", ""NCT"": ""NCT00094653"", ""Name of ICI"": ""Ipilimumab"", ""Number of arms"": 3, ""Originial publication or Follow-up"": ""Follow-up"", ""Priamry Multiple, composite, or co-primary endpoints?"": null, ""Primary endpoint"": ""OS"", ""PubMed ID"": ""23942774"", ""Secondary endpoint"": ""DOS, responses, and safety among patients with ≥2 years’ survival."", ""Total sample size"": 676, ""Treatment regimen"": ""Ipilimumab+Gp100 Vaccine"", ""Trial name"": ""MDX010-20"", ""Trial phase"": ""Phase 3"", ""Type of combination"": ""ICI+Vaccine"", ""Type of control"": ""Vaccine"", ""Type of follow-up given"": ""Minimum"", ""Type of therapy"": ""Combination"", ""Year"": 2013, ""__rowid__"": 118}"
row_262,262,"For Tremelimumab trials, bucket total sample size as small(<100), medium(100–299), or large(≥300).",Total sample size,"[""size_bucket""]",bert,tuple,6,0.7754864692687988,0,129,NCT02409342,32997907,IMpower110,572,"{""Author"": ""Herbst RS et al."", ""Cancer type"": ""Non-Small Cell Lung"", ""Class of ICI"": ""PD-L1"", ""Clincal setting in relation to surgery"": ""Metastatic+recurrent (unresectable)"", ""Clinical setting"": ""Metastatic+recurrent (unresectable)"", ""Control arm"": ""Chemo"", ""Control regimen"": ""Cisplatin/carboplatin+gemcitabine"", ""Follow-up duration for primary endpoint(s) in months | Control"": null, ""Follow-up duration for primary endpoint(s) in months | Overall"": ""13.4"", ""Follow-up duration for primary endpoint(s) in months | Rx"": null, ""Included in MA"": null, ""Is PD-L1 positivity inclusion criteria"": ""Yes"", ""Is any other biomarker used for inclusion"": ""Yes"", ""Lines of treatment"": ""Only 1st line of treatment for metastatic disease"", ""Monotherapy/combination"": ""Monotherapy"", ""NCT"": ""NCT02409342"", ""Name of ICI"": ""Atezolizumab"", ""Number of arms"": 2, ""Originial publication or Follow-up"": ""Original publication"", ""Priamry Multiple, composite, or co-primary endpoints?"": null, ""Primary endpoint"": ""OS"", ""PubMed ID"": ""32997907"", ""Secondary endpoint"": ""investigator-assessed PFS, DOR"", ""Total sample size"": 572, ""Treatment regimen"": ""Atezolizumab"", ""Trial name"": ""IMpower110"", ""Trial phase"": ""Phase 3"", ""Type of combination"": null, ""Type of control"": ""Chemo"", ""Type of follow-up given"": ""Median"", ""Type of therapy"": ""Monotherapy"", ""Year"": 2020, ""__rowid__"": 129}"
row_262,262,"For Tremelimumab trials, bucket total sample size as small(<100), medium(100–299), or large(≥300).",Total sample size,"[""size_bucket""]",bert,tuple,7,0.7749544382095337,0,60,NCT00094653,20525992,MDX010-20,676,"{""Author"": ""Hodi FS et al (1)"", ""Cancer type"": ""Melanoma"", ""Class of ICI"": ""CTLA-4"", ""Clincal setting in relation to surgery"": ""Metastatic+recurrent (unresectable)"", ""Clinical setting"": ""Metastatic+recurrent (unresectable)"", ""Control arm"": ""Vaccine"", ""Control regimen"": ""Gp100 vaccine"", ""Follow-up duration for primary endpoint(s) in months | Control"": ""17.2"", ""Follow-up duration for primary endpoint(s) in months | Overall"": null, ""Follow-up duration for primary endpoint(s) in months | Rx"": ""21"", ""Included in MA"": ""Yes"", ""Is PD-L1 positivity inclusion criteria"": ""No"", ""Is any other biomarker used for inclusion"": ""Yes"", ""Lines of treatment"": ""Only 2nd or later line of treatment for metastatic disease"", ""Monotherapy/combination"": ""Combination"", ""NCT"": ""NCT00094653"", ""Name of ICI"": ""Ipilimumab"", ""Number of arms"": 3, ""Originial publication or Follow-up"": ""Original publication"", ""Priamry Multiple, composite, or co-primary endpoints?"": null, ""Primary endpoint"": ""OS"", ""PubMed ID"": ""20525992"", ""Secondary endpoint"": ""Comparison of OS between ipilimumab-alone and gp100-alone groups and between the two ipilimumab groups; best ORR; duration of response; PFS."", ""Total sample size"": 676, ""Treatment regimen"": ""Ipilimumab+Gp100 Vaccine"", ""Trial name"": ""MDX010-20"", ""Trial phase"": ""Phase 3"", ""Type of combination"": ""ICI+Vaccine"", ""Type of control"": ""Vaccine"", ""Type of follow-up given"": ""Median"", ""Type of therapy"": ""Combination"", ""Year"": 2010, ""__rowid__"": 60}"
row_262,262,"For Tremelimumab trials, bucket total sample size as small(<100), medium(100–299), or large(≥300).",Total sample size,"[""size_bucket""]",bert,tuple,8,0.7745749950408936,0,80,NCT02569242,31582355,ATTRACTION-3,419,"{""Author"": ""Kato K et al"", ""Cancer type"": ""Esophageal/GEJ"", ""Class of ICI"": ""PD1"", ""Clincal setting in relation to surgery"": ""Metastatic+recurrent (unresectable)"", ""Clinical setting"": ""Metastatic+recurrent (unresectable)"", ""Control arm"": ""Chemo"", ""Control regimen"": ""Paclitaxel/Docetaxel"", ""Follow-up duration for primary endpoint(s) in months | Control"": ""8"", ""Follow-up duration for primary endpoint(s) in months | Overall"": null, ""Follow-up duration for primary endpoint(s) in months | Rx"": ""10.5"", ""Included in MA"": ""Yes"", ""Is PD-L1 positivity inclusion criteria"": ""No"", ""Is any other biomarker used for inclusion"": ""No"", ""Lines of treatment"": ""Only 2nd or later line of treatment for metastatic disease"", ""Monotherapy/combination"": ""Monotherapy"", ""NCT"": ""NCT02569242"", ""Name of ICI"": ""Nivolumab"", ""Number of arms"": 2, ""Originial publication or Follow-up"": ""Original publication"", ""Priamry Multiple, composite, or co-primary endpoints?"": null, ""Primary endpoint"": ""OS"", ""PubMed ID"": ""31582355"", ""Secondary endpoint"": ""investigator-assessed objective response, best overall response; progression-free survival;the proportion of patients with disease control; maximum percentage change from baseline in the sum of the diameters of target lesions; time to response; and duration of response"", ""Total sample size"": 419, ""Treatment regimen"": ""Nivolumab"", ""Trial name"": ""ATTRACTION-3"", ""Trial phase"": ""Phase 3"", ""Type of combination"": null, ""Type of control"": ""Chemo"", ""Type of follow-up given"": ""Median"", ""Type of therapy"": ""Monotherapy"", ""Year"": 2019, ""__rowid__"": 80}"
row_262,262,"For Tremelimumab trials, bucket total sample size as small(<100), medium(100–299), or large(≥300).",Total sample size,"[""size_bucket""]",bert,tuple,9,0.7745152115821838,0,12,NCT02252042,30509740,KEYNOTE-040,495,"{""Author"": ""Cohen EEW et al"", ""Cancer type"": ""Head and Neck"", ""Class of ICI"": ""PD1"", ""Clincal setting in relation to surgery"": ""Metastatic+recurrent (unresectable)"", ""Clinical setting"": ""Metastatic+recurrent (unresectable)"", ""Control arm"": ""Chemo/Anti-EGFR"", ""Control regimen"": ""Methotrexate/Docetaxel/Cetuximab"", ""Follow-up duration for primary endpoint(s) in months | Control"": ""7.1"", ""Follow-up duration for primary endpoint(s) in months | Overall"": null, ""Follow-up duration for primary endpoint(s) in months | Rx"": ""7.5"", ""Included in MA"": ""Yes"", ""Is PD-L1 positivity inclusion criteria"": ""No"", ""Is any other biomarker used for inclusion"": ""No"", ""Lines of treatment"": ""1st and later line of treatment for metastatic disease"", ""Monotherapy/combination"": ""Monotherapy"", ""NCT"": ""NCT02252042"", ""Name of ICI"": ""Pembrolizumab"", ""Number of arms"": 2, ""Originial publication or Follow-up"": ""Original publication"", ""Priamry Multiple, composite, or co-primary endpoints?"": null, ""Primary endpoint"": ""OS"", ""PubMed ID"": ""30509740"", ""Secondary endpoint"": ""OS in the population with \na PD-L1 combined positive \nscore of 1 or higher; safety, \nPFS,ORR, duration of \nconfirmed response in all \nparticipants and those with a PD-L1 combined positive score of 1 or higher."", ""Total sample size"": 495, ""Treatment regimen"": ""Pembrolizumab"", ""Trial name"": ""KEYNOTE-040"", ""Trial phase"": ""Phase 3"", ""Type of combination"": null, ""Type of control"": ""Chemo/Anti-EGFR"", ""Type of follow-up given"": ""Median"", ""Type of therapy"": ""Monotherapy"", ""Year"": 2018, ""__rowid__"": 12}"
row_262,262,"For Tremelimumab trials, bucket total sample size as small(<100), medium(100–299), or large(≥300).",Total sample size,"[""size_bucket""]",bert,tuple,10,0.7744404673576355,0,16,NCT01984242,29867230,IMmotion150,305,"{""Author"": ""McDermott DF et al"", ""Cancer type"": ""Renal cell"", ""Class of ICI"": ""PD-L1"", ""Clincal setting in relation to surgery"": ""Metastatic+recurrent (unresectable)"", ""Clinical setting"": ""Metastatic+recurrent (unresectable)"", ""Control arm"": ""TKI"", ""Control regimen"": ""Sunitinib"", ""Follow-up duration for primary endpoint(s) in months | Control"": null, ""Follow-up duration for primary endpoint(s) in months | Overall"": ""20.7"", ""Follow-up duration for primary endpoint(s) in months | Rx"": null, ""Included in MA"": ""No"", ""Is PD-L1 positivity inclusion criteria"": ""No"", ""Is any other biomarker used for inclusion"": ""No"", ""Lines of treatment"": ""Only 1st line of treatment for metastatic disease"", ""Monotherapy/combination"": ""Monotherapy"", ""NCT"": ""NCT01984242"", ""Name of ICI"": ""Atezolizumab"", ""Number of arms"": 3, ""Originial publication or Follow-up"": ""Original publication"", ""Priamry Multiple, composite, or co-primary endpoints?"": null, ""Primary endpoint"": ""PFS"", ""PubMed ID"": ""29867230"", ""Secondary endpoint"": ""Investigator-assessed PFS; ORR; \nDOR; OS; patient-reported outcomes; safety."", ""Total sample size"": 305, ""Treatment regimen"": ""Atezolizumab"", ""Trial name"": ""IMmotion150"", ""Trial phase"": ""Phase 2"", ""Type of combination"": null, ""Type of control"": ""TKI"", ""Type of follow-up given"": ""Median"", ""Type of therapy"": ""Monotherapy"", ""Year"": 2018, ""__rowid__"": 16}"
row_262,262,"For Tremelimumab trials, bucket total sample size as small(<100), medium(100–299), or large(≥300).",Total sample size,"[""size_bucket""]",bert,tuple,11,0.7743695974349976,0,119,NCT03051659,32880602,,90,"{""Author"": ""Tolaney SM et al"", ""Cancer type"": ""Breast"", ""Class of ICI"": ""PD1"", ""Clincal setting in relation to surgery"": ""Metastatic+recurrent (unresectable)"", ""Clinical setting"": ""Metastatic+recurrent (unresectable)"", ""Control arm"": ""Chemo"", ""Control regimen"": ""Eribulin"", ""Follow-up duration for primary endpoint(s) in months | Control"": null, ""Follow-up duration for primary endpoint(s) in months | Overall"": ""10.5"", ""Follow-up duration for primary endpoint(s) in months | Rx"": null, ""Included in MA"": null, ""Is PD-L1 positivity inclusion criteria"": ""No"", ""Is any other biomarker used for inclusion"": ""Yes"", ""Lines of treatment"": ""Only 2nd or later line of treatment for metastatic disease"", ""Monotherapy/combination"": ""Combination"", ""NCT"": ""NCT03051659"", ""Name of ICI"": ""Pembrolizumab"", ""Number of arms"": 2, ""Originial publication or Follow-up"": ""Original publication"", ""Priamry Multiple, composite, or co-primary endpoints?"": null, ""Primary endpoint"": ""PFS"", ""PubMed ID"": ""32880602"", ""Secondary endpoint"": ""PFS per irRECIST, ORR, OS, DoR, clinical benefit rate, safety, tolerability"", ""Total sample size"": 90, ""Treatment regimen"": ""Pembrolizumab+Eribulin"", ""Trial name"": null, ""Trial phase"": ""Phase 2"", ""Type of combination"": ""ICI+Chemo"", ""Type of control"": ""Chemo"", ""Type of follow-up given"": ""Median"", ""Type of therapy"": ""Combination"", ""Year"": 2020, ""__rowid__"": 119}"
row_262,262,"For Tremelimumab trials, bucket total sample size as small(<100), medium(100–299), or large(≥300).",Total sample size,"[""size_bucket""]",bert,tuple,12,0.7743639945983887,0,151,NCT02299999,33462450,SAFIR02-BREAST IMMUNO,199,"{""Author"": ""Bachelot T et al"", ""Cancer type"": ""Breast"", ""Class of ICI"": ""PD-L1"", ""Clincal setting in relation to surgery"": ""Maintenance"", ""Clinical setting"": ""Maintenance"", ""Control arm"": ""Chemo"", ""Control regimen"": ""Chemotherapy"", ""Follow-up duration for primary endpoint(s) in months | Control"": null, ""Follow-up duration for primary endpoint(s) in months | Overall"": ""19.7"", ""Follow-up duration for primary endpoint(s) in months | Rx"": null, ""Included in MA"": null, ""Is PD-L1 positivity inclusion criteria"": ""No"", ""Is any other biomarker used for inclusion"": ""Yes"", ""Lines of treatment"": ""Only 2nd or later line of treatment for metastatic disease"", ""Monotherapy/combination"": ""Monotherapy"", ""NCT"": ""NCT02299999"", ""Name of ICI"": ""Durvalumab"", ""Number of arms"": 2, ""Originial publication or Follow-up"": ""Original publication"", ""Priamry Multiple, composite, or co-primary endpoints?"": null, ""Primary endpoint"": ""PFS"", ""PubMed ID"": ""33462450"", ""Secondary endpoint"": ""OS"", ""Total sample size"": 199, ""Treatment regimen"": ""Durvalumab"", ""Trial name"": ""SAFIR02-BREAST IMMUNO"", ""Trial phase"": ""Phase 2"", ""Type of combination"": null, ""Type of control"": ""Chemo"", ""Type of follow-up given"": ""Median"", ""Type of therapy"": ""Monotherapy"", ""Year"": 2021, ""__rowid__"": 151}"
row_262,262,"For Tremelimumab trials, bucket total sample size as small(<100), medium(100–299), or large(≥300).",Total sample size,"[""size_bucket""]",bert,tuple,13,0.77426677942276,0,9,NCT02267343,28993052,ATTRACTION-2,493,"{""Author"": ""Kang YK et al"", ""Cancer type"": ""Gastric/GEJ"", ""Class of ICI"": ""PD1"", ""Clincal setting in relation to surgery"": ""Metastatic+recurrent (unresectable)"", ""Clinical setting"": ""Metastatic+recurrent (unresectable)"", ""Control arm"": ""Placebo"", ""Control regimen"": ""Placebo"", ""Follow-up duration for primary endpoint(s) in months | Control"": ""8.59"", ""Follow-up duration for primary endpoint(s) in months | Overall"": null, ""Follow-up duration for primary endpoint(s) in months | Rx"": ""8.87"", ""Included in MA"": ""Yes"", ""Is PD-L1 positivity inclusion criteria"": ""No"", ""Is any other biomarker used for inclusion"": ""No"", ""Lines of treatment"": ""Only 2nd or later line of treatment for metastatic disease"", ""Monotherapy/combination"": ""Monotherapy"", ""NCT"": ""NCT02267343"", ""Name of ICI"": ""Nivolumab"", ""Number of arms"": 2, ""Originial publication or Follow-up"": ""Original publication"", ""Priamry Multiple, composite, or co-primary endpoints?"": null, ""Primary endpoint"": ""OS"", ""PubMed ID"": ""28993052"", ""Secondary endpoint"": ""PFS, ORR, disease control rate, DoR, time to response, best overall response, the maximum percentage change from baseline in the sum of diameters of target lesions."", ""Total sample size"": 493, ""Treatment regimen"": ""Nivolumab"", ""Trial name"": ""ATTRACTION-2"", ""Trial phase"": ""Phase 3"", ""Type of combination"": null, ""Type of control"": ""Placebo"", ""Type of follow-up given"": ""Median"", ""Type of therapy"": ""Monotherapy"", ""Year"": 2017, ""__rowid__"": 9}"
row_262,262,"For Tremelimumab trials, bucket total sample size as small(<100), medium(100–299), or large(≥300).",Total sample size,"[""size_bucket""]",bert,tuple,14,0.7740663290023804,0,10,NCT02625623,30052729,JAVELIN Gastric 300,371,"{""Author"": ""Bang YJ et al"", ""Cancer type"": ""Gastric/GEJ"", ""Class of ICI"": ""PD-L1"", ""Clincal setting in relation to surgery"": ""Metastatic+recurrent (unresectable)"", ""Clinical setting"": ""Metastatic+recurrent (unresectable)"", ""Control arm"": ""Best supportive care"", ""Control regimen"": ""Best supportive care (+/-paclitaxel, irinotecan)"", ""Follow-up duration for primary endpoint(s) in months | Control"": null, ""Follow-up duration for primary endpoint(s) in months | Overall"": ""10.6"", ""Follow-up duration for primary endpoint(s) in months | Rx"": null, ""Included in MA"": ""Yes"", ""Is PD-L1 positivity inclusion criteria"": ""No"", ""Is any other biomarker used for inclusion"": ""No"", ""Lines of treatment"": ""Only 2nd or later line of treatment for metastatic disease"", ""Monotherapy/combination"": ""Monotherapy"", ""NCT"": ""NCT02625623"", ""Name of ICI"": ""Avelumab"", ""Number of arms"": 2, ""Originial publication or Follow-up"": ""Original publication"", ""Priamry Multiple, composite, or co-primary endpoints?"": null, ""Primary endpoint"": ""OS"", ""PubMed ID"": ""30052729"", ""Secondary endpoint"": ""PFS, ORR per independent review committee assessment, safety, tolerability"", ""Total sample size"": 371, ""Treatment regimen"": ""Avelumab"", ""Trial name"": ""JAVELIN Gastric 300"", ""Trial phase"": ""Phase 3"", ""Type of combination"": null, ""Type of control"": ""Best supportive care"", ""Type of follow-up given"": ""Median"", ""Type of therapy"": ""Monotherapy"", ""Year"": 2018, ""__rowid__"": 10}"
row_262,262,"For Tremelimumab trials, bucket total sample size as small(<100), medium(100–299), or large(≥300).",Total sample size,"[""size_bucket""]",bert,tuple,15,0.7740419507026672,0,78,NCT02267343,31863227,ATTRACTION-2,493,"{""Author"": ""Chen LT et al"", ""Cancer type"": ""Gastric/GEJ"", ""Class of ICI"": ""PD1"", ""Clincal setting in relation to surgery"": ""Metastatic+recurrent (unresectable)"", ""Clinical setting"": ""Metastatic+recurrent (unresectable)"", ""Control arm"": ""Placebo"", ""Control regimen"": ""Placebo"", ""Follow-up duration for primary endpoint(s) in months | Control"": null, ""Follow-up duration for primary endpoint(s) in months | Overall"": ""27.3"", ""Follow-up duration for primary endpoint(s) in months | Rx"": null, ""Included in MA"": ""Yes"", ""Is PD-L1 positivity inclusion criteria"": ""No"", ""Is any other biomarker used for inclusion"": ""No"", ""Lines of treatment"": ""Only 2nd or later line of treatment for metastatic disease"", ""Monotherapy/combination"": ""Monotherapy"", ""NCT"": ""NCT02267343"", ""Name of ICI"": ""Nivolumab"", ""Number of arms"": 2, ""Originial publication or Follow-up"": ""Follow-up"", ""Priamry Multiple, composite, or co-primary endpoints?"": null, ""Primary endpoint"": ""OS"", ""PubMed ID"": ""31863227"", ""Secondary endpoint"": ""PFS, ORR, disease control rate, DoR, time to response, best overall response, the maximum percentage change from baseline in the sum of diameters of target lesions."", ""Total sample size"": 493, ""Treatment regimen"": ""Nivolumab"", ""Trial name"": ""ATTRACTION-2"", ""Trial phase"": ""Phase 3"", ""Type of combination"": null, ""Type of control"": ""Placebo"", ""Type of follow-up given"": ""Median"", ""Type of therapy"": ""Monotherapy"", ""Year"": 2019, ""__rowid__"": 78}"
row_262,262,"For Tremelimumab trials, bucket total sample size as small(<100), medium(100–299), or large(≥300).",Total sample size,"[""size_bucket""]",bert,tuple,16,0.7735438346862793,0,52,NCT02220894,30955977,Keynote-042,1274,"{""Author"": ""Mok TSK et al"", ""Cancer type"": ""Non-Small Cell Lung"", ""Class of ICI"": ""PD1"", ""Clincal setting in relation to surgery"": ""Metastatic+recurrent (unresectable)"", ""Clinical setting"": ""Metastatic+recurrent (unresectable)"", ""Control arm"": ""Chemo"", ""Control regimen"": ""Carboplatin+Pemetrexed+Paclitaxel"", ""Follow-up duration for primary endpoint(s) in months | Control"": null, ""Follow-up duration for primary endpoint(s) in months | Overall"": ""12.8"", ""Follow-up duration for primary endpoint(s) in months | Rx"": null, ""Included in MA"": ""Yes"", ""Is PD-L1 positivity inclusion criteria"": ""Yes"", ""Is any other biomarker used for inclusion"": ""No"", ""Lines of treatment"": ""Only 1st line of treatment for metastatic disease"", ""Monotherapy/combination"": ""Monotherapy"", ""NCT"": ""NCT02220894"", ""Name of ICI"": ""Pembrolizumab"", ""Number of arms"": 2, ""Originial publication or Follow-up"": ""Original publication"", ""Priamry Multiple, composite, or co-primary endpoints?"": null, ""Primary endpoint"": ""OS"", ""PubMed ID"": ""30955977"", ""Secondary endpoint"": ""PFS, ORR in pts with PD-L1 TPS of >=50%; >=20%; >=1%"", ""Total sample size"": 1274, ""Treatment regimen"": ""Pembrolizumab"", ""Trial name"": ""Keynote-042"", ""Trial phase"": ""Phase 3"", ""Type of combination"": null, ""Type of control"": ""Chemo"", ""Type of follow-up given"": ""Median"", ""Type of therapy"": ""Monotherapy"", ""Year"": 2019, ""__rowid__"": 52}"
row_262,262,"For Tremelimumab trials, bucket total sample size as small(<100), medium(100–299), or large(≥300).",Total sample size,"[""size_bucket""]",bert,tuple,17,0.7734132409095764,0,103,NCT02367794,32302702,IMpower131,1021,"{""Author"": ""Jotte R et al (1)"", ""Cancer type"": ""Non-Small Cell Lung"", ""Class of ICI"": ""PD-L1"", ""Clincal setting in relation to surgery"": ""Metastatic+recurrent (unresectable)"", ""Clinical setting"": ""Metastatic+recurrent (unresectable)"", ""Control arm"": ""Chemo"", ""Control regimen"": ""Carboplatin+Nab-paclitaxel"", ""Follow-up duration for primary endpoint(s) in months | Control"": ""24.8, 16.1"", ""Follow-up duration for primary endpoint(s) in months | Overall"": null, ""Follow-up duration for primary endpoint(s) in months | Rx"": ""26.8, 18.1"", ""Included in MA"": ""Yes"", ""Is PD-L1 positivity inclusion criteria"": ""No"", ""Is any other biomarker used for inclusion"": ""No"", ""Lines of treatment"": ""Only 1st line of treatment for metastatic disease"", ""Monotherapy/combination"": ""Combination"", ""NCT"": ""NCT02367794"", ""Name of ICI"": ""Atezolizumab"", ""Number of arms"": 3, ""Originial publication or Follow-up"": ""Original publication"", ""Priamry Multiple, composite, or co-primary endpoints?"": ""Co-primary"", ""Primary endpoint"": ""OS+PFS"", ""PubMed ID"": ""32302702"", ""Secondary endpoint"": ""ORR, DOR, PFS and OS in PD-L1 subgroups and T-effector population; safety."", ""Total sample size"": 1021, ""Treatment regimen"": ""Atezolizumab+Carboplatin+Nab-paclitaxel"", ""Trial name"": ""IMpower131"", ""Trial phase"": ""Phase 3"", ""Type of combination"": ""ICI+Chemo"", ""Type of control"": ""Chemo"", ""Type of follow-up given"": ""Median"", ""Type of therapy"": ""Combination"", ""Year"": 2020, ""__rowid__"": 103}"
row_262,262,"For Tremelimumab trials, bucket total sample size as small(<100), medium(100–299), or large(≥300).",Total sample size,"[""size_bucket""]",bert,tuple,18,0.7733340263366699,0,120,NCT02494583,32880601,Keynote-062,763,"{""Author"": ""Shitara K et al"", ""Cancer type"": ""Gastric/GEJ"", ""Class of ICI"": ""PD1"", ""Clincal setting in relation to surgery"": ""Metastatic+recurrent (unresectable)"", ""Clinical setting"": ""Metastatic+recurrent (unresectable)"", ""Control arm"": ""Chemo"", ""Control regimen"": ""Placebo+Cisplatin+5-FU+Capecitabine"", ""Follow-up duration for primary endpoint(s) in months | Control"": null, ""Follow-up duration for primary endpoint(s) in months | Overall"": ""29.4"", ""Follow-up duration for primary endpoint(s) in months | Rx"": null, ""Included in MA"": null, ""Is PD-L1 positivity inclusion criteria"": ""Yes"", ""Is any other biomarker used for inclusion"": ""Yes"", ""Lines of treatment"": ""Only 1st line of treatment for metastatic disease"", ""Monotherapy/combination"": ""Monotherapy"", ""NCT"": ""NCT02494583"", ""Name of ICI"": ""Pembrolizumab"", ""Number of arms"": 3, ""Originial publication or Follow-up"": ""Original publication"", ""Priamry Multiple, composite, or co-primary endpoints?"": ""Multiple"", ""Primary endpoint"": ""OS+PFS"", ""PubMed ID"": ""32880601"", ""Secondary endpoint"": ""ORR, DoR, safety, tolerability, HRQOL"", ""Total sample size"": 763, ""Treatment regimen"": ""Pembrolizumab"", ""Trial name"": ""Keynote-062"", ""Trial phase"": ""Phase 3"", ""Type of combination"": null, ""Type of control"": ""Chemo"", ""Type of follow-up given"": ""Median"", ""Type of therapy"": ""Monotherapy"", ""Year"": 2020, ""__rowid__"": 120}"
row_262,262,"For Tremelimumab trials, bucket total sample size as small(<100), medium(100–299), or large(≥300).",Total sample size,"[""size_bucket""]",bert,tuple,19,0.7732186317443848,0,101,NCT02231749,32661118,CheckMate 214,1096,"{""Author"": ""Motzer RJ et al"", ""Cancer type"": ""Renal cell"", ""Class of ICI"": ""PD1, CTLA-4"", ""Clincal setting in relation to surgery"": ""Metastatic+recurrent (unresectable)"", ""Clinical setting"": ""Metastatic+recurrent (unresectable)"", ""Control arm"": ""TKI"", ""Control regimen"": ""Sunitinib"", ""Follow-up duration for primary endpoint(s) in months | Control"": null, ""Follow-up duration for primary endpoint(s) in months | Overall"": ""42"", ""Follow-up duration for primary endpoint(s) in months | Rx"": null, ""Included in MA"": ""Yes"", ""Is PD-L1 positivity inclusion criteria"": ""No"", ""Is any other biomarker used for inclusion"": ""No"", ""Lines of treatment"": ""Only 1st line of treatment for metastatic disease"", ""Monotherapy/combination"": ""Combination"", ""NCT"": ""NCT02231749"", ""Name of ICI"": ""Nivolumab, Ipilimumab"", ""Number of arms"": 2, ""Originial publication or Follow-up"": ""Follow-up"", ""Priamry Multiple, composite, or co-primary endpoints?"": ""Co-primary"", ""Primary endpoint"": ""OS+PFS+ORR"", ""PubMed ID"": ""32661118"", ""Secondary endpoint"": ""ORR, PFS and OS in ITT population; incidence rate of AEs."", ""Total sample size"": 1096, ""Treatment regimen"": ""Nivolumab+Ipilimumab"", ""Trial name"": ""CheckMate 214"", ""Trial phase"": ""Phase 3"", ""Type of combination"": ""ICI+ICI"", ""Type of control"": ""TKI"", ""Type of follow-up given"": ""Minimum"", ""Type of therapy"": ""Combination"", ""Year"": 2020, ""__rowid__"": 101}"
row_262,262,"For Tremelimumab trials, bucket total sample size as small(<100), medium(100–299), or large(≥300).",Total sample size,"[""size_bucket""]",bert,tuple,20,0.7731533050537109,0,126,NCT02603432,32945632,,700,"{""Author"": ""Powles T et al"", ""Cancer type"": ""Urothelial"", ""Class of ICI"": ""PD-L1"", ""Clincal setting in relation to surgery"": ""Metastatic+recurrent (unresectable)"", ""Clinical setting"": ""Metastatic+recurrent (unresectable)"", ""Control arm"": ""Best supportive care"", ""Control regimen"": ""Best supportive care"", ""Follow-up duration for primary endpoint(s) in months | Control"": null, ""Follow-up duration for primary endpoint(s) in months | Overall"": ""19"", ""Follow-up duration for primary endpoint(s) in months | Rx"": null, ""Included in MA"": null, ""Is PD-L1 positivity inclusion criteria"": ""No"", ""Is any other biomarker used for inclusion"": ""No"", ""Lines of treatment"": ""1st and later line of treatment for metastatic disease"", ""Monotherapy/combination"": ""Monotherapy"", ""NCT"": ""NCT02603432"", ""Name of ICI"": ""Avelumab"", ""Number of arms"": 2, ""Originial publication or Follow-up"": ""Original publication"", ""Priamry Multiple, composite, or co-primary endpoints?"": null, ""Primary endpoint"": ""OS"", ""PubMed ID"": ""32945632"", ""Secondary endpoint"": ""PFS, ORR, time to response, DoR, DCR, safety"", ""Total sample size"": 700, ""Treatment regimen"": ""Avelumab+Best Supportive Care"", ""Trial name"": null, ""Trial phase"": ""Phase 3"", ""Type of combination"": null, ""Type of control"": ""Best supportive care"", ""Type of follow-up given"": ""Median"", ""Type of therapy"": ""Monotherapy"", ""Year"": 2020, ""__rowid__"": 126}"
