item_id,csv_row_number,question,column_used,expected_keys_json,model_name,view_name,rank,cosine_score,is_relevant,rowid,NCT,PubMed ID,Trial name,source_value,candidate_row_json
row_35,35,"In Pancreatic trials, convert 'Type of therapy' into is_combination = true/false.",Type of therapy,"[""is_combination""]",bert,column,1,0.633173942565918,0,145,NCT02811861,33616314,CLEAR,Combination,"{""Author"": ""Motzer R et al"", ""Cancer type"": ""Renal cell"", ""Class of ICI"": ""PD1"", ""Clincal setting in relation to surgery"": ""Metastatic+recurrent (unresectable)"", ""Clinical setting"": ""Metastatic+recurrent (unresectable)"", ""Control arm"": ""TKI"", ""Control regimen"": ""Sunitinib"", ""Follow-up duration for primary endpoint(s) in months | Control"": null, ""Follow-up duration for primary endpoint(s) in months | Overall"": ""26.6"", ""Follow-up duration for primary endpoint(s) in months | Rx"": null, ""Included in MA"": null, ""Is PD-L1 positivity inclusion criteria"": ""No"", ""Is any other biomarker used for inclusion"": ""No"", ""Lines of treatment"": ""Only 1st line of treatment for metastatic disease"", ""Monotherapy/combination"": ""Combination"", ""NCT"": ""NCT02811861"", ""Name of ICI"": ""Pembrolizumab"", ""Number of arms"": 3, ""Originial publication or Follow-up"": ""Original publication"", ""Priamry Multiple, composite, or co-primary endpoints?"": null, ""Primary endpoint"": ""PFS"", ""PubMed ID"": ""33616314"", ""Secondary endpoint"": ""OS; ORR; safety; investigator-assessed PFS"", ""Total sample size"": 1069, ""Treatment regimen"": ""Pembrolizumab+Lenvatinib"", ""Trial name"": ""CLEAR"", ""Trial phase"": ""Phase 3"", ""Type of combination"": ""ICI+TKI"", ""Type of control"": ""TKI"", ""Type of follow-up given"": ""Median"", ""Type of therapy"": ""Combination"", ""Year"": 2021, ""__rowid__"": 145}"
row_35,35,"In Pancreatic trials, convert 'Type of therapy' into is_combination = true/false.",Type of therapy,"[""is_combination""]",bert,column,2,0.633173942565918,0,138,NCT03043872,33285097,CASPIAN,Combination,"{""Author"": ""Goldman JW et al (1)"", ""Cancer type"": ""Small Cell Lung"", ""Class of ICI"": ""PD-L1"", ""Clincal setting in relation to surgery"": ""Metastatic+recurrent (unresectable)"", ""Clinical setting"": ""Metastatic+recurrent (unresectable)"", ""Control arm"": ""Chemo"", ""Control regimen"": ""Platinum+Etoposide"", ""Follow-up duration for primary endpoint(s) in months | Control"": null, ""Follow-up duration for primary endpoint(s) in months | Overall"": ""25.1"", ""Follow-up duration for primary endpoint(s) in months | Rx"": null, ""Included in MA"": null, ""Is PD-L1 positivity inclusion criteria"": ""No"", ""Is any other biomarker used for inclusion"": ""No"", ""Lines of treatment"": ""Only 1st line of treatment for metastatic disease"", ""Monotherapy/combination"": ""Combination"", ""NCT"": ""NCT03043872"", ""Name of ICI"": ""Durvalumab"", ""Number of arms"": 3, ""Originial publication or Follow-up"": ""Follow-up"", ""Priamry Multiple, composite, or co-primary endpoints?"": null, ""Primary endpoint"": ""OS"", ""PubMed ID"": ""33285097"", ""Secondary endpoint"": ""PFS, ORR, OS at 18 months, PFS, safety, pharmacokinetics, immunogenicity, HRQOL"", ""Total sample size"": 805, ""Treatment regimen"": ""Durvalumab+Etoposide+Platinum agent"", ""Trial name"": ""CASPIAN"", ""Trial phase"": ""Phase 3"", ""Type of combination"": ""ICI+Chemo"", ""Type of control"": ""Chemo"", ""Type of follow-up given"": ""Median"", ""Type of therapy"": ""Combination"", ""Year"": 2020, ""__rowid__"": 138}"
row_35,35,"In Pancreatic trials, convert 'Type of therapy' into is_combination = true/false.",Type of therapy,"[""is_combination""]",bert,column,3,0.633173942565918,0,137,NCT03043872,33285097,CASPIAN,Combination,"{""Author"": ""Goldman JW et al"", ""Cancer type"": ""Small Cell Lung"", ""Class of ICI"": ""PD-L1, CTLA-4"", ""Clincal setting in relation to surgery"": ""Metastatic+recurrent (unresectable)"", ""Clinical setting"": ""Metastatic+recurrent (unresectable)"", ""Control arm"": ""Chemo"", ""Control regimen"": ""Platinum+Etoposide"", ""Follow-up duration for primary endpoint(s) in months | Control"": null, ""Follow-up duration for primary endpoint(s) in months | Overall"": ""25.1"", ""Follow-up duration for primary endpoint(s) in months | Rx"": null, ""Included in MA"": null, ""Is PD-L1 positivity inclusion criteria"": ""No"", ""Is any other biomarker used for inclusion"": ""No"", ""Lines of treatment"": ""Only 1st line of treatment for metastatic disease"", ""Monotherapy/combination"": ""Combination"", ""NCT"": ""NCT03043872"", ""Name of ICI"": ""Durvalumab, Tremelimumab"", ""Number of arms"": 3, ""Originial publication or Follow-up"": ""Follow-up"", ""Priamry Multiple, composite, or co-primary endpoints?"": null, ""Primary endpoint"": ""OS"", ""PubMed ID"": ""33285097"", ""Secondary endpoint"": ""PFS, ORR, OS at 18 months, PFS, safety, pharmacokinetics, immunogenicity, HRQOL"", ""Total sample size"": 805, ""Treatment regimen"": ""Durvalumab+Tremelimumab+Etoposide+Platinum agent"", ""Trial name"": ""CASPIAN"", ""Trial phase"": ""Phase 3"", ""Type of combination"": ""ICI+ICI+Chemo"", ""Type of control"": ""Chemo"", ""Type of follow-up given"": ""Median"", ""Type of therapy"": ""Combination"", ""Year"": 2020, ""__rowid__"": 137}"
row_35,35,"In Pancreatic trials, convert 'Type of therapy' into is_combination = true/false.",Type of therapy,"[""is_combination""]",bert,column,4,0.633173942565918,0,136,NCT02130466,33361337,KEYNOTE-022,Combination,"{""Author"": ""Ferrucci PF et al"", ""Cancer type"": ""Melanoma"", ""Class of ICI"": ""PD1"", ""Clincal setting in relation to surgery"": ""Metastatic+recurrent (unresectable)"", ""Clinical setting"": ""Metastatic+recurrent (unresectable)"", ""Control arm"": ""BRAFi+MEKi"", ""Control regimen"": ""Dabrafenib+trametinib+placebo"", ""Follow-up duration for primary endpoint(s) in months | Control"": null, ""Follow-up duration for primary endpoint(s) in months | Overall"": ""36.6"", ""Follow-up duration for primary endpoint(s) in months | Rx"": null, ""Included in MA"": null, ""Is PD-L1 positivity inclusion criteria"": ""No"", ""Is any other biomarker used for inclusion"": ""Yes"", ""Lines of treatment"": ""1st and later line of treatment for metastatic disease"", ""Monotherapy/combination"": ""Combination"", ""NCT"": ""NCT02130466"", ""Name of ICI"": ""Pembrolizumab"", ""Number of arms"": 2, ""Originial publication or Follow-up"": ""Original publication"", ""Priamry Multiple, composite, or co-primary endpoints?"": null, ""Primary endpoint"": ""PFS"", ""PubMed ID"": ""33361337"", ""Secondary endpoint"": ""ORR; duration of response; time to response; OS"", ""Total sample size"": 120, ""Treatment regimen"": ""Pembrolizumab+Dabrafenib+Trametinib"", ""Trial name"": ""KEYNOTE-022"", ""Trial phase"": ""Phase 2"", ""Type of combination"": ""ICI+BRAFi+MEKi"", ""Type of control"": ""BRAFi+MEKi"", ""Type of follow-up given"": ""Median"", ""Type of therapy"": ""Combination"", ""Year"": 2020, ""__rowid__"": 136}"
row_35,35,"In Pancreatic trials, convert 'Type of therapy' into is_combination = true/false.",Type of therapy,"[""is_combination""]",bert,column,5,0.633173942565918,0,159,NCT02999087,33125944,REACH,Combination,"{""Author"": ""Tao Y et al."", ""Cancer type"": ""Head and Neck"", ""Class of ICI"": ""PD-L1"", ""Clincal setting in relation to surgery"": ""Metastatic+recurrent (unresectable)"", ""Clinical setting"": ""Metastatic+recurrent (unresectable)"", ""Control arm"": ""Chemo/Anti-EGFR+Radiotherapy"", ""Control regimen"": ""Cisplatin/cetuximab+radiotherapy"", ""Follow-up duration for primary endpoint(s) in months | Control"": null, ""Follow-up duration for primary endpoint(s) in months | Overall"": null, ""Follow-up duration for primary endpoint(s) in months | Rx"": null, ""Included in MA"": null, ""Is PD-L1 positivity inclusion criteria"": ""No"", ""Is any other biomarker used for inclusion"": ""Yes"", ""Lines of treatment"": ""Only 1st line of treatment for metastatic disease"", ""Monotherapy/combination"": ""Combination"", ""NCT"": ""NCT02999087"", ""Name of ICI"": ""Avelumab"", ""Number of arms"": 2, ""Originial publication or Follow-up"": ""Original publication"", ""Priamry Multiple, composite, or co-primary endpoints?"": null, ""Primary endpoint"": ""PFS"", ""PubMed ID"": ""33125944"", ""Secondary endpoint"": ""Safety"", ""Total sample size"": 82, ""Treatment regimen"": ""Avelumab+cetuximab+radiotherapy"", ""Trial name"": ""REACH"", ""Trial phase"": ""Phase 3"", ""Type of combination"": ""ICI+Chemoradiotherapy"", ""Type of control"": ""Chemo/Anti-EGFR+Radiotherapy"", ""Type of follow-up given"": null, ""Type of therapy"": ""Combination"", ""Year"": 2021, ""__rowid__"": 159}"
row_35,35,"In Pancreatic trials, convert 'Type of therapy' into is_combination = true/false.",Type of therapy,"[""is_combination""]",bert,column,6,0.633173942565918,0,146,NCT03215706,33476593,CheckMate 9LA,Combination,"{""Author"": ""Paz-Ares L et al"", ""Cancer type"": ""Non-Small Cell Lung"", ""Class of ICI"": ""PD1, CTLA-4"", ""Clincal setting in relation to surgery"": ""Metastatic+recurrent (unresectable)"", ""Clinical setting"": ""Metastatic+recurrent (unresectable)"", ""Control arm"": ""Chemo"", ""Control regimen"": ""Chemotherapy"", ""Follow-up duration for primary endpoint(s) in months | Control"": null, ""Follow-up duration for primary endpoint(s) in months | Overall"": ""13.2"", ""Follow-up duration for primary endpoint(s) in months | Rx"": null, ""Included in MA"": null, ""Is PD-L1 positivity inclusion criteria"": ""No"", ""Is any other biomarker used for inclusion"": ""Yes"", ""Lines of treatment"": ""Only 1st line of treatment for metastatic disease"", ""Monotherapy/combination"": ""Combination"", ""NCT"": ""NCT03215706"", ""Name of ICI"": ""Nivolumab, Ipilimumab"", ""Number of arms"": 2, ""Originial publication or Follow-up"": ""Original publication"", ""Priamry Multiple, composite, or co-primary endpoints?"": null, ""Primary endpoint"": ""OS"", ""PubMed ID"": ""33476593"", ""Secondary endpoint"": ""PFS; ORR"", ""Total sample size"": 719, ""Treatment regimen"": ""Nivolumab+Ipilimumab+Chemotherapy"", ""Trial name"": ""CheckMate 9LA"", ""Trial phase"": ""Phase 3"", ""Type of combination"": ""ICI+ICI+Chemo"", ""Type of control"": ""Chemo"", ""Type of follow-up given"": ""Median"", ""Type of therapy"": ""Combination"", ""Year"": 2021, ""__rowid__"": 146}"
row_35,35,"In Pancreatic trials, convert 'Type of therapy' into is_combination = true/false.",Type of therapy,"[""is_combination""]",bert,column,7,0.633173942565918,0,148,NCT03141177,33657295,CheckMate 9ER,Combination,"{""Author"": ""Choueiri TK et al"", ""Cancer type"": ""Renal cell"", ""Class of ICI"": ""PD1"", ""Clincal setting in relation to surgery"": ""Metastatic+recurrent (unresectable)"", ""Clinical setting"": ""Metastatic+recurrent (unresectable)"", ""Control arm"": ""TKI"", ""Control regimen"": ""Sunitinib"", ""Follow-up duration for primary endpoint(s) in months | Control"": null, ""Follow-up duration for primary endpoint(s) in months | Overall"": ""18.1"", ""Follow-up duration for primary endpoint(s) in months | Rx"": null, ""Included in MA"": null, ""Is PD-L1 positivity inclusion criteria"": ""No"", ""Is any other biomarker used for inclusion"": ""No"", ""Lines of treatment"": ""Only 1st line of treatment for metastatic disease"", ""Monotherapy/combination"": ""Combination"", ""NCT"": ""NCT03141177"", ""Name of ICI"": ""Nivolumab"", ""Number of arms"": 2, ""Originial publication or Follow-up"": ""Original publication"", ""Priamry Multiple, composite, or co-primary endpoints?"": null, ""Primary endpoint"": ""PFS"", ""PubMed ID"": ""33657295"", ""Secondary endpoint"": ""OS; ORR; safety"", ""Total sample size"": 651, ""Treatment regimen"": ""Nivolumab+Cabozantinib"", ""Trial name"": ""CheckMate 9ER"", ""Trial phase"": ""Phase 3"", ""Type of combination"": ""ICI+TKI"", ""Type of control"": ""TKI"", ""Type of follow-up given"": ""Median"", ""Type of therapy"": ""Combination"", ""Year"": 2021, ""__rowid__"": 148}"
row_35,35,"In Pancreatic trials, convert 'Type of therapy' into is_combination = true/false.",Type of therapy,"[""is_combination""]",bert,column,8,0.633173942565918,0,149,NCT02538666,33683919,CheckMate 451,Combination,"{""Author"": ""Owonikoko TK et al"", ""Cancer type"": ""Small Cell Lung"", ""Class of ICI"": ""PD1, CTLA-4"", ""Clincal setting in relation to surgery"": ""Maintenance"", ""Clinical setting"": ""Maintenance"", ""Control arm"": ""Placebo"", ""Control regimen"": ""Placebo"", ""Follow-up duration for primary endpoint(s) in months | Control"": ""9.1"", ""Follow-up duration for primary endpoint(s) in months | Overall"": null, ""Follow-up duration for primary endpoint(s) in months | Rx"": ""8.4"", ""Included in MA"": null, ""Is PD-L1 positivity inclusion criteria"": ""No"", ""Is any other biomarker used for inclusion"": ""No"", ""Lines of treatment"": ""Only 1st line of treatment for metastatic disease"", ""Monotherapy/combination"": ""Combination"", ""NCT"": ""NCT02538666"", ""Name of ICI"": ""Nivolumab, Ipilimumab"", ""Number of arms"": 3, ""Originial publication or Follow-up"": ""Original publication"", ""Priamry Multiple, composite, or co-primary endpoints?"": null, ""Primary endpoint"": ""OS"", ""PubMed ID"": ""33683919"", ""Secondary endpoint"": ""OS in Arm 2 vs Arm 3; PFS"", ""Total sample size"": 834, ""Treatment regimen"": ""Nivolumab+Ipilimumab"", ""Trial name"": ""CheckMate 451"", ""Trial phase"": ""Phase 3"", ""Type of combination"": ""ICI+ICI"", ""Type of control"": ""Placebo"", ""Type of follow-up given"": ""Median"", ""Type of therapy"": ""Combination"", ""Year"": 2021, ""__rowid__"": 149}"
row_35,35,"In Pancreatic trials, convert 'Type of therapy' into is_combination = true/false.",Type of therapy,"[""is_combination""]",bert,column,9,0.633173942565918,0,134,NCT00861614,32811715,CA184-043,Combination,"{""Author"": ""Fizazi K et al."", ""Cancer type"": ""Prostate"", ""Class of ICI"": ""CTLA-4"", ""Clincal setting in relation to surgery"": ""Metastatic+recurrent (unresectable)"", ""Clinical setting"": ""Metastatic+recurrent (unresectable)"", ""Control arm"": ""Radiation"", ""Control regimen"": ""Placebo+Radiotherapy"", ""Follow-up duration for primary endpoint(s) in months | Control"": null, ""Follow-up duration for primary endpoint(s) in months | Overall"": ""50"", ""Follow-up duration for primary endpoint(s) in months | Rx"": null, ""Included in MA"": null, ""Is PD-L1 positivity inclusion criteria"": ""No"", ""Is any other biomarker used for inclusion"": ""No"", ""Lines of treatment"": ""Only 2nd or later line of treatment for metastatic disease"", ""Monotherapy/combination"": ""Combination"", ""NCT"": ""NCT00861614"", ""Name of ICI"": ""Ipilimumab"", ""Number of arms"": 2, ""Originial publication or Follow-up"": ""Follow-up"", ""Priamry Multiple, composite, or co-primary endpoints?"": null, ""Primary endpoint"": ""OS"", ""PubMed ID"": ""32811715"", ""Secondary endpoint"": ""PFS; pain response; safety profile."", ""Total sample size"": 799, ""Treatment regimen"": ""Ipilimumab"", ""Trial name"": ""CA184-043"", ""Trial phase"": ""Phase 3"", ""Type of combination"": ""ICI+RadiatICIn"", ""Type of control"": ""Radiation"", ""Type of follow-up given"": ""Median"", ""Type of therapy"": ""Combination"", ""Year"": 2020, ""__rowid__"": 134}"
row_35,35,"In Pancreatic trials, convert 'Type of therapy' into is_combination = true/false.",Type of therapy,"[""is_combination""]",bert,column,10,0.633173942565918,0,132,NCT02657434,33333328,Impower 132,Combination,"{""Author"": ""Nishio M et al"", ""Cancer type"": ""NSCLC"", ""Class of ICI"": ""PD-L1"", ""Clincal setting in relation to surgery"": ""Metastatic+recurrent (unresectable)"", ""Clinical setting"": ""Metastatic+recurrent (unresectable)"", ""Control arm"": ""Chemo"", ""Control regimen"": ""Carboplatin/Cisplatin+Pemetrexed"", ""Follow-up duration for primary endpoint(s) in months | Control"": null, ""Follow-up duration for primary endpoint(s) in months | Overall"": ""PFS: 14.8, OS: 28.4"", ""Follow-up duration for primary endpoint(s) in months | Rx"": null, ""Included in MA"": null, ""Is PD-L1 positivity inclusion criteria"": ""No"", ""Is any other biomarker used for inclusion"": ""Yes"", ""Lines of treatment"": ""Only 1st line of treatment for metastatic disease"", ""Monotherapy/combination"": ""Combination"", ""NCT"": ""NCT02657434"", ""Name of ICI"": ""Atezolizumab"", ""Number of arms"": 2, ""Originial publication or Follow-up"": ""Original publication"", ""Priamry Multiple, composite, or co-primary endpoints?"": ""Co-primary"", ""Primary endpoint"": ""PFS+OS"", ""PubMed ID"": ""33333328"", ""Secondary endpoint"": null, ""Total sample size"": 578, ""Treatment regimen"": ""Atezolizumab+Carboplatin/Cisplatin+Pemetrexed"", ""Trial name"": ""Impower 132"", ""Trial phase"": ""Phase 3"", ""Type of combination"": ""ICI+Chemo"", ""Type of control"": ""Chemo"", ""Type of follow-up given"": ""Median"", ""Type of therapy"": ""Combination"", ""Year"": 2020, ""__rowid__"": 132}"
row_35,35,"In Pancreatic trials, convert 'Type of therapy' into is_combination = true/false.",Type of therapy,"[""is_combination""]",bert,column,11,0.633173942565918,0,131,NCT02853331,33284113,Keynote-426,Combination,"{""Author"": ""Powles T et al."", ""Cancer type"": ""Renal cell"", ""Class of ICI"": ""PD1"", ""Clincal setting in relation to surgery"": ""Metastatic+recurrent (unresectable)"", ""Clinical setting"": ""Metastatic+recurrent (unresectable)"", ""Control arm"": ""TKI"", ""Control regimen"": ""Sunitinib"", ""Follow-up duration for primary endpoint(s) in months | Control"": ""35.7"", ""Follow-up duration for primary endpoint(s) in months | Overall"": ""30.6"", ""Follow-up duration for primary endpoint(s) in months | Rx"": ""NE"", ""Included in MA"": null, ""Is PD-L1 positivity inclusion criteria"": ""No"", ""Is any other biomarker used for inclusion"": ""No"", ""Lines of treatment"": ""Only 1st line of treatment for metastatic disease"", ""Monotherapy/combination"": ""Combination"", ""NCT"": ""NCT02853331"", ""Name of ICI"": ""Pembrolizumab"", ""Number of arms"": 2, ""Originial publication or Follow-up"": ""Follow-up"", ""Priamry Multiple, composite, or co-primary endpoints?"": ""Multiple"", ""Primary endpoint"": ""OS+PFS"", ""PubMed ID"": ""33284113"", ""Secondary endpoint"": ""ORR, DoR, safety, tolerability"", ""Total sample size"": 861, ""Treatment regimen"": ""Pembrolizumab+Axitinib"", ""Trial name"": ""Keynote-426"", ""Trial phase"": ""Phase 3"", ""Type of combination"": ""ICI+TKI"", ""Type of control"": ""TKI"", ""Type of follow-up given"": ""Median"", ""Type of therapy"": ""Combination"", ""Year"": 2020, ""__rowid__"": 131}"
row_35,35,"In Pancreatic trials, convert 'Type of therapy' into is_combination = true/false.",Type of therapy,"[""is_combination""]",bert,column,12,0.633173942565918,0,130,NCT02924883,33002436,KATE2,Combination,"{""Author"": ""Emens LA et al"", ""Cancer type"": ""Breast"", ""Class of ICI"": ""PD-L1"", ""Clincal setting in relation to surgery"": ""Metastatic+recurrent (unresectable)"", ""Clinical setting"": ""Metastatic+recurrent (unresectable)"", ""Control arm"": ""HER2i"", ""Control regimen"": ""Trastuzumab emtansine+placebo"", ""Follow-up duration for primary endpoint(s) in months | Control"": ""8.4"", ""Follow-up duration for primary endpoint(s) in months | Overall"": null, ""Follow-up duration for primary endpoint(s) in months | Rx"": ""8.5"", ""Included in MA"": null, ""Is PD-L1 positivity inclusion criteria"": ""No"", ""Is any other biomarker used for inclusion"": ""Yes"", ""Lines of treatment"": ""1st and later line of treatment for metastatic disease"", ""Monotherapy/combination"": ""Combination"", ""NCT"": ""NCT02924883"", ""Name of ICI"": ""Atezolizumab+Trastuzumab emtansine+Placebo"", ""Number of arms"": 2, ""Originial publication or Follow-up"": ""Original publication"", ""Priamry Multiple, composite, or co-primary endpoints?"": null, ""Primary endpoint"": ""PFS"", ""PubMed ID"": ""33002436"", ""Secondary endpoint"": ""OS, ORR, DOR"", ""Total sample size"": 202, ""Treatment regimen"": ""Atezolizumab"", ""Trial name"": ""KATE2"", ""Trial phase"": ""Phase 2"", ""Type of combination"": ""ICI+HER2i"", ""Type of control"": ""HER2i"", ""Type of follow-up given"": ""Median"", ""Type of therapy"": ""Combination"", ""Year"": 2020, ""__rowid__"": 130}"
row_35,35,"In Pancreatic trials, convert 'Type of therapy' into is_combination = true/false.",Type of therapy,"[""is_combination""]",bert,column,13,0.6331738233566284,0,4,NCT02425891,30345906,IMpassion130,Combination,"{""Author"": ""Schmid P et al"", ""Cancer type"": ""Breast"", ""Class of ICI"": ""PD-L1"", ""Clincal setting in relation to surgery"": ""Metastatic+recurrent (unresectable)"", ""Clinical setting"": ""Metastatic+recurrent (unresectable)"", ""Control arm"": ""Chemo"", ""Control regimen"": ""Nab-paclitaxel"", ""Follow-up duration for primary endpoint(s) in months | Control"": ""12.5"", ""Follow-up duration for primary endpoint(s) in months | Overall"": ""12.9"", ""Follow-up duration for primary endpoint(s) in months | Rx"": ""13"", ""Included in MA"": ""Yes"", ""Is PD-L1 positivity inclusion criteria"": ""No"", ""Is any other biomarker used for inclusion"": ""No"", ""Lines of treatment"": ""Only 1st line of treatment for metastatic disease"", ""Monotherapy/combination"": ""Combination"", ""NCT"": ""NCT02425891"", ""Name of ICI"": ""Atezolizumab"", ""Number of arms"": 2, ""Originial publication or Follow-up"": ""Original publication"", ""Priamry Multiple, composite, or co-primary endpoints?"": ""Multiple"", ""Primary endpoint"": ""OS+PFS"", ""PubMed ID"": ""30345906"", ""Secondary endpoint"": ""investigator-assessed RECIST v1.1 ORR,  DoR"", ""Total sample size"": 902, ""Treatment regimen"": ""Atezolizumab+Nab-paclitaxel"", ""Trial name"": ""IMpassion130"", ""Trial phase"": ""Phase 3"", ""Type of combination"": ""ICI+Chemo"", ""Type of control"": ""Chemo"", ""Type of follow-up given"": ""Median"", ""Type of therapy"": ""Combination"", ""Year"": 2018, ""__rowid__"": 4}"
row_35,35,"In Pancreatic trials, convert 'Type of therapy' into is_combination = true/false.",Type of therapy,"[""is_combination""]",bert,column,14,0.6331738233566284,0,5,NCT02685059,31095287,GeparNuevo,Combination,"{""Author"": ""Loibl S et al"", ""Cancer type"": ""Breast"", ""Class of ICI"": ""PD-L1"", ""Clincal setting in relation to surgery"": ""Neoadjuvant"", ""Clinical setting"": ""Neoadjuvant"", ""Control arm"": ""Chemo"", ""Control regimen"": ""Placebo+Nab-paclitaxel+Epirubicin+Cyclophosphamide"", ""Follow-up duration for primary endpoint(s) in months | Control"": null, ""Follow-up duration for primary endpoint(s) in months | Overall"": null, ""Follow-up duration for primary endpoint(s) in months | Rx"": null, ""Included in MA"": ""Yes"", ""Is PD-L1 positivity inclusion criteria"": ""No"", ""Is any other biomarker used for inclusion"": ""No"", ""Lines of treatment"": null, ""Monotherapy/combination"": ""Combination"", ""NCT"": ""NCT02685059"", ""Name of ICI"": ""Durvalumab"", ""Number of arms"": 2, ""Originial publication or Follow-up"": ""Original publication"", ""Priamry Multiple, composite, or co-primary endpoints?"": null, ""Primary endpoint"": ""Path CR"", ""PubMed ID"": ""31095287"", ""Secondary endpoint"": ""response rate by other path CR definitions (ypT0/is ypN0, ypT0/is ypN0/þ, and ypN0) and by clinical and imaging assessment; rate of breast conserving surgery and axilla lymph node dissection; efficacy in predefined subgroups according to centrally assessed sTILs [low ( 10%), intermediate (11%–59%), high ( 60%)]"", ""Total sample size"": 174, ""Treatment regimen"": ""Durvalumab+Nab-paclitaxel+epirubicin+cyclophosphamide"", ""Trial name"": ""GeparNuevo"", ""Trial phase"": ""Phase 2"", ""Type of combination"": ""ICI+Chemo"", ""Type of control"": ""Chemo"", ""Type of follow-up given"": null, ""Type of therapy"": ""Combination"", ""Year"": 2019, ""__rowid__"": 5}"
row_35,35,"In Pancreatic trials, convert 'Type of therapy' into is_combination = true/false.",Type of therapy,"[""is_combination""]",bert,column,15,0.6331738233566284,0,6,NCT02788279,31003911,IMblaze130,Combination,"{""Author"": ""Eng C et al"", ""Cancer type"": ""Colorectal"", ""Class of ICI"": ""PD-L1"", ""Clincal setting in relation to surgery"": ""Metastatic+recurrent (unresectable)"", ""Clinical setting"": ""Metastatic+recurrent (unresectable)"", ""Control arm"": ""Multikinase inhibitor"", ""Control regimen"": ""Regorafenib"", ""Follow-up duration for primary endpoint(s) in months | Control"": null, ""Follow-up duration for primary endpoint(s) in months | Overall"": ""7.3"", ""Follow-up duration for primary endpoint(s) in months | Rx"": null, ""Included in MA"": ""No"", ""Is PD-L1 positivity inclusion criteria"": ""No"", ""Is any other biomarker used for inclusion"": ""No"", ""Lines of treatment"": ""Only 2nd or later line of treatment for metastatic disease"", ""Monotherapy/combination"": ""Combination"", ""NCT"": ""NCT02788279"", ""Name of ICI"": ""Atezolizumab"", ""Number of arms"": 3, ""Originial publication or Follow-up"": ""Original publication"", ""Priamry Multiple, composite, or co-primary endpoints?"": null, ""Primary endpoint"": ""OS"", ""PubMed ID"": ""31003911"", ""Secondary endpoint"": ""investigator-assessed RECIST v1.1 ORR, PFS, DoR"", ""Total sample size"": 363, ""Treatment regimen"": ""Atezolizumab+Cobimetinib"", ""Trial name"": ""IMblaze130"", ""Trial phase"": ""Phase 3"", ""Type of combination"": ""ICI+MEKi"", ""Type of control"": ""Multikinase inhibitor"", ""Type of follow-up given"": ""Median"", ""Type of therapy"": ""Combination"", ""Year"": 2019, ""__rowid__"": 6}"
row_35,35,"In Pancreatic trials, convert 'Type of therapy' into is_combination = true/false.",Type of therapy,"[""is_combination""]",bert,column,16,0.6331738233566284,0,21,NCT02853331,30779529,KEYNOTE-426,Combination,"{""Author"": ""Rini BI et al"", ""Cancer type"": ""Renal cell"", ""Class of ICI"": ""PD1"", ""Clincal setting in relation to surgery"": ""Metastatic+recurrent (unresectable)"", ""Clinical setting"": ""Metastatic+recurrent (unresectable)"", ""Control arm"": ""TKI"", ""Control regimen"": ""Sunitinib"", ""Follow-up duration for primary endpoint(s) in months | Control"": null, ""Follow-up duration for primary endpoint(s) in months | Overall"": ""12.8"", ""Follow-up duration for primary endpoint(s) in months | Rx"": null, ""Included in MA"": ""Yes"", ""Is PD-L1 positivity inclusion criteria"": ""No"", ""Is any other biomarker used for inclusion"": ""No"", ""Lines of treatment"": ""Only 1st line of treatment for metastatic disease"", ""Monotherapy/combination"": ""Combination"", ""NCT"": ""NCT02853331"", ""Name of ICI"": ""Pembrolizumab"", ""Number of arms"": 2, ""Originial publication or Follow-up"": ""Original publication"", ""Priamry Multiple, composite, or co-primary endpoints?"": ""Multiple"", ""Primary endpoint"": ""OS+PFS"", ""PubMed ID"": ""30779529"", ""Secondary endpoint"": ""ORR; duration of response; safety"", ""Total sample size"": 861, ""Treatment regimen"": ""Pembrolizumab+Axitinib"", ""Trial name"": ""KEYNOTE-426"", ""Trial phase"": ""Phase 3"", ""Type of combination"": ""ICI+TKI"", ""Type of control"": ""TKI"", ""Type of follow-up given"": ""Median"", ""Type of therapy"": ""Combination"", ""Year"": 2019, ""__rowid__"": 21}"
row_35,35,"In Pancreatic trials, convert 'Type of therapy' into is_combination = true/false.",Type of therapy,"[""is_combination""]",bert,column,17,0.6331738233566284,0,42,NCT02578680,29658856,Keynote-189,Combination,"{""Author"": ""Gandhi L et al"", ""Cancer type"": ""Non-Small Cell Lung"", ""Class of ICI"": ""PD1"", ""Clincal setting in relation to surgery"": ""Metastatic+recurrent (unresectable)"", ""Clinical setting"": ""Metastatic+recurrent (unresectable)"", ""Control arm"": ""Chemo"", ""Control regimen"": ""Placebo+Pemetrexed+Platinum agent"", ""Follow-up duration for primary endpoint(s) in months | Control"": null, ""Follow-up duration for primary endpoint(s) in months | Overall"": ""10.5"", ""Follow-up duration for primary endpoint(s) in months | Rx"": null, ""Included in MA"": ""Yes"", ""Is PD-L1 positivity inclusion criteria"": ""No"", ""Is any other biomarker used for inclusion"": ""No"", ""Lines of treatment"": ""Only 1st line of treatment for metastatic disease"", ""Monotherapy/combination"": ""Combination"", ""NCT"": ""NCT02578680"", ""Name of ICI"": ""Pembrolizumab"", ""Number of arms"": 2, ""Originial publication or Follow-up"": ""Original publication"", ""Priamry Multiple, composite, or co-primary endpoints?"": ""Multiple"", ""Primary endpoint"": ""OS+PFS"", ""PubMed ID"": ""29658856"", ""Secondary endpoint"": ""ORR, DOR, safety"", ""Total sample size"": 616, ""Treatment regimen"": ""Pembrolizumab+Platinum agent"", ""Trial name"": ""Keynote-189"", ""Trial phase"": ""Phase 3"", ""Type of combination"": ""ICI+Chemo"", ""Type of control"": ""Chemo"", ""Type of follow-up given"": ""Median"", ""Type of therapy"": ""Combination"", ""Year"": 2018, ""__rowid__"": 42}"
row_35,35,"In Pancreatic trials, convert 'Type of therapy' into is_combination = true/false.",Type of therapy,"[""is_combination""]",bert,column,18,0.6331738233566284,0,51,NCT02477826,31562796,Checkmate 227,Combination,"{""Author"": ""Hellmann MD et al (2)"", ""Cancer type"": ""Non-Small Cell Lung"", ""Class of ICI"": ""PD1"", ""Clincal setting in relation to surgery"": ""Metastatic+recurrent (unresectable)"", ""Clinical setting"": ""Metastatic+recurrent (unresectable)"", ""Control arm"": ""Chemo"", ""Control regimen"": ""Chemotherapy"", ""Follow-up duration for primary endpoint(s) in months | Control"": null, ""Follow-up duration for primary endpoint(s) in months | Overall"": ""29.3"", ""Follow-up duration for primary endpoint(s) in months | Rx"": null, ""Included in MA"": ""Yes"", ""Is PD-L1 positivity inclusion criteria"": ""No"", ""Is any other biomarker used for inclusion"": ""Yes"", ""Lines of treatment"": ""Only 1st line of treatment for metastatic disease"", ""Monotherapy/combination"": ""Combination"", ""NCT"": ""NCT02477826"", ""Name of ICI"": ""Nivolumab"", ""Number of arms"": 4, ""Originial publication or Follow-up"": ""Follow-up"", ""Priamry Multiple, composite, or co-primary endpoints?"": null, ""Primary endpoint"": ""OS"", ""PubMed ID"": ""31562796"", ""Secondary endpoint"": ""PFS; OS with nivolumab+chemotherapy VS chemotherapy alone in patients with PD-L1 <1%; and OS with nivolumab monotherapy VS chemotherapy in patients with a PD-L1 >=50%"", ""Total sample size"": 1739, ""Treatment regimen"": ""Nivolumab+Chemotherapy"", ""Trial name"": ""Checkmate 227"", ""Trial phase"": ""Phase 3"", ""Type of combination"": ""ICI+Chemo"", ""Type of control"": ""Chemo"", ""Type of follow-up given"": ""Minimum"", ""Type of therapy"": ""Combination"", ""Year"": 2019, ""__rowid__"": 51}"
row_35,35,"In Pancreatic trials, convert 'Type of therapy' into is_combination = true/false.",Type of therapy,"[""is_combination""]",bert,column,19,0.6331738233566284,0,49,NCT02477826,31562796,Checkmate 227,Combination,"{""Author"": ""Hellmann MD et al"", ""Cancer type"": ""Non-Small Cell Lung"", ""Class of ICI"": ""PD1, CTLA-4"", ""Clincal setting in relation to surgery"": ""Metastatic+recurrent (unresectable)"", ""Clinical setting"": ""Metastatic+recurrent (unresectable)"", ""Control arm"": ""Chemo"", ""Control regimen"": ""Chemotherapy"", ""Follow-up duration for primary endpoint(s) in months | Control"": null, ""Follow-up duration for primary endpoint(s) in months | Overall"": ""29.3"", ""Follow-up duration for primary endpoint(s) in months | Rx"": null, ""Included in MA"": ""Yes"", ""Is PD-L1 positivity inclusion criteria"": ""No"", ""Is any other biomarker used for inclusion"": ""Yes"", ""Lines of treatment"": ""Only 1st line of treatment for metastatic disease"", ""Monotherapy/combination"": ""Combination"", ""NCT"": ""NCT02477826"", ""Name of ICI"": ""Nivolumab, Ipilimumab"", ""Number of arms"": 4, ""Originial publication or Follow-up"": ""Follow-up"", ""Priamry Multiple, composite, or co-primary endpoints?"": null, ""Primary endpoint"": ""OS"", ""PubMed ID"": ""31562796"", ""Secondary endpoint"": ""PFS; OS with nivolumab+chemotherapy VS chemotherapy alone in patients with PD-L1 <1%; and OS with nivolumab monotherapy VS chemotherapy in patients with a PD-L1 >=50%"", ""Total sample size"": 1739, ""Treatment regimen"": ""Nivolumab+Ipilimumab"", ""Trial name"": ""Checkmate 227"", ""Trial phase"": ""Phase 3"", ""Type of combination"": ""ICI+ICI"", ""Type of control"": ""Chemo"", ""Type of follow-up given"": ""Minimum"", ""Type of therapy"": ""Combination"", ""Year"": 2019, ""__rowid__"": 49}"
row_35,35,"In Pancreatic trials, convert 'Type of therapy' into is_combination = true/false.",Type of therapy,"[""is_combination""]",bert,column,20,0.6331738233566284,0,57,NCT02454933,30763730,CAURAL,Combination,"{""Author"": ""Yang JCH et al"", ""Cancer type"": ""Non-Small Cell Lung"", ""Class of ICI"": ""PD-L1"", ""Clincal setting in relation to surgery"": ""Metastatic+recurrent (unresectable)"", ""Clinical setting"": ""Metastatic+recurrent (unresectable)"", ""Control arm"": ""TKI"", ""Control regimen"": ""Osimertinib"", ""Follow-up duration for primary endpoint(s) in months | Control"": null, ""Follow-up duration for primary endpoint(s) in months | Overall"": null, ""Follow-up duration for primary endpoint(s) in months | Rx"": null, ""Included in MA"": ""No"", ""Is PD-L1 positivity inclusion criteria"": ""No"", ""Is any other biomarker used for inclusion"": ""No"", ""Lines of treatment"": ""Only 2nd or later line of treatment for metastatic disease"", ""Monotherapy/combination"": ""Combination"", ""NCT"": ""NCT02454933"", ""Name of ICI"": ""Durvalumab"", ""Number of arms"": 2, ""Originial publication or Follow-up"": ""Original publication"", ""Priamry Multiple, composite, or co-primary endpoints?"": null, ""Primary endpoint"": null, ""PubMed ID"": ""30763730"", ""Secondary endpoint"": null, ""Total sample size"": 29, ""Treatment regimen"": ""Durvalumab+Osimertinib"", ""Trial name"": ""CAURAL"", ""Trial phase"": ""Phase 3"", ""Type of combination"": ""ICI+TKI"", ""Type of control"": ""TKI"", ""Type of follow-up given"": null, ""Type of therapy"": ""Combination"", ""Year"": 2019, ""__rowid__"": 57}"
row_35,35,"In Pancreatic trials, convert 'Type of therapy' into is_combination = true/false.",Type of therapy,"[""is_combination""]",bert,row,1,0.7404806613922119,0,12,NCT02252042,30509740,KEYNOTE-040,Monotherapy,"{""Author"": ""Cohen EEW et al"", ""Cancer type"": ""Head and Neck"", ""Class of ICI"": ""PD1"", ""Clincal setting in relation to surgery"": ""Metastatic+recurrent (unresectable)"", ""Clinical setting"": ""Metastatic+recurrent (unresectable)"", ""Control arm"": ""Chemo/Anti-EGFR"", ""Control regimen"": ""Methotrexate/Docetaxel/Cetuximab"", ""Follow-up duration for primary endpoint(s) in months | Control"": ""7.1"", ""Follow-up duration for primary endpoint(s) in months | Overall"": null, ""Follow-up duration for primary endpoint(s) in months | Rx"": ""7.5"", ""Included in MA"": ""Yes"", ""Is PD-L1 positivity inclusion criteria"": ""No"", ""Is any other biomarker used for inclusion"": ""No"", ""Lines of treatment"": ""1st and later line of treatment for metastatic disease"", ""Monotherapy/combination"": ""Monotherapy"", ""NCT"": ""NCT02252042"", ""Name of ICI"": ""Pembrolizumab"", ""Number of arms"": 2, ""Originial publication or Follow-up"": ""Original publication"", ""Priamry Multiple, composite, or co-primary endpoints?"": null, ""Primary endpoint"": ""OS"", ""PubMed ID"": ""30509740"", ""Secondary endpoint"": ""OS in the population with \na PD-L1 combined positive \nscore of 1 or higher; safety, \nPFS,ORR, duration of \nconfirmed response in all \nparticipants and those with a PD-L1 combined positive score of 1 or higher."", ""Total sample size"": 495, ""Treatment regimen"": ""Pembrolizumab"", ""Trial name"": ""KEYNOTE-040"", ""Trial phase"": ""Phase 3"", ""Type of combination"": null, ""Type of control"": ""Chemo/Anti-EGFR"", ""Type of follow-up given"": ""Median"", ""Type of therapy"": ""Monotherapy"", ""Year"": 2018, ""__rowid__"": 12}"
row_35,35,"In Pancreatic trials, convert 'Type of therapy' into is_combination = true/false.",Type of therapy,"[""is_combination""]",bert,row,2,0.7371237277984619,0,78,NCT02267343,31863227,ATTRACTION-2,Monotherapy,"{""Author"": ""Chen LT et al"", ""Cancer type"": ""Gastric/GEJ"", ""Class of ICI"": ""PD1"", ""Clincal setting in relation to surgery"": ""Metastatic+recurrent (unresectable)"", ""Clinical setting"": ""Metastatic+recurrent (unresectable)"", ""Control arm"": ""Placebo"", ""Control regimen"": ""Placebo"", ""Follow-up duration for primary endpoint(s) in months | Control"": null, ""Follow-up duration for primary endpoint(s) in months | Overall"": ""27.3"", ""Follow-up duration for primary endpoint(s) in months | Rx"": null, ""Included in MA"": ""Yes"", ""Is PD-L1 positivity inclusion criteria"": ""No"", ""Is any other biomarker used for inclusion"": ""No"", ""Lines of treatment"": ""Only 2nd or later line of treatment for metastatic disease"", ""Monotherapy/combination"": ""Monotherapy"", ""NCT"": ""NCT02267343"", ""Name of ICI"": ""Nivolumab"", ""Number of arms"": 2, ""Originial publication or Follow-up"": ""Follow-up"", ""Priamry Multiple, composite, or co-primary endpoints?"": null, ""Primary endpoint"": ""OS"", ""PubMed ID"": ""31863227"", ""Secondary endpoint"": ""PFS, ORR, disease control rate, DoR, time to response, best overall response, the maximum percentage change from baseline in the sum of diameters of target lesions."", ""Total sample size"": 493, ""Treatment regimen"": ""Nivolumab"", ""Trial name"": ""ATTRACTION-2"", ""Trial phase"": ""Phase 3"", ""Type of combination"": null, ""Type of control"": ""Placebo"", ""Type of follow-up given"": ""Median"", ""Type of therapy"": ""Monotherapy"", ""Year"": 2019, ""__rowid__"": 78}"
row_35,35,"In Pancreatic trials, convert 'Type of therapy' into is_combination = true/false.",Type of therapy,"[""is_combination""]",bert,row,3,0.7353459596633911,0,9,NCT02267343,28993052,ATTRACTION-2,Monotherapy,"{""Author"": ""Kang YK et al"", ""Cancer type"": ""Gastric/GEJ"", ""Class of ICI"": ""PD1"", ""Clincal setting in relation to surgery"": ""Metastatic+recurrent (unresectable)"", ""Clinical setting"": ""Metastatic+recurrent (unresectable)"", ""Control arm"": ""Placebo"", ""Control regimen"": ""Placebo"", ""Follow-up duration for primary endpoint(s) in months | Control"": ""8.59"", ""Follow-up duration for primary endpoint(s) in months | Overall"": null, ""Follow-up duration for primary endpoint(s) in months | Rx"": ""8.87"", ""Included in MA"": ""Yes"", ""Is PD-L1 positivity inclusion criteria"": ""No"", ""Is any other biomarker used for inclusion"": ""No"", ""Lines of treatment"": ""Only 2nd or later line of treatment for metastatic disease"", ""Monotherapy/combination"": ""Monotherapy"", ""NCT"": ""NCT02267343"", ""Name of ICI"": ""Nivolumab"", ""Number of arms"": 2, ""Originial publication or Follow-up"": ""Original publication"", ""Priamry Multiple, composite, or co-primary endpoints?"": null, ""Primary endpoint"": ""OS"", ""PubMed ID"": ""28993052"", ""Secondary endpoint"": ""PFS, ORR, disease control rate, DoR, time to response, best overall response, the maximum percentage change from baseline in the sum of diameters of target lesions."", ""Total sample size"": 493, ""Treatment regimen"": ""Nivolumab"", ""Trial name"": ""ATTRACTION-2"", ""Trial phase"": ""Phase 3"", ""Type of combination"": null, ""Type of control"": ""Placebo"", ""Type of follow-up given"": ""Median"", ""Type of therapy"": ""Monotherapy"", ""Year"": 2017, ""__rowid__"": 9}"
row_35,35,"In Pancreatic trials, convert 'Type of therapy' into is_combination = true/false.",Type of therapy,"[""is_combination""]",bert,row,4,0.7350865602493286,0,140,NCT02563002,33264544,MK-3475/Keynote-177,Monotherapy,"{""Author"": ""Andre T et al."", ""Cancer type"": ""Colorectal"", ""Class of ICI"": ""PD1"", ""Clincal setting in relation to surgery"": ""Metastatic+recurrent (unresectable)"", ""Clinical setting"": ""Metastatic+recurrent (unresectable)"", ""Control arm"": ""Chemo"", ""Control regimen"": ""Oxaliplatin+ leucovorin+5-fluoropyrimidine/mFOLFOX6+bevacizumab/mFOLFOX6+cetuximab"", ""Follow-up duration for primary endpoint(s) in months | Control"": null, ""Follow-up duration for primary endpoint(s) in months | Overall"": ""32.4"", ""Follow-up duration for primary endpoint(s) in months | Rx"": null, ""Included in MA"": null, ""Is PD-L1 positivity inclusion criteria"": ""No"", ""Is any other biomarker used for inclusion"": ""Yes"", ""Lines of treatment"": ""1st and later line of treatment for metastatic disease"", ""Monotherapy/combination"": ""Monotherapy"", ""NCT"": ""NCT02563002"", ""Name of ICI"": ""Pembrolizumab"", ""Number of arms"": 2, ""Originial publication or Follow-up"": ""Original publication"", ""Priamry Multiple, composite, or co-primary endpoints?"": ""Multiple"", ""Primary endpoint"": ""PFS+OS"", ""PubMed ID"": ""33264544"", ""Secondary endpoint"": ""ORR, safety"", ""Total sample size"": 307, ""Treatment regimen"": ""Pembrolizumab"", ""Trial name"": ""MK-3475/Keynote-177"", ""Trial phase"": ""Phase 3"", ""Type of combination"": null, ""Type of control"": ""Chemo"", ""Type of follow-up given"": ""Median"", ""Type of therapy"": ""Monotherapy"", ""Year"": 2020, ""__rowid__"": 140}"
row_35,35,"In Pancreatic trials, convert 'Type of therapy' into is_combination = true/false.",Type of therapy,"[""is_combination""]",bert,row,5,0.7340301275253296,0,14,NCT02105636,29884413,CheckMate 141,Monotherapy,"{""Author"": ""Ferris RL et al"", ""Cancer type"": ""Head and Neck"", ""Class of ICI"": ""PD1"", ""Clincal setting in relation to surgery"": ""Metastatic+recurrent (unresectable)"", ""Clinical setting"": ""Metastatic+recurrent (unresectable)"", ""Control arm"": ""Chemo/Anti-EGFR"", ""Control regimen"": ""Methotrexate/Docetaxel/Cetuximab"", ""Follow-up duration for primary endpoint(s) in months | Control"": null, ""Follow-up duration for primary endpoint(s) in months | Overall"": ""24.2"", ""Follow-up duration for primary endpoint(s) in months | Rx"": null, ""Included in MA"": ""Yes"", ""Is PD-L1 positivity inclusion criteria"": ""No"", ""Is any other biomarker used for inclusion"": ""No"", ""Lines of treatment"": ""1st and later line of treatment for metastatic disease"", ""Monotherapy/combination"": ""Monotherapy"", ""NCT"": ""NCT02105636"", ""Name of ICI"": ""Nivolumab"", ""Number of arms"": 2, ""Originial publication or Follow-up"": ""Follow-up"", ""Priamry Multiple, composite, or co-primary endpoints?"": null, ""Primary endpoint"": ""OS"", ""PubMed ID"": ""29884413"", ""Secondary endpoint"": ""PFS, ORR"", ""Total sample size"": 361, ""Treatment regimen"": ""Nivolumab"", ""Trial name"": ""CheckMate 141"", ""Trial phase"": ""Phase 3"", ""Type of combination"": null, ""Type of control"": ""Chemo/Anti-EGFR"", ""Type of follow-up given"": ""Minimum"", ""Type of therapy"": ""Monotherapy"", ""Year"": 2018, ""__rowid__"": 14}"
row_35,35,"In Pancreatic trials, convert 'Type of therapy' into is_combination = true/false.",Type of therapy,"[""is_combination""]",bert,row,6,0.7335154414176941,0,99,NCT02453282,32271377,MYSTIC,Monotherapy,"{""Author"": ""Rizvi NA et al"", ""Cancer type"": ""Non-Small Cell Lung"", ""Class of ICI"": ""PD-L1"", ""Clincal setting in relation to surgery"": ""Metastatic+recurrent (unresectable)"", ""Clinical setting"": ""Metastatic+recurrent (unresectable)"", ""Control arm"": ""Chemo"", ""Control regimen"": ""Investigator's choice chemotherapy"", ""Follow-up duration for primary endpoint(s) in months | Control"": null, ""Follow-up duration for primary endpoint(s) in months | Overall"": ""30.2, 10.6"", ""Follow-up duration for primary endpoint(s) in months | Rx"": null, ""Included in MA"": ""Yes"", ""Is PD-L1 positivity inclusion criteria"": ""No"", ""Is any other biomarker used for inclusion"": ""Yes"", ""Lines of treatment"": ""Only 1st line of treatment for metastatic disease"", ""Monotherapy/combination"": ""Monotherapy"", ""NCT"": ""NCT02453282"", ""Name of ICI"": ""Durvalumab"", ""Number of arms"": 3, ""Originial publication or Follow-up"": ""Original publication"", ""Priamry Multiple, composite, or co-primary endpoints?"": ""Multiple"", ""Primary endpoint"": ""OS+PFS"", ""PubMed ID"": ""32271377"", ""Secondary endpoint"": ""PFS for durvalumab vs. chemotherapy; ORR and DOR in patients with PD-L1 TC ≥25%; safety and tolerability."", ""Total sample size"": 1118, ""Treatment regimen"": ""Durvalumab"", ""Trial name"": ""MYSTIC"", ""Trial phase"": ""Phase 3"", ""Type of combination"": null, ""Type of control"": ""Chemo"", ""Type of follow-up given"": ""Median"", ""Type of therapy"": ""Monotherapy"", ""Year"": 2020, ""__rowid__"": 99}"
row_35,35,"In Pancreatic trials, convert 'Type of therapy' into is_combination = true/false.",Type of therapy,"[""is_combination""]",bert,row,7,0.7332102060317993,0,13,NCT02105636,27718784,CheckMate 141,Monotherapy,"{""Author"": ""Ferris RL et al"", ""Cancer type"": ""Head and Neck"", ""Class of ICI"": ""PD1"", ""Clincal setting in relation to surgery"": ""Metastatic+recurrent (unresectable)"", ""Clinical setting"": ""Metastatic+recurrent (unresectable)"", ""Control arm"": ""Chemo/Anti-EGFR"", ""Control regimen"": ""Methotrexate/Docetaxel/Cetuximab"", ""Follow-up duration for primary endpoint(s) in months | Control"": null, ""Follow-up duration for primary endpoint(s) in months | Overall"": ""5.1"", ""Follow-up duration for primary endpoint(s) in months | Rx"": null, ""Included in MA"": ""Yes"", ""Is PD-L1 positivity inclusion criteria"": ""No"", ""Is any other biomarker used for inclusion"": ""No"", ""Lines of treatment"": ""1st and later line of treatment for metastatic disease"", ""Monotherapy/combination"": ""Monotherapy"", ""NCT"": ""NCT02105636"", ""Name of ICI"": ""Nivolumab"", ""Number of arms"": 2, ""Originial publication or Follow-up"": ""Original publication"", ""Priamry Multiple, composite, or co-primary endpoints?"": null, ""Primary endpoint"": ""OS"", ""PubMed ID"": ""27718784"", ""Secondary endpoint"": ""PFS, ORR"", ""Total sample size"": 361, ""Treatment regimen"": ""Nivolumab"", ""Trial name"": ""CheckMate 141"", ""Trial phase"": ""Phase 3"", ""Type of combination"": null, ""Type of control"": ""Chemo/Anti-EGFR"", ""Type of follow-up given"": ""Median"", ""Type of therapy"": ""Monotherapy"", ""Year"": 2016, ""__rowid__"": 13}"
row_35,35,"In Pancreatic trials, convert 'Type of therapy' into is_combination = true/false.",Type of therapy,"[""is_combination""]",bert,row,8,0.7331229448318481,0,18,NCT02231749,29562145,CheckMate 214,Combination,"{""Author"": ""Motzer RJ et al"", ""Cancer type"": ""Renal cell"", ""Class of ICI"": ""PD1, CTLA-4"", ""Clincal setting in relation to surgery"": ""Metastatic+recurrent (unresectable)"", ""Clinical setting"": ""Metastatic+recurrent (unresectable)"", ""Control arm"": ""TKI"", ""Control regimen"": ""Sunitinib"", ""Follow-up duration for primary endpoint(s) in months | Control"": null, ""Follow-up duration for primary endpoint(s) in months | Overall"": ""25.2"", ""Follow-up duration for primary endpoint(s) in months | Rx"": null, ""Included in MA"": ""Yes"", ""Is PD-L1 positivity inclusion criteria"": ""No"", ""Is any other biomarker used for inclusion"": ""No"", ""Lines of treatment"": ""Only 1st line of treatment for metastatic disease"", ""Monotherapy/combination"": ""Combination"", ""NCT"": ""NCT02231749"", ""Name of ICI"": ""Nivolumab, Ipilimumab"", ""Number of arms"": 2, ""Originial publication or Follow-up"": ""Original publication"", ""Priamry Multiple, composite, or co-primary endpoints?"": ""Co-primary"", ""Primary endpoint"": ""OS+PFS+ORR"", ""PubMed ID"": ""29562145"", ""Secondary endpoint"": ""ORR, PFS and OS in \nintention-to-treat population; incidence rate of adverse events among all treated patients."", ""Total sample size"": 1096, ""Treatment regimen"": ""Nivolumab+Ipilimumab"", ""Trial name"": ""CheckMate 214"", ""Trial phase"": ""Phase 3"", ""Type of combination"": ""ICI+ICI"", ""Type of control"": ""TKI"", ""Type of follow-up given"": ""Median"", ""Type of therapy"": ""Combination"", ""Year"": 2018, ""__rowid__"": 18}"
row_35,35,"In Pancreatic trials, convert 'Type of therapy' into is_combination = true/false.",Type of therapy,"[""is_combination""]",bert,row,9,0.7331080436706543,0,89,NCT02352948,32201234,ARCTIC,Monotherapy,"{""Author"": ""Planchard D et al"", ""Cancer type"": ""Non-Small Cell Lung"", ""Class of ICI"": ""PD-L1"", ""Clincal setting in relation to surgery"": ""Metastatic+recurrent (unresectable)"", ""Clinical setting"": ""Metastatic+recurrent (unresectable)"", ""Control arm"": ""Chemo/TKI"", ""Control regimen"": ""Erlotinib/gemcitabine/vinorelbine"", ""Follow-up duration for primary endpoint(s) in months | Control"": null, ""Follow-up duration for primary endpoint(s) in months | Overall"": ""9.1"", ""Follow-up duration for primary endpoint(s) in months | Rx"": null, ""Included in MA"": ""Yes"", ""Is PD-L1 positivity inclusion criteria"": ""No"", ""Is any other biomarker used for inclusion"": ""No"", ""Lines of treatment"": ""Only 2nd or later line of treatment for metastatic disease"", ""Monotherapy/combination"": ""Monotherapy"", ""NCT"": ""NCT02352948"", ""Name of ICI"": ""Durvalumab"", ""Number of arms"": 4, ""Originial publication or Follow-up"": ""Original publication"", ""Priamry Multiple, composite, or co-primary endpoints?"": ""Multiple"", ""Primary endpoint"": ""OS+PFS"", ""PubMed ID"": ""32201234"", ""Secondary endpoint"": ""OS rate at 12 months; proportion of patients alive and progression-free at 6 and 12 months; ORR; DoR."", ""Total sample size"": 595, ""Treatment regimen"": ""Durvalumab"", ""Trial name"": ""ARCTIC"", ""Trial phase"": ""Phase 3"", ""Type of combination"": null, ""Type of control"": ""Chemo/TKI"", ""Type of follow-up given"": ""Median"", ""Type of therapy"": ""Monotherapy"", ""Year"": 2020, ""__rowid__"": 89}"
row_35,35,"In Pancreatic trials, convert 'Type of therapy' into is_combination = true/false.",Type of therapy,"[""is_combination""]",bert,row,10,0.7326400279998779,0,61,NCT00257205,23295794,,Monotherapy,"{""Author"": ""Ribas A et al"", ""Cancer type"": ""Melanoma"", ""Class of ICI"": ""CTLA-4"", ""Clincal setting in relation to surgery"": ""Metastatic+recurrent (unresectable)"", ""Clinical setting"": ""Metastatic+recurrent (unresectable)"", ""Control arm"": ""Chemo"", ""Control regimen"": ""Temozolomide/dacarbazine"", ""Follow-up duration for primary endpoint(s) in months | Control"": null, ""Follow-up duration for primary endpoint(s) in months | Overall"": null, ""Follow-up duration for primary endpoint(s) in months | Rx"": null, ""Included in MA"": ""Yes"", ""Is PD-L1 positivity inclusion criteria"": ""No"", ""Is any other biomarker used for inclusion"": ""No"", ""Lines of treatment"": ""Only 1st line of treatment for metastatic disease"", ""Monotherapy/combination"": ""Monotherapy"", ""NCT"": ""NCT00257205"", ""Name of ICI"": ""Tremelimumab"", ""Number of arms"": 2, ""Originial publication or Follow-up"": ""Original publication"", ""Priamry Multiple, composite, or co-primary endpoints?"": null, ""Primary endpoint"": ""OS"", ""PubMed ID"": ""23295794"", ""Secondary endpoint"": ""PFS; best overall response; duration of response; PFS at 6 months after random assignment; safety."", ""Total sample size"": 655, ""Treatment regimen"": ""Tremelimumab"", ""Trial name"": null, ""Trial phase"": ""Phase 3"", ""Type of combination"": null, ""Type of control"": ""Chemo"", ""Type of follow-up given"": null, ""Type of therapy"": ""Monotherapy"", ""Year"": 2013, ""__rowid__"": 61}"
row_35,35,"In Pancreatic trials, convert 'Type of therapy' into is_combination = true/false.",Type of therapy,"[""is_combination""]",bert,row,11,0.7323019504547119,0,106,NCT02500121,32271672,,Monotherapy,"{""Author"": ""Galsky MD et al"", ""Cancer type"": ""Urothelial"", ""Class of ICI"": ""PD1"", ""Clincal setting in relation to surgery"": ""Metastatic+recurrent (unresectable)"", ""Clinical setting"": ""Metastatic+recurrent (unresectable)"", ""Control arm"": ""Placebo"", ""Control regimen"": ""Placebo"", ""Follow-up duration for primary endpoint(s) in months | Control"": ""3"", ""Follow-up duration for primary endpoint(s) in months | Overall"": null, ""Follow-up duration for primary endpoint(s) in months | Rx"": ""5.4"", ""Included in MA"": ""Yes"", ""Is PD-L1 positivity inclusion criteria"": ""No"", ""Is any other biomarker used for inclusion"": ""No"", ""Lines of treatment"": ""Only 2nd or later line of treatment for metastatic disease"", ""Monotherapy/combination"": ""Monotherapy"", ""NCT"": ""NCT02500121"", ""Name of ICI"": ""Pembrolizumab"", ""Number of arms"": 2, ""Originial publication or Follow-up"": ""Original publication"", ""Priamry Multiple, composite, or co-primary endpoints?"": null, ""Primary endpoint"": ""PFS"", ""PubMed ID"": ""32271672"", ""Secondary endpoint"": ""OS, treatment outcomes CPS"", ""Total sample size"": 108, ""Treatment regimen"": ""Pembrolizumab"", ""Trial name"": null, ""Trial phase"": ""Phase 2"", ""Type of combination"": null, ""Type of control"": ""Placebo"", ""Type of follow-up given"": ""Median"", ""Type of therapy"": ""Monotherapy"", ""Year"": 2020, ""__rowid__"": 106}"
row_35,35,"In Pancreatic trials, convert 'Type of therapy' into is_combination = true/false.",Type of therapy,"[""is_combination""]",bert,row,12,0.7322902679443359,0,73,NCT01843374,28729154,DETERMINE,Monotherapy,"{""Author"": ""Maio M et al"", ""Cancer type"": ""Mesothelioma"", ""Class of ICI"": ""CTLA-4"", ""Clincal setting in relation to surgery"": ""Metastatic+recurrent (unresectable)"", ""Clinical setting"": ""Metastatic+recurrent (unresectable)"", ""Control arm"": ""Placebo"", ""Control regimen"": ""Placebo"", ""Follow-up duration for primary endpoint(s) in months | Control"": null, ""Follow-up duration for primary endpoint(s) in months | Overall"": null, ""Follow-up duration for primary endpoint(s) in months | Rx"": null, ""Included in MA"": ""Yes"", ""Is PD-L1 positivity inclusion criteria"": ""No"", ""Is any other biomarker used for inclusion"": ""No"", ""Lines of treatment"": ""Only 2nd or later line of treatment for metastatic disease"", ""Monotherapy/combination"": ""Monotherapy"", ""NCT"": ""NCT01843374"", ""Name of ICI"": ""Tremelimumab"", ""Number of arms"": 2, ""Originial publication or Follow-up"": ""Original publication"", ""Priamry Multiple, composite, or co-primary endpoints?"": null, ""Primary endpoint"": ""OS"", ""PubMed ID"": ""28729154"", ""Secondary endpoint"": ""18-month OS; disease control and durable disease control; PFS; proportion of patients achieving an objective response; duration of response;  patient-reported outcomes; pharmacokinetics; immunogenicity of tremelimumab; and safety and tolerability."", ""Total sample size"": 571, ""Treatment regimen"": ""Tremelimumab"", ""Trial name"": ""DETERMINE"", ""Trial phase"": ""Phase 2"", ""Type of combination"": null, ""Type of control"": ""Placebo"", ""Type of follow-up given"": null, ""Type of therapy"": ""Monotherapy"", ""Year"": 2017, ""__rowid__"": 73}"
row_35,35,"In Pancreatic trials, convert 'Type of therapy' into is_combination = true/false.",Type of therapy,"[""is_combination""]",bert,row,13,0.7322517037391663,0,19,NCT02231749,31427204,CheckMate 214,Combination,"{""Author"": ""Motzer RJ et al"", ""Cancer type"": ""Renal cell"", ""Class of ICI"": ""PD1, CTLA-4"", ""Clincal setting in relation to surgery"": ""Metastatic+recurrent (unresectable)"", ""Clinical setting"": ""Metastatic+recurrent (unresectable)"", ""Control arm"": ""TKI"", ""Control regimen"": ""Sunitinib"", ""Follow-up duration for primary endpoint(s) in months | Control"": null, ""Follow-up duration for primary endpoint(s) in months | Overall"": ""32.4"", ""Follow-up duration for primary endpoint(s) in months | Rx"": null, ""Included in MA"": ""Yes"", ""Is PD-L1 positivity inclusion criteria"": ""No"", ""Is any other biomarker used for inclusion"": ""No"", ""Lines of treatment"": ""Only 1st line of treatment for metastatic disease"", ""Monotherapy/combination"": ""Combination"", ""NCT"": ""NCT02231749"", ""Name of ICI"": ""Nivolumab, Ipilimumab"", ""Number of arms"": 2, ""Originial publication or Follow-up"": ""Follow-up"", ""Priamry Multiple, composite, or co-primary endpoints?"": ""Co-primary"", ""Primary endpoint"": ""OS+PFS+ORR"", ""PubMed ID"": ""31427204"", ""Secondary endpoint"": ""ORR, PFS and OS in intention-to-treat population; incidence rate of adverse events among all treated patients."", ""Total sample size"": 1096, ""Treatment regimen"": ""Nivolumab+Ipilimumab"", ""Trial name"": ""CheckMate 214"", ""Trial phase"": ""Phase 3"", ""Type of combination"": ""ICI+ICI"", ""Type of control"": ""TKI"", ""Type of follow-up given"": ""Median"", ""Type of therapy"": ""Combination"", ""Year"": 2019, ""__rowid__"": 19}"
row_35,35,"In Pancreatic trials, convert 'Type of therapy' into is_combination = true/false.",Type of therapy,"[""is_combination""]",bert,row,14,0.7321548461914062,1,88,NCT02362048,32114502,KEYNOTE144,Combination,"{""Author"": ""Overman M et al"", ""Cancer type"": ""Pancreatic"", ""Class of ICI"": ""PD1"", ""Clincal setting in relation to surgery"": ""Metastatic+recurrent (unresectable)"", ""Clinical setting"": ""Metastatic+recurrent (unresectable)"", ""Control arm"": ""TKI"", ""Control regimen"": ""Acalabrutinib"", ""Follow-up duration for primary endpoint(s) in months | Control"": null, ""Follow-up duration for primary endpoint(s) in months | Overall"": null, ""Follow-up duration for primary endpoint(s) in months | Rx"": null, ""Included in MA"": ""No"", ""Is PD-L1 positivity inclusion criteria"": ""No"", ""Is any other biomarker used for inclusion"": ""No"", ""Lines of treatment"": ""Only 2nd or later line of treatment for metastatic disease"", ""Monotherapy/combination"": ""Combination"", ""NCT"": ""NCT02362048"", ""Name of ICI"": ""Pembrolizumab"", ""Number of arms"": 2, ""Originial publication or Follow-up"": ""Original publication"", ""Priamry Multiple, composite, or co-primary endpoints?"": null, ""Primary endpoint"": ""Safety"", ""PubMed ID"": ""32114502"", ""Secondary endpoint"": ""ORR; disease control rate; PFS; OS; change in cancer antigen (CA) 19–9."", ""Total sample size"": 77, ""Treatment regimen"": ""Pembrolizumab+Acalabrutinib"", ""Trial name"": ""KEYNOTE144"", ""Trial phase"": ""Phase 2"", ""Type of combination"": ""ICI+TKI"", ""Type of control"": ""TKI"", ""Type of follow-up given"": null, ""Type of therapy"": ""Combination"", ""Year"": 2020, ""__rowid__"": 88}"
row_35,35,"In Pancreatic trials, convert 'Type of therapy' into is_combination = true/false.",Type of therapy,"[""is_combination""]",bert,row,15,0.7318435311317444,0,22,NCT02420821,31079938,IMmotion151,Combination,"{""Author"": ""Rini BI et al"", ""Cancer type"": ""Renal cell"", ""Class of ICI"": ""PD-L1"", ""Clincal setting in relation to surgery"": ""Metastatic+recurrent (unresectable)"", ""Clinical setting"": ""Metastatic+recurrent (unresectable)"", ""Control arm"": ""TKI"", ""Control regimen"": ""Sunitinib"", ""Follow-up duration for primary endpoint(s) in months | Control"": null, ""Follow-up duration for primary endpoint(s) in months | Overall"": ""24, 15"", ""Follow-up duration for primary endpoint(s) in months | Rx"": null, ""Included in MA"": ""Yes"", ""Is PD-L1 positivity inclusion criteria"": ""No"", ""Is any other biomarker used for inclusion"": ""No"", ""Lines of treatment"": ""Only 1st line of treatment for metastatic disease"", ""Monotherapy/combination"": ""Combination"", ""NCT"": ""NCT02420821"", ""Name of ICI"": ""Atezolizumab"", ""Number of arms"": 2, ""Originial publication or Follow-up"": ""Original publication"", ""Priamry Multiple, composite, or co-primary endpoints?"": ""Co-primary"", ""Primary endpoint"": ""OS+PFS"", ""PubMed ID"": ""31079938"", ""Secondary endpoint"": ""OS in PD-L1 positive population; PFS in the ITT population; proportion of patients who achieved an objective response; duration of response; patient-reported outcomes; safety"", ""Total sample size"": 915, ""Treatment regimen"": ""Atezolizumab+Bevacizumab"", ""Trial name"": ""IMmotion151"", ""Trial phase"": ""Phase 3"", ""Type of combination"": ""ICI+Anti-VEGF"", ""Type of control"": ""TKI"", ""Type of follow-up given"": ""Median"", ""Type of therapy"": ""Combination"", ""Year"": 2019, ""__rowid__"": 22}"
row_35,35,"In Pancreatic trials, convert 'Type of therapy' into is_combination = true/false.",Type of therapy,"[""is_combination""]",bert,row,16,0.7312612533569336,0,90,NCT02352948,32201234,ARCTIC,Monotherapy,"{""Author"": ""Planchard D et al (1)"", ""Cancer type"": ""Non-Small Cell Lung"", ""Class of ICI"": ""CTLA-4"", ""Clincal setting in relation to surgery"": ""Metastatic+recurrent (unresectable)"", ""Clinical setting"": ""Metastatic+recurrent (unresectable)"", ""Control arm"": ""Chemo/TKI"", ""Control regimen"": ""Erlotinib/gemcitabine/vinorelbine"", ""Follow-up duration for primary endpoint(s) in months | Control"": null, ""Follow-up duration for primary endpoint(s) in months | Overall"": ""9.1"", ""Follow-up duration for primary endpoint(s) in months | Rx"": null, ""Included in MA"": ""Yes"", ""Is PD-L1 positivity inclusion criteria"": ""No"", ""Is any other biomarker used for inclusion"": ""No"", ""Lines of treatment"": ""Only 2nd or later line of treatment for metastatic disease"", ""Monotherapy/combination"": ""Monotherapy"", ""NCT"": ""NCT02352948"", ""Name of ICI"": ""Tremelimumab"", ""Number of arms"": 4, ""Originial publication or Follow-up"": ""Original publication"", ""Priamry Multiple, composite, or co-primary endpoints?"": ""Multiple"", ""Primary endpoint"": ""OS+PFS"", ""PubMed ID"": ""32201234"", ""Secondary endpoint"": ""OS rate at 12 months; proportion of patients alive and progression-free at 6 and 12 months; ORR; DoR."", ""Total sample size"": 595, ""Treatment regimen"": ""Tremelimumab"", ""Trial name"": ""ARCTIC"", ""Trial phase"": ""Phase 3"", ""Type of combination"": null, ""Type of control"": ""Chemo/TKI"", ""Type of follow-up given"": ""Median"", ""Type of therapy"": ""Monotherapy"", ""Year"": 2020, ""__rowid__"": 90}"
row_35,35,"In Pancreatic trials, convert 'Type of therapy' into is_combination = true/false.",Type of therapy,"[""is_combination""]",bert,row,17,0.7312272787094116,0,68,NCT01721746,25795410,CheckMate 037,Monotherapy,"{""Author"": ""Weber JS et al"", ""Cancer type"": ""Melanoma"", ""Class of ICI"": ""PD1"", ""Clincal setting in relation to surgery"": ""Metastatic+recurrent (unresectable)"", ""Clinical setting"": ""Metastatic+recurrent (unresectable)"", ""Control arm"": ""Chemo"", ""Control regimen"": ""Dacarbazine/carboplatin+paclitaxel"", ""Follow-up duration for primary endpoint(s) in months | Control"": null, ""Follow-up duration for primary endpoint(s) in months | Overall"": ""6"", ""Follow-up duration for primary endpoint(s) in months | Rx"": null, ""Included in MA"": ""Yes"", ""Is PD-L1 positivity inclusion criteria"": ""No"", ""Is any other biomarker used for inclusion"": ""No"", ""Lines of treatment"": ""Only 2nd or later line of treatment for metastatic disease"", ""Monotherapy/combination"": ""Monotherapy"", ""NCT"": ""NCT01721746"", ""Name of ICI"": ""Nivolumab"", ""Number of arms"": 2, ""Originial publication or Follow-up"": ""Original publication"", ""Priamry Multiple, composite, or co-primary endpoints?"": ""Co-primary"", ""Primary endpoint"": ""OS+ORR"", ""PubMed ID"": ""25795410"", ""Secondary endpoint"": ""PFS; PD-L1 expression as a predictive biomarker for ORR and OS; health-related quality of life."", ""Total sample size"": 405, ""Treatment regimen"": ""Nivolumab"", ""Trial name"": ""CheckMate 037"", ""Trial phase"": ""Phase 3"", ""Type of combination"": null, ""Type of control"": ""Chemo"", ""Type of follow-up given"": ""Minimum"", ""Type of therapy"": ""Monotherapy"", ""Year"": 2015, ""__rowid__"": 68}"
row_35,35,"In Pancreatic trials, convert 'Type of therapy' into is_combination = true/false.",Type of therapy,"[""is_combination""]",bert,row,18,0.7311502695083618,0,129,NCT02409342,32997907,IMpower110,Monotherapy,"{""Author"": ""Herbst RS et al."", ""Cancer type"": ""Non-Small Cell Lung"", ""Class of ICI"": ""PD-L1"", ""Clincal setting in relation to surgery"": ""Metastatic+recurrent (unresectable)"", ""Clinical setting"": ""Metastatic+recurrent (unresectable)"", ""Control arm"": ""Chemo"", ""Control regimen"": ""Cisplatin/carboplatin+gemcitabine"", ""Follow-up duration for primary endpoint(s) in months | Control"": null, ""Follow-up duration for primary endpoint(s) in months | Overall"": ""13.4"", ""Follow-up duration for primary endpoint(s) in months | Rx"": null, ""Included in MA"": null, ""Is PD-L1 positivity inclusion criteria"": ""Yes"", ""Is any other biomarker used for inclusion"": ""Yes"", ""Lines of treatment"": ""Only 1st line of treatment for metastatic disease"", ""Monotherapy/combination"": ""Monotherapy"", ""NCT"": ""NCT02409342"", ""Name of ICI"": ""Atezolizumab"", ""Number of arms"": 2, ""Originial publication or Follow-up"": ""Original publication"", ""Priamry Multiple, composite, or co-primary endpoints?"": null, ""Primary endpoint"": ""OS"", ""PubMed ID"": ""32997907"", ""Secondary endpoint"": ""investigator-assessed PFS, DOR"", ""Total sample size"": 572, ""Treatment regimen"": ""Atezolizumab"", ""Trial name"": ""IMpower110"", ""Trial phase"": ""Phase 3"", ""Type of combination"": null, ""Type of control"": ""Chemo"", ""Type of follow-up given"": ""Median"", ""Type of therapy"": ""Monotherapy"", ""Year"": 2020, ""__rowid__"": 129}"
row_35,35,"In Pancreatic trials, convert 'Type of therapy' into is_combination = true/false.",Type of therapy,"[""is_combination""]",bert,row,19,0.7311283349990845,0,17,NCT01984242,29867230,IMmotion150,Combination,"{""Author"": ""McDermott DF et al (1)"", ""Cancer type"": ""Renal cell"", ""Class of ICI"": ""PD-L1"", ""Clincal setting in relation to surgery"": ""Metastatic+recurrent (unresectable)"", ""Clinical setting"": ""Metastatic+recurrent (unresectable)"", ""Control arm"": ""TKI"", ""Control regimen"": ""Sunitinib"", ""Follow-up duration for primary endpoint(s) in months | Control"": null, ""Follow-up duration for primary endpoint(s) in months | Overall"": ""20.7"", ""Follow-up duration for primary endpoint(s) in months | Rx"": null, ""Included in MA"": ""No"", ""Is PD-L1 positivity inclusion criteria"": ""No"", ""Is any other biomarker used for inclusion"": ""No"", ""Lines of treatment"": ""Only 1st line of treatment for metastatic disease"", ""Monotherapy/combination"": ""Combination"", ""NCT"": ""NCT01984242"", ""Name of ICI"": ""Atezolizumab"", ""Number of arms"": 3, ""Originial publication or Follow-up"": ""Original publication"", ""Priamry Multiple, composite, or co-primary endpoints?"": null, ""Primary endpoint"": ""PFS"", ""PubMed ID"": ""29867230"", ""Secondary endpoint"": ""Investigator-assessed PFS; ORR; \nDOR; OS; patient-reported outcomes; safety."", ""Total sample size"": 305, ""Treatment regimen"": ""Atezolizumab+Bevacizumab"", ""Trial name"": ""IMmotion150"", ""Trial phase"": ""Phase 2"", ""Type of combination"": ""ICI+Chemo"", ""Type of control"": ""TKI"", ""Type of follow-up given"": ""Median"", ""Type of therapy"": ""Combination"", ""Year"": 2018, ""__rowid__"": 17}"
row_35,35,"In Pancreatic trials, convert 'Type of therapy' into is_combination = true/false.",Type of therapy,"[""is_combination""]",bert,row,20,0.7310469150543213,0,80,NCT02569242,31582355,ATTRACTION-3,Monotherapy,"{""Author"": ""Kato K et al"", ""Cancer type"": ""Esophageal/GEJ"", ""Class of ICI"": ""PD1"", ""Clincal setting in relation to surgery"": ""Metastatic+recurrent (unresectable)"", ""Clinical setting"": ""Metastatic+recurrent (unresectable)"", ""Control arm"": ""Chemo"", ""Control regimen"": ""Paclitaxel/Docetaxel"", ""Follow-up duration for primary endpoint(s) in months | Control"": ""8"", ""Follow-up duration for primary endpoint(s) in months | Overall"": null, ""Follow-up duration for primary endpoint(s) in months | Rx"": ""10.5"", ""Included in MA"": ""Yes"", ""Is PD-L1 positivity inclusion criteria"": ""No"", ""Is any other biomarker used for inclusion"": ""No"", ""Lines of treatment"": ""Only 2nd or later line of treatment for metastatic disease"", ""Monotherapy/combination"": ""Monotherapy"", ""NCT"": ""NCT02569242"", ""Name of ICI"": ""Nivolumab"", ""Number of arms"": 2, ""Originial publication or Follow-up"": ""Original publication"", ""Priamry Multiple, composite, or co-primary endpoints?"": null, ""Primary endpoint"": ""OS"", ""PubMed ID"": ""31582355"", ""Secondary endpoint"": ""investigator-assessed objective response, best overall response; progression-free survival;the proportion of patients with disease control; maximum percentage change from baseline in the sum of the diameters of target lesions; time to response; and duration of response"", ""Total sample size"": 419, ""Treatment regimen"": ""Nivolumab"", ""Trial name"": ""ATTRACTION-3"", ""Trial phase"": ""Phase 3"", ""Type of combination"": null, ""Type of control"": ""Chemo"", ""Type of follow-up given"": ""Median"", ""Type of therapy"": ""Monotherapy"", ""Year"": 2019, ""__rowid__"": 80}"
row_35,35,"In Pancreatic trials, convert 'Type of therapy' into is_combination = true/false.",Type of therapy,"[""is_combination""]",bert,tuple,1,0.7625855207443237,0,140,NCT02563002,33264544,MK-3475/Keynote-177,Monotherapy,"{""Author"": ""Andre T et al."", ""Cancer type"": ""Colorectal"", ""Class of ICI"": ""PD1"", ""Clincal setting in relation to surgery"": ""Metastatic+recurrent (unresectable)"", ""Clinical setting"": ""Metastatic+recurrent (unresectable)"", ""Control arm"": ""Chemo"", ""Control regimen"": ""Oxaliplatin+ leucovorin+5-fluoropyrimidine/mFOLFOX6+bevacizumab/mFOLFOX6+cetuximab"", ""Follow-up duration for primary endpoint(s) in months | Control"": null, ""Follow-up duration for primary endpoint(s) in months | Overall"": ""32.4"", ""Follow-up duration for primary endpoint(s) in months | Rx"": null, ""Included in MA"": null, ""Is PD-L1 positivity inclusion criteria"": ""No"", ""Is any other biomarker used for inclusion"": ""Yes"", ""Lines of treatment"": ""1st and later line of treatment for metastatic disease"", ""Monotherapy/combination"": ""Monotherapy"", ""NCT"": ""NCT02563002"", ""Name of ICI"": ""Pembrolizumab"", ""Number of arms"": 2, ""Originial publication or Follow-up"": ""Original publication"", ""Priamry Multiple, composite, or co-primary endpoints?"": ""Multiple"", ""Primary endpoint"": ""PFS+OS"", ""PubMed ID"": ""33264544"", ""Secondary endpoint"": ""ORR, safety"", ""Total sample size"": 307, ""Treatment regimen"": ""Pembrolizumab"", ""Trial name"": ""MK-3475/Keynote-177"", ""Trial phase"": ""Phase 3"", ""Type of combination"": null, ""Type of control"": ""Chemo"", ""Type of follow-up given"": ""Median"", ""Type of therapy"": ""Monotherapy"", ""Year"": 2020, ""__rowid__"": 140}"
row_35,35,"In Pancreatic trials, convert 'Type of therapy' into is_combination = true/false.",Type of therapy,"[""is_combination""]",bert,tuple,2,0.7624674439430237,0,158,NCT02743494,33789008,CheckMate 577,Monotherapy,"{""Author"": ""Kelly RJ"", ""Cancer type"": null, ""Class of ICI"": ""PD1"", ""Clincal setting in relation to surgery"": ""Adjuvant"", ""Clinical setting"": ""Adjuvant"", ""Control arm"": ""Placebo"", ""Control regimen"": ""Placebo"", ""Follow-up duration for primary endpoint(s) in months | Control"": null, ""Follow-up duration for primary endpoint(s) in months | Overall"": ""24.4"", ""Follow-up duration for primary endpoint(s) in months | Rx"": null, ""Included in MA"": null, ""Is PD-L1 positivity inclusion criteria"": ""No"", ""Is any other biomarker used for inclusion"": ""No"", ""Lines of treatment"": null, ""Monotherapy/combination"": ""Monotherapy"", ""NCT"": ""NCT02743494"", ""Name of ICI"": ""Nivolumab"", ""Number of arms"": 2, ""Originial publication or Follow-up"": ""Original publication"", ""Priamry Multiple, composite, or co-primary endpoints?"": null, ""Primary endpoint"": ""DFS"", ""PubMed ID"": ""33789008"", ""Secondary endpoint"": ""OS; survival at 1, 2 and 3 y"", ""Total sample size"": null, ""Treatment regimen"": ""Nivolumab"", ""Trial name"": ""CheckMate 577"", ""Trial phase"": ""Phase 3"", ""Type of combination"": null, ""Type of control"": ""Placebo"", ""Type of follow-up given"": ""Median"", ""Type of therapy"": ""Monotherapy"", ""Year"": 2021, ""__rowid__"": 158}"
row_35,35,"In Pancreatic trials, convert 'Type of therapy' into is_combination = true/false.",Type of therapy,"[""is_combination""]",bert,tuple,3,0.7622326612472534,0,40,NCT02008227,27979383,OAK,Monotherapy,"{""Author"": ""Rittmeyer A et al"", ""Cancer type"": ""Non-Small Cell Lung"", ""Class of ICI"": ""PD-L1"", ""Clincal setting in relation to surgery"": ""Metastatic+recurrent (unresectable)"", ""Clinical setting"": ""Metastatic+recurrent (unresectable)"", ""Control arm"": ""Chemo"", ""Control regimen"": ""Docetaxel"", ""Follow-up duration for primary endpoint(s) in months | Control"": null, ""Follow-up duration for primary endpoint(s) in months | Overall"": ""21"", ""Follow-up duration for primary endpoint(s) in months | Rx"": null, ""Included in MA"": ""No"", ""Is PD-L1 positivity inclusion criteria"": ""No"", ""Is any other biomarker used for inclusion"": ""Yes"", ""Lines of treatment"": ""Only 2nd or later line of treatment for metastatic disease"", ""Monotherapy/combination"": ""Monotherapy"", ""NCT"": ""NCT02008227"", ""Name of ICI"": ""Atezolizumab"", ""Number of arms"": 2, ""Originial publication or Follow-up"": ""Original publication"", ""Priamry Multiple, composite, or co-primary endpoints?"": null, ""Primary endpoint"": ""OS"", ""PubMed ID"": ""27979383"", ""Secondary endpoint"": ""PFS, ORR, DoR"", ""Total sample size"": 1225, ""Treatment regimen"": ""Atezolizumab"", ""Trial name"": ""OAK"", ""Trial phase"": ""Phase 3"", ""Type of combination"": null, ""Type of control"": ""Chemo"", ""Type of follow-up given"": ""Median"", ""Type of therapy"": ""Monotherapy"", ""Year"": 2017, ""__rowid__"": 40}"
row_35,35,"In Pancreatic trials, convert 'Type of therapy' into is_combination = true/false.",Type of therapy,"[""is_combination""]",bert,tuple,4,0.7622153759002686,0,78,NCT02267343,31863227,ATTRACTION-2,Monotherapy,"{""Author"": ""Chen LT et al"", ""Cancer type"": ""Gastric/GEJ"", ""Class of ICI"": ""PD1"", ""Clincal setting in relation to surgery"": ""Metastatic+recurrent (unresectable)"", ""Clinical setting"": ""Metastatic+recurrent (unresectable)"", ""Control arm"": ""Placebo"", ""Control regimen"": ""Placebo"", ""Follow-up duration for primary endpoint(s) in months | Control"": null, ""Follow-up duration for primary endpoint(s) in months | Overall"": ""27.3"", ""Follow-up duration for primary endpoint(s) in months | Rx"": null, ""Included in MA"": ""Yes"", ""Is PD-L1 positivity inclusion criteria"": ""No"", ""Is any other biomarker used for inclusion"": ""No"", ""Lines of treatment"": ""Only 2nd or later line of treatment for metastatic disease"", ""Monotherapy/combination"": ""Monotherapy"", ""NCT"": ""NCT02267343"", ""Name of ICI"": ""Nivolumab"", ""Number of arms"": 2, ""Originial publication or Follow-up"": ""Follow-up"", ""Priamry Multiple, composite, or co-primary endpoints?"": null, ""Primary endpoint"": ""OS"", ""PubMed ID"": ""31863227"", ""Secondary endpoint"": ""PFS, ORR, disease control rate, DoR, time to response, best overall response, the maximum percentage change from baseline in the sum of diameters of target lesions."", ""Total sample size"": 493, ""Treatment regimen"": ""Nivolumab"", ""Trial name"": ""ATTRACTION-2"", ""Trial phase"": ""Phase 3"", ""Type of combination"": null, ""Type of control"": ""Placebo"", ""Type of follow-up given"": ""Median"", ""Type of therapy"": ""Monotherapy"", ""Year"": 2019, ""__rowid__"": 78}"
row_35,35,"In Pancreatic trials, convert 'Type of therapy' into is_combination = true/false.",Type of therapy,"[""is_combination""]",bert,tuple,5,0.7620681524276733,1,97,NCT01896869,32591464,,Combination,"{""Author"": ""Wu AA et al"", ""Cancer type"": ""Pancreatic"", ""Class of ICI"": ""CTLA-4"", ""Clincal setting in relation to surgery"": ""Metastatic+recurrent (unresectable)"", ""Clinical setting"": ""Metastatic+recurrent (unresectable)"", ""Control arm"": ""Chemo"", ""Control regimen"": ""FOLFIRINOX"", ""Follow-up duration for primary endpoint(s) in months | Control"": null, ""Follow-up duration for primary endpoint(s) in months | Overall"": null, ""Follow-up duration for primary endpoint(s) in months | Rx"": null, ""Included in MA"": ""No"", ""Is PD-L1 positivity inclusion criteria"": ""No"", ""Is any other biomarker used for inclusion"": ""No"", ""Lines of treatment"": ""Only 2nd or later line of treatment for metastatic disease"", ""Monotherapy/combination"": ""Combination"", ""NCT"": ""NCT01896869"", ""Name of ICI"": ""Ipilimumab"", ""Number of arms"": 2, ""Originial publication or Follow-up"": ""Original publication"", ""Priamry Multiple, composite, or co-primary endpoints?"": null, ""Primary endpoint"": ""OS"", ""PubMed ID"": ""32591464"", ""Secondary endpoint"": ""Safety; toxicities; clinical and immunological responses."", ""Total sample size"": 83, ""Treatment regimen"": ""Ipilimumab+GVAX"", ""Trial name"": null, ""Trial phase"": ""Phase 2"", ""Type of combination"": ""ICI+Vaccine"", ""Type of control"": ""Chemo"", ""Type of follow-up given"": null, ""Type of therapy"": ""Combination"", ""Year"": 2020, ""__rowid__"": 97}"
row_35,35,"In Pancreatic trials, convert 'Type of therapy' into is_combination = true/false.",Type of therapy,"[""is_combination""]",bert,tuple,6,0.7619212865829468,0,9,NCT02267343,28993052,ATTRACTION-2,Monotherapy,"{""Author"": ""Kang YK et al"", ""Cancer type"": ""Gastric/GEJ"", ""Class of ICI"": ""PD1"", ""Clincal setting in relation to surgery"": ""Metastatic+recurrent (unresectable)"", ""Clinical setting"": ""Metastatic+recurrent (unresectable)"", ""Control arm"": ""Placebo"", ""Control regimen"": ""Placebo"", ""Follow-up duration for primary endpoint(s) in months | Control"": ""8.59"", ""Follow-up duration for primary endpoint(s) in months | Overall"": null, ""Follow-up duration for primary endpoint(s) in months | Rx"": ""8.87"", ""Included in MA"": ""Yes"", ""Is PD-L1 positivity inclusion criteria"": ""No"", ""Is any other biomarker used for inclusion"": ""No"", ""Lines of treatment"": ""Only 2nd or later line of treatment for metastatic disease"", ""Monotherapy/combination"": ""Monotherapy"", ""NCT"": ""NCT02267343"", ""Name of ICI"": ""Nivolumab"", ""Number of arms"": 2, ""Originial publication or Follow-up"": ""Original publication"", ""Priamry Multiple, composite, or co-primary endpoints?"": null, ""Primary endpoint"": ""OS"", ""PubMed ID"": ""28993052"", ""Secondary endpoint"": ""PFS, ORR, disease control rate, DoR, time to response, best overall response, the maximum percentage change from baseline in the sum of diameters of target lesions."", ""Total sample size"": 493, ""Treatment regimen"": ""Nivolumab"", ""Trial name"": ""ATTRACTION-2"", ""Trial phase"": ""Phase 3"", ""Type of combination"": null, ""Type of control"": ""Placebo"", ""Type of follow-up given"": ""Median"", ""Type of therapy"": ""Monotherapy"", ""Year"": 2017, ""__rowid__"": 9}"
row_35,35,"In Pancreatic trials, convert 'Type of therapy' into is_combination = true/false.",Type of therapy,"[""is_combination""]",bert,tuple,7,0.7614015936851501,0,133,NCT02564263,33026938,KEYNOTE-181,Monotherapy,"{""Author"": ""Kojima T et al."", ""Cancer type"": ""Esophageal/GEJ"", ""Class of ICI"": ""PD1"", ""Clincal setting in relation to surgery"": ""Metastatic+recurrent (unresectable)"", ""Clinical setting"": ""Metastatic+recurrent (unresectable)"", ""Control arm"": ""Chemo"", ""Control regimen"": ""Paclitaxel/Docetaxel/Irinotecan"", ""Follow-up duration for primary endpoint(s) in months | Control"": ""6.9"", ""Follow-up duration for primary endpoint(s) in months | Overall"": null, ""Follow-up duration for primary endpoint(s) in months | Rx"": ""7.1"", ""Included in MA"": null, ""Is PD-L1 positivity inclusion criteria"": ""No"", ""Is any other biomarker used for inclusion"": ""Yes"", ""Lines of treatment"": ""Only 2nd or later line of treatment for metastatic disease"", ""Monotherapy/combination"": ""Monotherapy"", ""NCT"": ""NCT02564263"", ""Name of ICI"": ""Pembrolizumab"", ""Number of arms"": 2, ""Originial publication or Follow-up"": ""Original publication"", ""Priamry Multiple, composite, or co-primary endpoints?"": null, ""Primary endpoint"": ""OS"", ""PubMed ID"": ""33026938"", ""Secondary endpoint"": ""PFS, ORR, safety, tolerability"", ""Total sample size"": 628, ""Treatment regimen"": ""Pembrolizumab"", ""Trial name"": ""KEYNOTE-181"", ""Trial phase"": ""Phase 3"", ""Type of combination"": null, ""Type of control"": ""Chemo"", ""Type of follow-up given"": ""Median"", ""Type of therapy"": ""Monotherapy"", ""Year"": 2020, ""__rowid__"": 133}"
row_35,35,"In Pancreatic trials, convert 'Type of therapy' into is_combination = true/false.",Type of therapy,"[""is_combination""]",bert,tuple,8,0.7610219717025757,0,106,NCT02500121,32271672,,Monotherapy,"{""Author"": ""Galsky MD et al"", ""Cancer type"": ""Urothelial"", ""Class of ICI"": ""PD1"", ""Clincal setting in relation to surgery"": ""Metastatic+recurrent (unresectable)"", ""Clinical setting"": ""Metastatic+recurrent (unresectable)"", ""Control arm"": ""Placebo"", ""Control regimen"": ""Placebo"", ""Follow-up duration for primary endpoint(s) in months | Control"": ""3"", ""Follow-up duration for primary endpoint(s) in months | Overall"": null, ""Follow-up duration for primary endpoint(s) in months | Rx"": ""5.4"", ""Included in MA"": ""Yes"", ""Is PD-L1 positivity inclusion criteria"": ""No"", ""Is any other biomarker used for inclusion"": ""No"", ""Lines of treatment"": ""Only 2nd or later line of treatment for metastatic disease"", ""Monotherapy/combination"": ""Monotherapy"", ""NCT"": ""NCT02500121"", ""Name of ICI"": ""Pembrolizumab"", ""Number of arms"": 2, ""Originial publication or Follow-up"": ""Original publication"", ""Priamry Multiple, composite, or co-primary endpoints?"": null, ""Primary endpoint"": ""PFS"", ""PubMed ID"": ""32271672"", ""Secondary endpoint"": ""OS, treatment outcomes CPS"", ""Total sample size"": 108, ""Treatment regimen"": ""Pembrolizumab"", ""Trial name"": null, ""Trial phase"": ""Phase 2"", ""Type of combination"": null, ""Type of control"": ""Placebo"", ""Type of follow-up given"": ""Median"", ""Type of therapy"": ""Monotherapy"", ""Year"": 2020, ""__rowid__"": 106}"
row_35,35,"In Pancreatic trials, convert 'Type of therapy' into is_combination = true/false.",Type of therapy,"[""is_combination""]",bert,tuple,9,0.7608558535575867,0,8,NCT01585987,28655793,,Monotherapy,"{""Author"": ""Bang YJ et al"", ""Cancer type"": ""Gastric/GEJ"", ""Class of ICI"": ""CTLA-4"", ""Clincal setting in relation to surgery"": ""Metastatic+recurrent (unresectable)"", ""Clinical setting"": ""Metastatic+recurrent (unresectable)"", ""Control arm"": ""Best supportive care"", ""Control regimen"": ""Best supportive care (+/-fluoropyrimidine)"", ""Follow-up duration for primary endpoint(s) in months | Control"": null, ""Follow-up duration for primary endpoint(s) in months | Overall"": null, ""Follow-up duration for primary endpoint(s) in months | Rx"": null, ""Included in MA"": ""Yes"", ""Is PD-L1 positivity inclusion criteria"": ""No"", ""Is any other biomarker used for inclusion"": ""No"", ""Lines of treatment"": ""Only 2nd or later line of treatment for metastatic disease"", ""Monotherapy/combination"": ""Monotherapy"", ""NCT"": ""NCT01585987"", ""Name of ICI"": ""Ipilimumab"", ""Number of arms"": 2, ""Originial publication or Follow-up"": ""Original publication"", ""Priamry Multiple, composite, or co-primary endpoints?"": null, ""Primary endpoint"": ""PFS"", ""PubMed ID"": ""28655793"", ""Secondary endpoint"": ""PFS by mWHO criteria, OS, immune-related best overall response rate (irBORR)"", ""Total sample size"": 114, ""Treatment regimen"": ""Ipilimumab"", ""Trial name"": null, ""Trial phase"": ""Phase 2"", ""Type of combination"": null, ""Type of control"": ""Best supportive care"", ""Type of follow-up given"": null, ""Type of therapy"": ""Monotherapy"", ""Year"": 2017, ""__rowid__"": 8}"
row_35,35,"In Pancreatic trials, convert 'Type of therapy' into is_combination = true/false.",Type of therapy,"[""is_combination""]",bert,tuple,10,0.7605881690979004,0,28,NCT01642004,26028407,Checkmate 017,Monotherapy,"{""Author"": ""Brahmer J et al"", ""Cancer type"": ""Non-Small Cell Lung"", ""Class of ICI"": ""PD1"", ""Clincal setting in relation to surgery"": ""Metastatic+recurrent (unresectable)"", ""Clinical setting"": ""Metastatic+recurrent (unresectable)"", ""Control arm"": ""Chemo"", ""Control regimen"": ""Docetaxel"", ""Follow-up duration for primary endpoint(s) in months | Control"": ""6"", ""Follow-up duration for primary endpoint(s) in months | Overall"": null, ""Follow-up duration for primary endpoint(s) in months | Rx"": ""9.2"", ""Included in MA"": ""Yes"", ""Is PD-L1 positivity inclusion criteria"": ""No"", ""Is any other biomarker used for inclusion"": ""No"", ""Lines of treatment"": ""Only 2nd or later line of treatment for metastatic disease"", ""Monotherapy/combination"": ""Monotherapy"", ""NCT"": ""NCT01642004"", ""Name of ICI"": ""Nivolumab"", ""Number of arms"": 2, ""Originial publication or Follow-up"": ""Original publication"", ""Priamry Multiple, composite, or co-primary endpoints?"": null, ""Primary endpoint"": ""OS"", ""PubMed ID"": ""26028407"", ""Secondary endpoint"": ""OR, PFS, PRO"", ""Total sample size"": 272, ""Treatment regimen"": ""Nivolumab"", ""Trial name"": ""Checkmate 017"", ""Trial phase"": ""Phase 3"", ""Type of combination"": null, ""Type of control"": ""Chemo"", ""Type of follow-up given"": ""Median"", ""Type of therapy"": ""Monotherapy"", ""Year"": 2015, ""__rowid__"": 28}"
row_35,35,"In Pancreatic trials, convert 'Type of therapy' into is_combination = true/false.",Type of therapy,"[""is_combination""]",bert,tuple,11,0.7600494623184204,0,27,NCT01673867,26412456,Checkmate 057,Monotherapy,"{""Author"": ""Borghaei  H et al"", ""Cancer type"": ""Non-Small Cell Lung"", ""Class of ICI"": ""PD1"", ""Clincal setting in relation to surgery"": ""Metastatic+recurrent (unresectable)"", ""Clinical setting"": ""Metastatic+recurrent (unresectable)"", ""Control arm"": ""Chemo"", ""Control regimen"": ""Docetaxel"", ""Follow-up duration for primary endpoint(s) in months | Control"": ""9.4"", ""Follow-up duration for primary endpoint(s) in months | Overall"": null, ""Follow-up duration for primary endpoint(s) in months | Rx"": ""12.2"", ""Included in MA"": ""Yes"", ""Is PD-L1 positivity inclusion criteria"": ""No"", ""Is any other biomarker used for inclusion"": ""No"", ""Lines of treatment"": ""Only 2nd or later line of treatment for metastatic disease"", ""Monotherapy/combination"": ""Monotherapy"", ""NCT"": ""NCT01673867"", ""Name of ICI"": ""Nivolumab"", ""Number of arms"": 2, ""Originial publication or Follow-up"": ""Original publication"", ""Priamry Multiple, composite, or co-primary endpoints?"": null, ""Primary endpoint"": ""OS"", ""PubMed ID"": ""26412456"", ""Secondary endpoint"": ""OR, PFS, PRO"", ""Total sample size"": 582, ""Treatment regimen"": ""Nivolumab"", ""Trial name"": ""Checkmate 057"", ""Trial phase"": ""Phase 3"", ""Type of combination"": null, ""Type of control"": ""Chemo"", ""Type of follow-up given"": ""Median"", ""Type of therapy"": ""Monotherapy"", ""Year"": 2015, ""__rowid__"": 27}"
row_35,35,"In Pancreatic trials, convert 'Type of therapy' into is_combination = true/false.",Type of therapy,"[""is_combination""]",bert,tuple,12,0.7595081329345703,0,57,NCT02454933,30763730,CAURAL,Combination,"{""Author"": ""Yang JCH et al"", ""Cancer type"": ""Non-Small Cell Lung"", ""Class of ICI"": ""PD-L1"", ""Clincal setting in relation to surgery"": ""Metastatic+recurrent (unresectable)"", ""Clinical setting"": ""Metastatic+recurrent (unresectable)"", ""Control arm"": ""TKI"", ""Control regimen"": ""Osimertinib"", ""Follow-up duration for primary endpoint(s) in months | Control"": null, ""Follow-up duration for primary endpoint(s) in months | Overall"": null, ""Follow-up duration for primary endpoint(s) in months | Rx"": null, ""Included in MA"": ""No"", ""Is PD-L1 positivity inclusion criteria"": ""No"", ""Is any other biomarker used for inclusion"": ""No"", ""Lines of treatment"": ""Only 2nd or later line of treatment for metastatic disease"", ""Monotherapy/combination"": ""Combination"", ""NCT"": ""NCT02454933"", ""Name of ICI"": ""Durvalumab"", ""Number of arms"": 2, ""Originial publication or Follow-up"": ""Original publication"", ""Priamry Multiple, composite, or co-primary endpoints?"": null, ""Primary endpoint"": null, ""PubMed ID"": ""30763730"", ""Secondary endpoint"": null, ""Total sample size"": 29, ""Treatment regimen"": ""Durvalumab+Osimertinib"", ""Trial name"": ""CAURAL"", ""Trial phase"": ""Phase 3"", ""Type of combination"": ""ICI+TKI"", ""Type of control"": ""TKI"", ""Type of follow-up given"": null, ""Type of therapy"": ""Combination"", ""Year"": 2019, ""__rowid__"": 57}"
row_35,35,"In Pancreatic trials, convert 'Type of therapy' into is_combination = true/false.",Type of therapy,"[""is_combination""]",bert,tuple,13,0.7591560482978821,0,12,NCT02252042,30509740,KEYNOTE-040,Monotherapy,"{""Author"": ""Cohen EEW et al"", ""Cancer type"": ""Head and Neck"", ""Class of ICI"": ""PD1"", ""Clincal setting in relation to surgery"": ""Metastatic+recurrent (unresectable)"", ""Clinical setting"": ""Metastatic+recurrent (unresectable)"", ""Control arm"": ""Chemo/Anti-EGFR"", ""Control regimen"": ""Methotrexate/Docetaxel/Cetuximab"", ""Follow-up duration for primary endpoint(s) in months | Control"": ""7.1"", ""Follow-up duration for primary endpoint(s) in months | Overall"": null, ""Follow-up duration for primary endpoint(s) in months | Rx"": ""7.5"", ""Included in MA"": ""Yes"", ""Is PD-L1 positivity inclusion criteria"": ""No"", ""Is any other biomarker used for inclusion"": ""No"", ""Lines of treatment"": ""1st and later line of treatment for metastatic disease"", ""Monotherapy/combination"": ""Monotherapy"", ""NCT"": ""NCT02252042"", ""Name of ICI"": ""Pembrolizumab"", ""Number of arms"": 2, ""Originial publication or Follow-up"": ""Original publication"", ""Priamry Multiple, composite, or co-primary endpoints?"": null, ""Primary endpoint"": ""OS"", ""PubMed ID"": ""30509740"", ""Secondary endpoint"": ""OS in the population with \na PD-L1 combined positive \nscore of 1 or higher; safety, \nPFS,ORR, duration of \nconfirmed response in all \nparticipants and those with a PD-L1 combined positive score of 1 or higher."", ""Total sample size"": 495, ""Treatment regimen"": ""Pembrolizumab"", ""Trial name"": ""KEYNOTE-040"", ""Trial phase"": ""Phase 3"", ""Type of combination"": null, ""Type of control"": ""Chemo/Anti-EGFR"", ""Type of follow-up given"": ""Median"", ""Type of therapy"": ""Monotherapy"", ""Year"": 2018, ""__rowid__"": 12}"
row_35,35,"In Pancreatic trials, convert 'Type of therapy' into is_combination = true/false.",Type of therapy,"[""is_combination""]",bert,tuple,14,0.7590951919555664,0,95,NCT02523313,32416781,IMMUNED,Monotherapy,"{""Author"": ""Zimmer L et al"", ""Cancer type"": ""Melanoma"", ""Class of ICI"": ""PD1"", ""Clincal setting in relation to surgery"": ""Metastatic+recurrent (unresectable)"", ""Clinical setting"": ""Metastatic+recurrent (unresectable)"", ""Control arm"": ""Placebo"", ""Control regimen"": ""Placebo"", ""Follow-up duration for primary endpoint(s) in months | Control"": null, ""Follow-up duration for primary endpoint(s) in months | Overall"": ""28.4"", ""Follow-up duration for primary endpoint(s) in months | Rx"": null, ""Included in MA"": ""Yes"", ""Is PD-L1 positivity inclusion criteria"": ""No"", ""Is any other biomarker used for inclusion"": ""No"", ""Lines of treatment"": ""1st and later line of treatment for metastatic disease"", ""Monotherapy/combination"": ""Monotherapy"", ""NCT"": ""NCT02523313"", ""Name of ICI"": ""Nivolumab"", ""Number of arms"": 3, ""Originial publication or Follow-up"": ""Original publication"", ""Priamry Multiple, composite, or co-primary endpoints?"": null, ""Primary endpoint"": ""RFS"", ""PubMed ID"": ""32416781"", ""Secondary endpoint"": ""OS; time to recurrence; safety; PFS or RFS 2."", ""Total sample size"": 167, ""Treatment regimen"": ""Nivolumab"", ""Trial name"": ""IMMUNED"", ""Trial phase"": ""Phase 2"", ""Type of combination"": null, ""Type of control"": ""Placebo"", ""Type of follow-up given"": ""Median"", ""Type of therapy"": ""Monotherapy"", ""Year"": 2020, ""__rowid__"": 95}"
row_35,35,"In Pancreatic trials, convert 'Type of therapy' into is_combination = true/false.",Type of therapy,"[""is_combination""]",bert,tuple,15,0.7583343982696533,0,18,NCT02231749,29562145,CheckMate 214,Combination,"{""Author"": ""Motzer RJ et al"", ""Cancer type"": ""Renal cell"", ""Class of ICI"": ""PD1, CTLA-4"", ""Clincal setting in relation to surgery"": ""Metastatic+recurrent (unresectable)"", ""Clinical setting"": ""Metastatic+recurrent (unresectable)"", ""Control arm"": ""TKI"", ""Control regimen"": ""Sunitinib"", ""Follow-up duration for primary endpoint(s) in months | Control"": null, ""Follow-up duration for primary endpoint(s) in months | Overall"": ""25.2"", ""Follow-up duration for primary endpoint(s) in months | Rx"": null, ""Included in MA"": ""Yes"", ""Is PD-L1 positivity inclusion criteria"": ""No"", ""Is any other biomarker used for inclusion"": ""No"", ""Lines of treatment"": ""Only 1st line of treatment for metastatic disease"", ""Monotherapy/combination"": ""Combination"", ""NCT"": ""NCT02231749"", ""Name of ICI"": ""Nivolumab, Ipilimumab"", ""Number of arms"": 2, ""Originial publication or Follow-up"": ""Original publication"", ""Priamry Multiple, composite, or co-primary endpoints?"": ""Co-primary"", ""Primary endpoint"": ""OS+PFS+ORR"", ""PubMed ID"": ""29562145"", ""Secondary endpoint"": ""ORR, PFS and OS in \nintention-to-treat population; incidence rate of adverse events among all treated patients."", ""Total sample size"": 1096, ""Treatment regimen"": ""Nivolumab+Ipilimumab"", ""Trial name"": ""CheckMate 214"", ""Trial phase"": ""Phase 3"", ""Type of combination"": ""ICI+ICI"", ""Type of control"": ""TKI"", ""Type of follow-up given"": ""Median"", ""Type of therapy"": ""Combination"", ""Year"": 2018, ""__rowid__"": 18}"
row_35,35,"In Pancreatic trials, convert 'Type of therapy' into is_combination = true/false.",Type of therapy,"[""is_combination""]",bert,tuple,16,0.7583028674125671,0,129,NCT02409342,32997907,IMpower110,Monotherapy,"{""Author"": ""Herbst RS et al."", ""Cancer type"": ""Non-Small Cell Lung"", ""Class of ICI"": ""PD-L1"", ""Clincal setting in relation to surgery"": ""Metastatic+recurrent (unresectable)"", ""Clinical setting"": ""Metastatic+recurrent (unresectable)"", ""Control arm"": ""Chemo"", ""Control regimen"": ""Cisplatin/carboplatin+gemcitabine"", ""Follow-up duration for primary endpoint(s) in months | Control"": null, ""Follow-up duration for primary endpoint(s) in months | Overall"": ""13.4"", ""Follow-up duration for primary endpoint(s) in months | Rx"": null, ""Included in MA"": null, ""Is PD-L1 positivity inclusion criteria"": ""Yes"", ""Is any other biomarker used for inclusion"": ""Yes"", ""Lines of treatment"": ""Only 1st line of treatment for metastatic disease"", ""Monotherapy/combination"": ""Monotherapy"", ""NCT"": ""NCT02409342"", ""Name of ICI"": ""Atezolizumab"", ""Number of arms"": 2, ""Originial publication or Follow-up"": ""Original publication"", ""Priamry Multiple, composite, or co-primary endpoints?"": null, ""Primary endpoint"": ""OS"", ""PubMed ID"": ""32997907"", ""Secondary endpoint"": ""investigator-assessed PFS, DOR"", ""Total sample size"": 572, ""Treatment regimen"": ""Atezolizumab"", ""Trial name"": ""IMpower110"", ""Trial phase"": ""Phase 3"", ""Type of combination"": null, ""Type of control"": ""Chemo"", ""Type of follow-up given"": ""Median"", ""Type of therapy"": ""Monotherapy"", ""Year"": 2020, ""__rowid__"": 129}"
row_35,35,"In Pancreatic trials, convert 'Type of therapy' into is_combination = true/false.",Type of therapy,"[""is_combination""]",bert,tuple,17,0.7582852840423584,0,126,NCT02603432,32945632,,Monotherapy,"{""Author"": ""Powles T et al"", ""Cancer type"": ""Urothelial"", ""Class of ICI"": ""PD-L1"", ""Clincal setting in relation to surgery"": ""Metastatic+recurrent (unresectable)"", ""Clinical setting"": ""Metastatic+recurrent (unresectable)"", ""Control arm"": ""Best supportive care"", ""Control regimen"": ""Best supportive care"", ""Follow-up duration for primary endpoint(s) in months | Control"": null, ""Follow-up duration for primary endpoint(s) in months | Overall"": ""19"", ""Follow-up duration for primary endpoint(s) in months | Rx"": null, ""Included in MA"": null, ""Is PD-L1 positivity inclusion criteria"": ""No"", ""Is any other biomarker used for inclusion"": ""No"", ""Lines of treatment"": ""1st and later line of treatment for metastatic disease"", ""Monotherapy/combination"": ""Monotherapy"", ""NCT"": ""NCT02603432"", ""Name of ICI"": ""Avelumab"", ""Number of arms"": 2, ""Originial publication or Follow-up"": ""Original publication"", ""Priamry Multiple, composite, or co-primary endpoints?"": null, ""Primary endpoint"": ""OS"", ""PubMed ID"": ""32945632"", ""Secondary endpoint"": ""PFS, ORR, time to response, DoR, DCR, safety"", ""Total sample size"": 700, ""Treatment regimen"": ""Avelumab+Best Supportive Care"", ""Trial name"": null, ""Trial phase"": ""Phase 3"", ""Type of combination"": null, ""Type of control"": ""Best supportive care"", ""Type of follow-up given"": ""Median"", ""Type of therapy"": ""Monotherapy"", ""Year"": 2020, ""__rowid__"": 126}"
row_35,35,"In Pancreatic trials, convert 'Type of therapy' into is_combination = true/false.",Type of therapy,"[""is_combination""]",bert,tuple,18,0.7581714391708374,0,110,NCT02369874,32294530,EAGLE,Monotherapy,"{""Author"": ""Ferris RL et al"", ""Cancer type"": ""Head and Neck"", ""Class of ICI"": ""PD-L1"", ""Clincal setting in relation to surgery"": ""Metastatic+recurrent (unresectable)"", ""Clinical setting"": ""Metastatic+recurrent (unresectable)"", ""Control arm"": ""Chemo+Anti-EGFR"", ""Control regimen"": ""Cetuximab+Taxane+Methotrexate+Fluoropyrimidine"", ""Follow-up duration for primary endpoint(s) in months | Control"": ""8.3"", ""Follow-up duration for primary endpoint(s) in months | Overall"": null, ""Follow-up duration for primary endpoint(s) in months | Rx"": ""7.6"", ""Included in MA"": ""Yes"", ""Is PD-L1 positivity inclusion criteria"": ""Yes"", ""Is any other biomarker used for inclusion"": ""No"", ""Lines of treatment"": ""Only 2nd or later line of treatment for metastatic disease"", ""Monotherapy/combination"": ""Monotherapy"", ""NCT"": ""NCT02369874"", ""Name of ICI"": ""Durvalumab"", ""Number of arms"": 3, ""Originial publication or Follow-up"": ""Original publication"", ""Priamry Multiple, composite, or co-primary endpoints?"": null, ""Primary endpoint"": ""OS"", ""PubMed ID"": ""32294530"", ""Secondary endpoint"": ""PFS, ORR, DOR"", ""Total sample size"": 736, ""Treatment regimen"": ""Durvalumab"", ""Trial name"": ""EAGLE"", ""Trial phase"": ""Phase 3"", ""Type of combination"": null, ""Type of control"": ""Chemo+Anti-EGFR"", ""Type of follow-up given"": ""Median"", ""Type of therapy"": ""Monotherapy"", ""Year"": 2020, ""__rowid__"": 110}"
row_35,35,"In Pancreatic trials, convert 'Type of therapy' into is_combination = true/false.",Type of therapy,"[""is_combination""]",bert,tuple,19,0.7581634521484375,0,61,NCT00257205,23295794,,Monotherapy,"{""Author"": ""Ribas A et al"", ""Cancer type"": ""Melanoma"", ""Class of ICI"": ""CTLA-4"", ""Clincal setting in relation to surgery"": ""Metastatic+recurrent (unresectable)"", ""Clinical setting"": ""Metastatic+recurrent (unresectable)"", ""Control arm"": ""Chemo"", ""Control regimen"": ""Temozolomide/dacarbazine"", ""Follow-up duration for primary endpoint(s) in months | Control"": null, ""Follow-up duration for primary endpoint(s) in months | Overall"": null, ""Follow-up duration for primary endpoint(s) in months | Rx"": null, ""Included in MA"": ""Yes"", ""Is PD-L1 positivity inclusion criteria"": ""No"", ""Is any other biomarker used for inclusion"": ""No"", ""Lines of treatment"": ""Only 1st line of treatment for metastatic disease"", ""Monotherapy/combination"": ""Monotherapy"", ""NCT"": ""NCT00257205"", ""Name of ICI"": ""Tremelimumab"", ""Number of arms"": 2, ""Originial publication or Follow-up"": ""Original publication"", ""Priamry Multiple, composite, or co-primary endpoints?"": null, ""Primary endpoint"": ""OS"", ""PubMed ID"": ""23295794"", ""Secondary endpoint"": ""PFS; best overall response; duration of response; PFS at 6 months after random assignment; safety."", ""Total sample size"": 655, ""Treatment regimen"": ""Tremelimumab"", ""Trial name"": null, ""Trial phase"": ""Phase 3"", ""Type of combination"": null, ""Type of control"": ""Chemo"", ""Type of follow-up given"": null, ""Type of therapy"": ""Monotherapy"", ""Year"": 2013, ""__rowid__"": 61}"
row_35,35,"In Pancreatic trials, convert 'Type of therapy' into is_combination = true/false.",Type of therapy,"[""is_combination""]",bert,tuple,20,0.7581021785736084,0,99,NCT02453282,32271377,MYSTIC,Monotherapy,"{""Author"": ""Rizvi NA et al"", ""Cancer type"": ""Non-Small Cell Lung"", ""Class of ICI"": ""PD-L1"", ""Clincal setting in relation to surgery"": ""Metastatic+recurrent (unresectable)"", ""Clinical setting"": ""Metastatic+recurrent (unresectable)"", ""Control arm"": ""Chemo"", ""Control regimen"": ""Investigator's choice chemotherapy"", ""Follow-up duration for primary endpoint(s) in months | Control"": null, ""Follow-up duration for primary endpoint(s) in months | Overall"": ""30.2, 10.6"", ""Follow-up duration for primary endpoint(s) in months | Rx"": null, ""Included in MA"": ""Yes"", ""Is PD-L1 positivity inclusion criteria"": ""No"", ""Is any other biomarker used for inclusion"": ""Yes"", ""Lines of treatment"": ""Only 1st line of treatment for metastatic disease"", ""Monotherapy/combination"": ""Monotherapy"", ""NCT"": ""NCT02453282"", ""Name of ICI"": ""Durvalumab"", ""Number of arms"": 3, ""Originial publication or Follow-up"": ""Original publication"", ""Priamry Multiple, composite, or co-primary endpoints?"": ""Multiple"", ""Primary endpoint"": ""OS+PFS"", ""PubMed ID"": ""32271377"", ""Secondary endpoint"": ""PFS for durvalumab vs. chemotherapy; ORR and DOR in patients with PD-L1 TC ≥25%; safety and tolerability."", ""Total sample size"": 1118, ""Treatment regimen"": ""Durvalumab"", ""Trial name"": ""MYSTIC"", ""Trial phase"": ""Phase 3"", ""Type of combination"": null, ""Type of control"": ""Chemo"", ""Type of follow-up given"": ""Median"", ""Type of therapy"": ""Monotherapy"", ""Year"": 2020, ""__rowid__"": 99}"
row_35,35,"In Pancreatic trials, convert 'Type of therapy' into is_combination = true/false.",Type of therapy,"[""is_combination""]",sbert,column,1,0.5235499143600464,0,4,NCT02425891,30345906,IMpassion130,Combination,"{""Author"": ""Schmid P et al"", ""Cancer type"": ""Breast"", ""Class of ICI"": ""PD-L1"", ""Clincal setting in relation to surgery"": ""Metastatic+recurrent (unresectable)"", ""Clinical setting"": ""Metastatic+recurrent (unresectable)"", ""Control arm"": ""Chemo"", ""Control regimen"": ""Nab-paclitaxel"", ""Follow-up duration for primary endpoint(s) in months | Control"": ""12.5"", ""Follow-up duration for primary endpoint(s) in months | Overall"": ""12.9"", ""Follow-up duration for primary endpoint(s) in months | Rx"": ""13"", ""Included in MA"": ""Yes"", ""Is PD-L1 positivity inclusion criteria"": ""No"", ""Is any other biomarker used for inclusion"": ""No"", ""Lines of treatment"": ""Only 1st line of treatment for metastatic disease"", ""Monotherapy/combination"": ""Combination"", ""NCT"": ""NCT02425891"", ""Name of ICI"": ""Atezolizumab"", ""Number of arms"": 2, ""Originial publication or Follow-up"": ""Original publication"", ""Priamry Multiple, composite, or co-primary endpoints?"": ""Multiple"", ""Primary endpoint"": ""OS+PFS"", ""PubMed ID"": ""30345906"", ""Secondary endpoint"": ""investigator-assessed RECIST v1.1 ORR,  DoR"", ""Total sample size"": 902, ""Treatment regimen"": ""Atezolizumab+Nab-paclitaxel"", ""Trial name"": ""IMpassion130"", ""Trial phase"": ""Phase 3"", ""Type of combination"": ""ICI+Chemo"", ""Type of control"": ""Chemo"", ""Type of follow-up given"": ""Median"", ""Type of therapy"": ""Combination"", ""Year"": 2018, ""__rowid__"": 4}"
row_35,35,"In Pancreatic trials, convert 'Type of therapy' into is_combination = true/false.",Type of therapy,"[""is_combination""]",sbert,column,2,0.5235499143600464,0,5,NCT02685059,31095287,GeparNuevo,Combination,"{""Author"": ""Loibl S et al"", ""Cancer type"": ""Breast"", ""Class of ICI"": ""PD-L1"", ""Clincal setting in relation to surgery"": ""Neoadjuvant"", ""Clinical setting"": ""Neoadjuvant"", ""Control arm"": ""Chemo"", ""Control regimen"": ""Placebo+Nab-paclitaxel+Epirubicin+Cyclophosphamide"", ""Follow-up duration for primary endpoint(s) in months | Control"": null, ""Follow-up duration for primary endpoint(s) in months | Overall"": null, ""Follow-up duration for primary endpoint(s) in months | Rx"": null, ""Included in MA"": ""Yes"", ""Is PD-L1 positivity inclusion criteria"": ""No"", ""Is any other biomarker used for inclusion"": ""No"", ""Lines of treatment"": null, ""Monotherapy/combination"": ""Combination"", ""NCT"": ""NCT02685059"", ""Name of ICI"": ""Durvalumab"", ""Number of arms"": 2, ""Originial publication or Follow-up"": ""Original publication"", ""Priamry Multiple, composite, or co-primary endpoints?"": null, ""Primary endpoint"": ""Path CR"", ""PubMed ID"": ""31095287"", ""Secondary endpoint"": ""response rate by other path CR definitions (ypT0/is ypN0, ypT0/is ypN0/þ, and ypN0) and by clinical and imaging assessment; rate of breast conserving surgery and axilla lymph node dissection; efficacy in predefined subgroups according to centrally assessed sTILs [low ( 10%), intermediate (11%–59%), high ( 60%)]"", ""Total sample size"": 174, ""Treatment regimen"": ""Durvalumab+Nab-paclitaxel+epirubicin+cyclophosphamide"", ""Trial name"": ""GeparNuevo"", ""Trial phase"": ""Phase 2"", ""Type of combination"": ""ICI+Chemo"", ""Type of control"": ""Chemo"", ""Type of follow-up given"": null, ""Type of therapy"": ""Combination"", ""Year"": 2019, ""__rowid__"": 5}"
row_35,35,"In Pancreatic trials, convert 'Type of therapy' into is_combination = true/false.",Type of therapy,"[""is_combination""]",sbert,column,3,0.5235499143600464,0,6,NCT02788279,31003911,IMblaze130,Combination,"{""Author"": ""Eng C et al"", ""Cancer type"": ""Colorectal"", ""Class of ICI"": ""PD-L1"", ""Clincal setting in relation to surgery"": ""Metastatic+recurrent (unresectable)"", ""Clinical setting"": ""Metastatic+recurrent (unresectable)"", ""Control arm"": ""Multikinase inhibitor"", ""Control regimen"": ""Regorafenib"", ""Follow-up duration for primary endpoint(s) in months | Control"": null, ""Follow-up duration for primary endpoint(s) in months | Overall"": ""7.3"", ""Follow-up duration for primary endpoint(s) in months | Rx"": null, ""Included in MA"": ""No"", ""Is PD-L1 positivity inclusion criteria"": ""No"", ""Is any other biomarker used for inclusion"": ""No"", ""Lines of treatment"": ""Only 2nd or later line of treatment for metastatic disease"", ""Monotherapy/combination"": ""Combination"", ""NCT"": ""NCT02788279"", ""Name of ICI"": ""Atezolizumab"", ""Number of arms"": 3, ""Originial publication or Follow-up"": ""Original publication"", ""Priamry Multiple, composite, or co-primary endpoints?"": null, ""Primary endpoint"": ""OS"", ""PubMed ID"": ""31003911"", ""Secondary endpoint"": ""investigator-assessed RECIST v1.1 ORR, PFS, DoR"", ""Total sample size"": 363, ""Treatment regimen"": ""Atezolizumab+Cobimetinib"", ""Trial name"": ""IMblaze130"", ""Trial phase"": ""Phase 3"", ""Type of combination"": ""ICI+MEKi"", ""Type of control"": ""Multikinase inhibitor"", ""Type of follow-up given"": ""Median"", ""Type of therapy"": ""Combination"", ""Year"": 2019, ""__rowid__"": 6}"
row_35,35,"In Pancreatic trials, convert 'Type of therapy' into is_combination = true/false.",Type of therapy,"[""is_combination""]",sbert,column,4,0.5235499143600464,0,21,NCT02853331,30779529,KEYNOTE-426,Combination,"{""Author"": ""Rini BI et al"", ""Cancer type"": ""Renal cell"", ""Class of ICI"": ""PD1"", ""Clincal setting in relation to surgery"": ""Metastatic+recurrent (unresectable)"", ""Clinical setting"": ""Metastatic+recurrent (unresectable)"", ""Control arm"": ""TKI"", ""Control regimen"": ""Sunitinib"", ""Follow-up duration for primary endpoint(s) in months | Control"": null, ""Follow-up duration for primary endpoint(s) in months | Overall"": ""12.8"", ""Follow-up duration for primary endpoint(s) in months | Rx"": null, ""Included in MA"": ""Yes"", ""Is PD-L1 positivity inclusion criteria"": ""No"", ""Is any other biomarker used for inclusion"": ""No"", ""Lines of treatment"": ""Only 1st line of treatment for metastatic disease"", ""Monotherapy/combination"": ""Combination"", ""NCT"": ""NCT02853331"", ""Name of ICI"": ""Pembrolizumab"", ""Number of arms"": 2, ""Originial publication or Follow-up"": ""Original publication"", ""Priamry Multiple, composite, or co-primary endpoints?"": ""Multiple"", ""Primary endpoint"": ""OS+PFS"", ""PubMed ID"": ""30779529"", ""Secondary endpoint"": ""ORR; duration of response; safety"", ""Total sample size"": 861, ""Treatment regimen"": ""Pembrolizumab+Axitinib"", ""Trial name"": ""KEYNOTE-426"", ""Trial phase"": ""Phase 3"", ""Type of combination"": ""ICI+TKI"", ""Type of control"": ""TKI"", ""Type of follow-up given"": ""Median"", ""Type of therapy"": ""Combination"", ""Year"": 2019, ""__rowid__"": 21}"
row_35,35,"In Pancreatic trials, convert 'Type of therapy' into is_combination = true/false.",Type of therapy,"[""is_combination""]",sbert,column,5,0.5235499143600464,0,20,NCT02684006,30779531,JAVELIN Renal 101,Combination,"{""Author"": ""Motzer RJ et al"", ""Cancer type"": ""Renal cell"", ""Class of ICI"": ""PD-L1"", ""Clincal setting in relation to surgery"": ""Metastatic+recurrent (unresectable)"", ""Clinical setting"": ""Metastatic+recurrent (unresectable)"", ""Control arm"": ""TKI"", ""Control regimen"": ""Sunitinib"", ""Follow-up duration for primary endpoint(s) in months | Control"": ""10.7, 8.4"", ""Follow-up duration for primary endpoint(s) in months | Overall"": null, ""Follow-up duration for primary endpoint(s) in months | Rx"": ""11.6, 9.9"", ""Included in MA"": ""Yes"", ""Is PD-L1 positivity inclusion criteria"": ""No"", ""Is any other biomarker used for inclusion"": ""No"", ""Lines of treatment"": ""Only 1st line of treatment for metastatic disease"", ""Monotherapy/combination"": ""Combination"", ""NCT"": ""NCT02684006"", ""Name of ICI"": ""Avelumab"", ""Number of arms"": 2, ""Originial publication or Follow-up"": ""Original publication"", ""Priamry Multiple, composite, or co-primary endpoints?"": ""Multiple"", ""Primary endpoint"": ""OS+PFS"", ""PubMed ID"": ""30779531"", ""Secondary endpoint"": ""PFS and OS irrespective of PD-L1 expression; PFS as determined by investigator assessment; ORR; adverse events; pharmacokinetic measures; tumor tissue biomarkers; patient-reported outcomes."", ""Total sample size"": 886, ""Treatment regimen"": ""Avelumab+Axitinib"", ""Trial name"": ""JAVELIN Renal 101"", ""Trial phase"": ""Phase 3"", ""Type of combination"": ""ICI+TKI"", ""Type of control"": ""TKI"", ""Type of follow-up given"": ""Median"", ""Type of therapy"": ""Combination"", ""Year"": 2019, ""__rowid__"": 20}"
row_35,35,"In Pancreatic trials, convert 'Type of therapy' into is_combination = true/false.",Type of therapy,"[""is_combination""]",sbert,column,6,0.5235499143600464,0,32,NCT01450761,27458307,CA184-156,Combination,"{""Author"": ""Reck M et al"", ""Cancer type"": ""Small Cell Lung"", ""Class of ICI"": ""CTLA-4"", ""Clincal setting in relation to surgery"": ""Metastatic+recurrent (unresectable)"", ""Clinical setting"": ""Metastatic+recurrent (unresectable)"", ""Control arm"": ""Chemo"", ""Control regimen"": ""Placebo+Etoposide+Platinum agent"", ""Follow-up duration for primary endpoint(s) in months | Control"": ""10.2"", ""Follow-up duration for primary endpoint(s) in months | Overall"": null, ""Follow-up duration for primary endpoint(s) in months | Rx"": ""10.5"", ""Included in MA"": ""Yes"", ""Is PD-L1 positivity inclusion criteria"": ""No"", ""Is any other biomarker used for inclusion"": ""No"", ""Lines of treatment"": ""Only 1st line of treatment for metastatic disease"", ""Monotherapy/combination"": ""Combination"", ""NCT"": ""NCT01450761"", ""Name of ICI"": ""Ipilimumab"", ""Number of arms"": 2, ""Originial publication or Follow-up"": ""Original publication"", ""Priamry Multiple, composite, or co-primary endpoints?"": null, ""Primary endpoint"": ""OS"", ""PubMed ID"": ""27458307"", ""Secondary endpoint"": ""PFS, ORR, DOR"", ""Total sample size"": 1132, ""Treatment regimen"": ""Ipilimumab+Etoposide+Platinum agent"", ""Trial name"": ""CA184-156"", ""Trial phase"": ""Phase 3"", ""Type of combination"": ""ICI+Chemo"", ""Type of control"": ""Chemo"", ""Type of follow-up given"": ""Median"", ""Type of therapy"": ""Combination"", ""Year"": 2016, ""__rowid__"": 32}"
row_35,35,"In Pancreatic trials, convert 'Type of therapy' into is_combination = true/false.",Type of therapy,"[""is_combination""]",sbert,column,7,0.5235499143600464,0,26,NCT00527735,22858559,,Combination,"{""Author"": ""Reck M et al (1)"", ""Cancer type"": ""Small Cell Lung"", ""Class of ICI"": ""CTLA-4"", ""Clincal setting in relation to surgery"": ""Metastatic+recurrent (unresectable)"", ""Clinical setting"": ""Metastatic+recurrent (unresectable)"", ""Control arm"": ""Chemo"", ""Control regimen"": ""Placebo+Paclitaxel+Carboplatin"", ""Follow-up duration for primary endpoint(s) in months | Control"": null, ""Follow-up duration for primary endpoint(s) in months | Overall"": ""11.1"", ""Follow-up duration for primary endpoint(s) in months | Rx"": null, ""Included in MA"": ""Yes"", ""Is PD-L1 positivity inclusion criteria"": ""No"", ""Is any other biomarker used for inclusion"": ""No"", ""Lines of treatment"": ""Only 1st line of treatment for metastatic disease"", ""Monotherapy/combination"": ""Combination"", ""NCT"": ""NCT00527735"", ""Name of ICI"": ""Ipilimumab"", ""Number of arms"": 3, ""Originial publication or Follow-up"": ""Original publication"", ""Priamry Multiple, composite, or co-primary endpoints?"": null, ""Primary endpoint"": null, ""PubMed ID"": ""22858559"", ""Secondary endpoint"": ""Immune-related PFS; modified WHO criteria PFS; OS; modified WHO criteria best overall response rate; irBORR (proportion of patients with irCR or irPR);  modified WHO criteria disease control rate; irDCR (proportion of patients with irCR, irPR or irSD)"", ""Total sample size"": 130, ""Treatment regimen"": ""Phased ipilimumab+Paclitaxel+Carboplatin"", ""Trial name"": null, ""Trial phase"": ""Phase 2"", ""Type of combination"": ""ICI+Chemo"", ""Type of control"": ""Chemo"", ""Type of follow-up given"": ""Minimum"", ""Type of therapy"": ""Combination"", ""Year"": 2012, ""__rowid__"": 26}"
row_35,35,"In Pancreatic trials, convert 'Type of therapy' into is_combination = true/false.",Type of therapy,"[""is_combination""]",sbert,column,8,0.5235499143600464,0,25,NCT00527735,22858559,,Combination,"{""Author"": ""Reck M et al"", ""Cancer type"": ""Small Cell Lung"", ""Class of ICI"": ""CTLA-4"", ""Clincal setting in relation to surgery"": ""Metastatic+recurrent (unresectable)"", ""Clinical setting"": ""Metastatic+recurrent (unresectable)"", ""Control arm"": ""Chemo"", ""Control regimen"": ""Placebo+Paclitaxel+Carboplatin"", ""Follow-up duration for primary endpoint(s) in months | Control"": null, ""Follow-up duration for primary endpoint(s) in months | Overall"": ""11.1"", ""Follow-up duration for primary endpoint(s) in months | Rx"": null, ""Included in MA"": ""Yes"", ""Is PD-L1 positivity inclusion criteria"": ""No"", ""Is any other biomarker used for inclusion"": ""No"", ""Lines of treatment"": ""Only 1st line of treatment for metastatic disease"", ""Monotherapy/combination"": ""Combination"", ""NCT"": ""NCT00527735"", ""Name of ICI"": ""Ipilimumab"", ""Number of arms"": 3, ""Originial publication or Follow-up"": ""Original publication"", ""Priamry Multiple, composite, or co-primary endpoints?"": null, ""Primary endpoint"": null, ""PubMed ID"": ""22858559"", ""Secondary endpoint"": ""Immune-related PFS; modified WHO criteria PFS; OS; modified WHO criteria best overall response rate; irBORR (proportion of patients with irCR or irPR);  modified WHO criteria disease control rate; irDCR (proportion of patients with irCR, irPR or irSD)"", ""Total sample size"": 130, ""Treatment regimen"": ""Concurrent ipilimumab+Paclitaxel+Carboplatin"", ""Trial name"": null, ""Trial phase"": ""Phase 2"", ""Type of combination"": ""ICI+Chemo"", ""Type of control"": ""Chemo"", ""Type of follow-up given"": ""Minimum"", ""Type of therapy"": ""Combination"", ""Year"": 2012, ""__rowid__"": 25}"
row_35,35,"In Pancreatic trials, convert 'Type of therapy' into is_combination = true/false.",Type of therapy,"[""is_combination""]",sbert,column,9,0.5235499143600464,0,24,NCT00527735,22547592,,Combination,"{""Author"": ""Lynch TJ et al (1)"", ""Cancer type"": ""Non-Small Cell Lung"", ""Class of ICI"": ""CTLA-4"", ""Clincal setting in relation to surgery"": ""Metastatic+recurrent (unresectable)"", ""Clinical setting"": ""Metastatic+recurrent (unresectable)"", ""Control arm"": ""Chemo"", ""Control regimen"": ""Placebo+Paclitaxel+Carboplatin"", ""Follow-up duration for primary endpoint(s) in months | Control"": null, ""Follow-up duration for primary endpoint(s) in months | Overall"": null, ""Follow-up duration for primary endpoint(s) in months | Rx"": null, ""Included in MA"": ""Yes"", ""Is PD-L1 positivity inclusion criteria"": ""No"", ""Is any other biomarker used for inclusion"": ""No"", ""Lines of treatment"": ""Only 1st line of treatment for metastatic disease"", ""Monotherapy/combination"": ""Combination"", ""NCT"": ""NCT00527735"", ""Name of ICI"": ""Ipilimumab"", ""Number of arms"": 3, ""Originial publication or Follow-up"": ""Original publication"", ""Priamry Multiple, composite, or co-primary endpoints?"": null, ""Primary endpoint"": ""PFS"", ""PubMed ID"": ""22547592"", ""Secondary endpoint"": ""Modified WHO criteria PFS; OS; immune-related best overall response rate; modified WHO criteria best overall response rate;  immune-related disease control rate; modified WHO criteria disease control\nrate"", ""Total sample size"": 204, ""Treatment regimen"": ""Phased ipilimumab+Paclitaxel+Carboplatin"", ""Trial name"": null, ""Trial phase"": ""Phase 2"", ""Type of combination"": ""ICI+Chemo"", ""Type of control"": ""Chemo"", ""Type of follow-up given"": null, ""Type of therapy"": ""Combination"", ""Year"": 2012, ""__rowid__"": 24}"
row_35,35,"In Pancreatic trials, convert 'Type of therapy' into is_combination = true/false.",Type of therapy,"[""is_combination""]",sbert,column,10,0.5235499143600464,0,23,NCT00527735,22547592,,Combination,"{""Author"": ""Lynch TJ et al"", ""Cancer type"": ""Non-Small Cell Lung"", ""Class of ICI"": ""CTLA-4"", ""Clincal setting in relation to surgery"": ""Metastatic+recurrent (unresectable)"", ""Clinical setting"": ""Metastatic+recurrent (unresectable)"", ""Control arm"": ""Chemo"", ""Control regimen"": ""Placebo+Paclitaxel+Carboplatin"", ""Follow-up duration for primary endpoint(s) in months | Control"": null, ""Follow-up duration for primary endpoint(s) in months | Overall"": null, ""Follow-up duration for primary endpoint(s) in months | Rx"": null, ""Included in MA"": ""Yes"", ""Is PD-L1 positivity inclusion criteria"": ""No"", ""Is any other biomarker used for inclusion"": ""No"", ""Lines of treatment"": ""Only 1st line of treatment for metastatic disease"", ""Monotherapy/combination"": ""Combination"", ""NCT"": ""NCT00527735"", ""Name of ICI"": ""Ipilimumab"", ""Number of arms"": 3, ""Originial publication or Follow-up"": ""Original publication"", ""Priamry Multiple, composite, or co-primary endpoints?"": null, ""Primary endpoint"": ""PFS"", ""PubMed ID"": ""22547592"", ""Secondary endpoint"": ""Modified WHO criteria PFS; OS; immune-related best overall response rate; modified WHO criteria best overall response rate;  immune-related disease control rate; modified WHO criteria disease control\nrate"", ""Total sample size"": 204, ""Treatment regimen"": ""Concurrent ipilimumab+Paclitaxel+Carboplatin"", ""Trial name"": null, ""Trial phase"": ""Phase 2"", ""Type of combination"": ""ICI+Chemo"", ""Type of control"": ""Chemo"", ""Type of follow-up given"": null, ""Type of therapy"": ""Combination"", ""Year"": 2012, ""__rowid__"": 23}"
row_35,35,"In Pancreatic trials, convert 'Type of therapy' into is_combination = true/false.",Type of therapy,"[""is_combination""]",sbert,column,11,0.5235499143600464,0,22,NCT02420821,31079938,IMmotion151,Combination,"{""Author"": ""Rini BI et al"", ""Cancer type"": ""Renal cell"", ""Class of ICI"": ""PD-L1"", ""Clincal setting in relation to surgery"": ""Metastatic+recurrent (unresectable)"", ""Clinical setting"": ""Metastatic+recurrent (unresectable)"", ""Control arm"": ""TKI"", ""Control regimen"": ""Sunitinib"", ""Follow-up duration for primary endpoint(s) in months | Control"": null, ""Follow-up duration for primary endpoint(s) in months | Overall"": ""24, 15"", ""Follow-up duration for primary endpoint(s) in months | Rx"": null, ""Included in MA"": ""Yes"", ""Is PD-L1 positivity inclusion criteria"": ""No"", ""Is any other biomarker used for inclusion"": ""No"", ""Lines of treatment"": ""Only 1st line of treatment for metastatic disease"", ""Monotherapy/combination"": ""Combination"", ""NCT"": ""NCT02420821"", ""Name of ICI"": ""Atezolizumab"", ""Number of arms"": 2, ""Originial publication or Follow-up"": ""Original publication"", ""Priamry Multiple, composite, or co-primary endpoints?"": ""Co-primary"", ""Primary endpoint"": ""OS+PFS"", ""PubMed ID"": ""31079938"", ""Secondary endpoint"": ""OS in PD-L1 positive population; PFS in the ITT population; proportion of patients who achieved an objective response; duration of response; patient-reported outcomes; safety"", ""Total sample size"": 915, ""Treatment regimen"": ""Atezolizumab+Bevacizumab"", ""Trial name"": ""IMmotion151"", ""Trial phase"": ""Phase 3"", ""Type of combination"": ""ICI+Anti-VEGF"", ""Type of control"": ""TKI"", ""Type of follow-up given"": ""Median"", ""Type of therapy"": ""Combination"", ""Year"": 2019, ""__rowid__"": 22}"
row_35,35,"In Pancreatic trials, convert 'Type of therapy' into is_combination = true/false.",Type of therapy,"[""is_combination""]",sbert,column,12,0.5235499143600464,0,17,NCT01984242,29867230,IMmotion150,Combination,"{""Author"": ""McDermott DF et al (1)"", ""Cancer type"": ""Renal cell"", ""Class of ICI"": ""PD-L1"", ""Clincal setting in relation to surgery"": ""Metastatic+recurrent (unresectable)"", ""Clinical setting"": ""Metastatic+recurrent (unresectable)"", ""Control arm"": ""TKI"", ""Control regimen"": ""Sunitinib"", ""Follow-up duration for primary endpoint(s) in months | Control"": null, ""Follow-up duration for primary endpoint(s) in months | Overall"": ""20.7"", ""Follow-up duration for primary endpoint(s) in months | Rx"": null, ""Included in MA"": ""No"", ""Is PD-L1 positivity inclusion criteria"": ""No"", ""Is any other biomarker used for inclusion"": ""No"", ""Lines of treatment"": ""Only 1st line of treatment for metastatic disease"", ""Monotherapy/combination"": ""Combination"", ""NCT"": ""NCT01984242"", ""Name of ICI"": ""Atezolizumab"", ""Number of arms"": 3, ""Originial publication or Follow-up"": ""Original publication"", ""Priamry Multiple, composite, or co-primary endpoints?"": null, ""Primary endpoint"": ""PFS"", ""PubMed ID"": ""29867230"", ""Secondary endpoint"": ""Investigator-assessed PFS; ORR; \nDOR; OS; patient-reported outcomes; safety."", ""Total sample size"": 305, ""Treatment regimen"": ""Atezolizumab+Bevacizumab"", ""Trial name"": ""IMmotion150"", ""Trial phase"": ""Phase 2"", ""Type of combination"": ""ICI+Chemo"", ""Type of control"": ""TKI"", ""Type of follow-up given"": ""Median"", ""Type of therapy"": ""Combination"", ""Year"": 2018, ""__rowid__"": 17}"
row_35,35,"In Pancreatic trials, convert 'Type of therapy' into is_combination = true/false.",Type of therapy,"[""is_combination""]",sbert,column,13,0.5235499143600464,0,18,NCT02231749,29562145,CheckMate 214,Combination,"{""Author"": ""Motzer RJ et al"", ""Cancer type"": ""Renal cell"", ""Class of ICI"": ""PD1, CTLA-4"", ""Clincal setting in relation to surgery"": ""Metastatic+recurrent (unresectable)"", ""Clinical setting"": ""Metastatic+recurrent (unresectable)"", ""Control arm"": ""TKI"", ""Control regimen"": ""Sunitinib"", ""Follow-up duration for primary endpoint(s) in months | Control"": null, ""Follow-up duration for primary endpoint(s) in months | Overall"": ""25.2"", ""Follow-up duration for primary endpoint(s) in months | Rx"": null, ""Included in MA"": ""Yes"", ""Is PD-L1 positivity inclusion criteria"": ""No"", ""Is any other biomarker used for inclusion"": ""No"", ""Lines of treatment"": ""Only 1st line of treatment for metastatic disease"", ""Monotherapy/combination"": ""Combination"", ""NCT"": ""NCT02231749"", ""Name of ICI"": ""Nivolumab, Ipilimumab"", ""Number of arms"": 2, ""Originial publication or Follow-up"": ""Original publication"", ""Priamry Multiple, composite, or co-primary endpoints?"": ""Co-primary"", ""Primary endpoint"": ""OS+PFS+ORR"", ""PubMed ID"": ""29562145"", ""Secondary endpoint"": ""ORR, PFS and OS in \nintention-to-treat population; incidence rate of adverse events among all treated patients."", ""Total sample size"": 1096, ""Treatment regimen"": ""Nivolumab+Ipilimumab"", ""Trial name"": ""CheckMate 214"", ""Trial phase"": ""Phase 3"", ""Type of combination"": ""ICI+ICI"", ""Type of control"": ""TKI"", ""Type of follow-up given"": ""Median"", ""Type of therapy"": ""Combination"", ""Year"": 2018, ""__rowid__"": 18}"
row_35,35,"In Pancreatic trials, convert 'Type of therapy' into is_combination = true/false.",Type of therapy,"[""is_combination""]",sbert,column,14,0.5235499143600464,0,19,NCT02231749,31427204,CheckMate 214,Combination,"{""Author"": ""Motzer RJ et al"", ""Cancer type"": ""Renal cell"", ""Class of ICI"": ""PD1, CTLA-4"", ""Clincal setting in relation to surgery"": ""Metastatic+recurrent (unresectable)"", ""Clinical setting"": ""Metastatic+recurrent (unresectable)"", ""Control arm"": ""TKI"", ""Control regimen"": ""Sunitinib"", ""Follow-up duration for primary endpoint(s) in months | Control"": null, ""Follow-up duration for primary endpoint(s) in months | Overall"": ""32.4"", ""Follow-up duration for primary endpoint(s) in months | Rx"": null, ""Included in MA"": ""Yes"", ""Is PD-L1 positivity inclusion criteria"": ""No"", ""Is any other biomarker used for inclusion"": ""No"", ""Lines of treatment"": ""Only 1st line of treatment for metastatic disease"", ""Monotherapy/combination"": ""Combination"", ""NCT"": ""NCT02231749"", ""Name of ICI"": ""Nivolumab, Ipilimumab"", ""Number of arms"": 2, ""Originial publication or Follow-up"": ""Follow-up"", ""Priamry Multiple, composite, or co-primary endpoints?"": ""Co-primary"", ""Primary endpoint"": ""OS+PFS+ORR"", ""PubMed ID"": ""31427204"", ""Secondary endpoint"": ""ORR, PFS and OS in intention-to-treat population; incidence rate of adverse events among all treated patients."", ""Total sample size"": 1096, ""Treatment regimen"": ""Nivolumab+Ipilimumab"", ""Trial name"": ""CheckMate 214"", ""Trial phase"": ""Phase 3"", ""Type of combination"": ""ICI+ICI"", ""Type of control"": ""TKI"", ""Type of follow-up given"": ""Median"", ""Type of therapy"": ""Combination"", ""Year"": 2019, ""__rowid__"": 19}"
row_35,35,"In Pancreatic trials, convert 'Type of therapy' into is_combination = true/false.",Type of therapy,"[""is_combination""]",sbert,column,15,0.5235499143600464,0,38,NCT02039674,27745820,Keynote-021,Combination,"{""Author"": ""Langer JC et al"", ""Cancer type"": ""Non-Small Cell Lung"", ""Class of ICI"": ""PD1"", ""Clincal setting in relation to surgery"": ""Metastatic+recurrent (unresectable)"", ""Clinical setting"": ""Metastatic+recurrent (unresectable)"", ""Control arm"": ""Chemo"", ""Control regimen"": ""Pemetrexed+Carboplatin"", ""Follow-up duration for primary endpoint(s) in months | Control"": null, ""Follow-up duration for primary endpoint(s) in months | Overall"": ""10.6"", ""Follow-up duration for primary endpoint(s) in months | Rx"": null, ""Included in MA"": ""Yes"", ""Is PD-L1 positivity inclusion criteria"": ""Yes"", ""Is any other biomarker used for inclusion"": ""Yes"", ""Lines of treatment"": ""Only 1st line of treatment for metastatic disease"", ""Monotherapy/combination"": ""Combination"", ""NCT"": ""NCT02039674"", ""Name of ICI"": ""Pembrolizumab"", ""Number of arms"": 2, ""Originial publication or Follow-up"": ""Original publication"", ""Priamry Multiple, composite, or co-primary endpoints?"": null, ""Primary endpoint"": ""ORR"", ""PubMed ID"": ""27745820"", ""Secondary endpoint"": ""PFS, DOR, OS"", ""Total sample size"": 123, ""Treatment regimen"": ""Pembrolizumab+Pemetrexed+Carboplatin"", ""Trial name"": ""Keynote-021"", ""Trial phase"": ""Phase 2"", ""Type of combination"": ""ICI+Chemo"", ""Type of control"": ""Chemo"", ""Type of follow-up given"": ""Median"", ""Type of therapy"": ""Combination"", ""Year"": 2016, ""__rowid__"": 38}"
row_35,35,"In Pancreatic trials, convert 'Type of therapy' into is_combination = true/false.",Type of therapy,"[""is_combination""]",sbert,column,16,0.5235499143600464,0,34,NCT01285609,28854067,,Combination,"{""Author"": ""Govindan R et al"", ""Cancer type"": ""Non-Small Cell Lung"", ""Class of ICI"": ""CTLA-4"", ""Clincal setting in relation to surgery"": ""Metastatic+recurrent (unresectable)"", ""Clinical setting"": ""Metastatic+recurrent (unresectable)"", ""Control arm"": ""Chemo"", ""Control regimen"": ""Placebo+Paclitaxel+Carboplatin"", ""Follow-up duration for primary endpoint(s) in months | Control"": ""11.8"", ""Follow-up duration for primary endpoint(s) in months | Overall"": null, ""Follow-up duration for primary endpoint(s) in months | Rx"": ""12.5"", ""Included in MA"": ""Yes"", ""Is PD-L1 positivity inclusion criteria"": ""No"", ""Is any other biomarker used for inclusion"": ""No"", ""Lines of treatment"": ""Only 1st line of treatment for metastatic disease"", ""Monotherapy/combination"": ""Combination"", ""NCT"": ""NCT01285609"", ""Name of ICI"": ""Ipilimumab"", ""Number of arms"": 2, ""Originial publication or Follow-up"": ""Original publication"", ""Priamry Multiple, composite, or co-primary endpoints?"": null, ""Primary endpoint"": ""OS"", ""PubMed ID"": ""28854067"", ""Secondary endpoint"": ""PFS, ORR, DOR, safety"", ""Total sample size"": 749, ""Treatment regimen"": ""Ipilimumab+Paclitaxel+Carboplatin"", ""Trial name"": null, ""Trial phase"": ""Phase 3"", ""Type of combination"": ""ICI+Chemo"", ""Type of control"": ""Chemo"", ""Type of follow-up given"": ""Median"", ""Type of therapy"": ""Combination"", ""Year"": 2017, ""__rowid__"": 34}"
row_35,35,"In Pancreatic trials, convert 'Type of therapy' into is_combination = true/false.",Type of therapy,"[""is_combination""]",sbert,column,17,0.5235499143600464,0,42,NCT02578680,29658856,Keynote-189,Combination,"{""Author"": ""Gandhi L et al"", ""Cancer type"": ""Non-Small Cell Lung"", ""Class of ICI"": ""PD1"", ""Clincal setting in relation to surgery"": ""Metastatic+recurrent (unresectable)"", ""Clinical setting"": ""Metastatic+recurrent (unresectable)"", ""Control arm"": ""Chemo"", ""Control regimen"": ""Placebo+Pemetrexed+Platinum agent"", ""Follow-up duration for primary endpoint(s) in months | Control"": null, ""Follow-up duration for primary endpoint(s) in months | Overall"": ""10.5"", ""Follow-up duration for primary endpoint(s) in months | Rx"": null, ""Included in MA"": ""Yes"", ""Is PD-L1 positivity inclusion criteria"": ""No"", ""Is any other biomarker used for inclusion"": ""No"", ""Lines of treatment"": ""Only 1st line of treatment for metastatic disease"", ""Monotherapy/combination"": ""Combination"", ""NCT"": ""NCT02578680"", ""Name of ICI"": ""Pembrolizumab"", ""Number of arms"": 2, ""Originial publication or Follow-up"": ""Original publication"", ""Priamry Multiple, composite, or co-primary endpoints?"": ""Multiple"", ""Primary endpoint"": ""OS+PFS"", ""PubMed ID"": ""29658856"", ""Secondary endpoint"": ""ORR, DOR, safety"", ""Total sample size"": 616, ""Treatment regimen"": ""Pembrolizumab+Platinum agent"", ""Trial name"": ""Keynote-189"", ""Trial phase"": ""Phase 3"", ""Type of combination"": ""ICI+Chemo"", ""Type of control"": ""Chemo"", ""Type of follow-up given"": ""Median"", ""Type of therapy"": ""Combination"", ""Year"": 2018, ""__rowid__"": 42}"
row_35,35,"In Pancreatic trials, convert 'Type of therapy' into is_combination = true/false.",Type of therapy,"[""is_combination""]",sbert,column,18,0.5235499143600464,0,51,NCT02477826,31562796,Checkmate 227,Combination,"{""Author"": ""Hellmann MD et al (2)"", ""Cancer type"": ""Non-Small Cell Lung"", ""Class of ICI"": ""PD1"", ""Clincal setting in relation to surgery"": ""Metastatic+recurrent (unresectable)"", ""Clinical setting"": ""Metastatic+recurrent (unresectable)"", ""Control arm"": ""Chemo"", ""Control regimen"": ""Chemotherapy"", ""Follow-up duration for primary endpoint(s) in months | Control"": null, ""Follow-up duration for primary endpoint(s) in months | Overall"": ""29.3"", ""Follow-up duration for primary endpoint(s) in months | Rx"": null, ""Included in MA"": ""Yes"", ""Is PD-L1 positivity inclusion criteria"": ""No"", ""Is any other biomarker used for inclusion"": ""Yes"", ""Lines of treatment"": ""Only 1st line of treatment for metastatic disease"", ""Monotherapy/combination"": ""Combination"", ""NCT"": ""NCT02477826"", ""Name of ICI"": ""Nivolumab"", ""Number of arms"": 4, ""Originial publication or Follow-up"": ""Follow-up"", ""Priamry Multiple, composite, or co-primary endpoints?"": null, ""Primary endpoint"": ""OS"", ""PubMed ID"": ""31562796"", ""Secondary endpoint"": ""PFS; OS with nivolumab+chemotherapy VS chemotherapy alone in patients with PD-L1 <1%; and OS with nivolumab monotherapy VS chemotherapy in patients with a PD-L1 >=50%"", ""Total sample size"": 1739, ""Treatment regimen"": ""Nivolumab+Chemotherapy"", ""Trial name"": ""Checkmate 227"", ""Trial phase"": ""Phase 3"", ""Type of combination"": ""ICI+Chemo"", ""Type of control"": ""Chemo"", ""Type of follow-up given"": ""Minimum"", ""Type of therapy"": ""Combination"", ""Year"": 2019, ""__rowid__"": 51}"
row_35,35,"In Pancreatic trials, convert 'Type of therapy' into is_combination = true/false.",Type of therapy,"[""is_combination""]",sbert,column,19,0.5235499143600464,0,49,NCT02477826,31562796,Checkmate 227,Combination,"{""Author"": ""Hellmann MD et al"", ""Cancer type"": ""Non-Small Cell Lung"", ""Class of ICI"": ""PD1, CTLA-4"", ""Clincal setting in relation to surgery"": ""Metastatic+recurrent (unresectable)"", ""Clinical setting"": ""Metastatic+recurrent (unresectable)"", ""Control arm"": ""Chemo"", ""Control regimen"": ""Chemotherapy"", ""Follow-up duration for primary endpoint(s) in months | Control"": null, ""Follow-up duration for primary endpoint(s) in months | Overall"": ""29.3"", ""Follow-up duration for primary endpoint(s) in months | Rx"": null, ""Included in MA"": ""Yes"", ""Is PD-L1 positivity inclusion criteria"": ""No"", ""Is any other biomarker used for inclusion"": ""Yes"", ""Lines of treatment"": ""Only 1st line of treatment for metastatic disease"", ""Monotherapy/combination"": ""Combination"", ""NCT"": ""NCT02477826"", ""Name of ICI"": ""Nivolumab, Ipilimumab"", ""Number of arms"": 4, ""Originial publication or Follow-up"": ""Follow-up"", ""Priamry Multiple, composite, or co-primary endpoints?"": null, ""Primary endpoint"": ""OS"", ""PubMed ID"": ""31562796"", ""Secondary endpoint"": ""PFS; OS with nivolumab+chemotherapy VS chemotherapy alone in patients with PD-L1 <1%; and OS with nivolumab monotherapy VS chemotherapy in patients with a PD-L1 >=50%"", ""Total sample size"": 1739, ""Treatment regimen"": ""Nivolumab+Ipilimumab"", ""Trial name"": ""Checkmate 227"", ""Trial phase"": ""Phase 3"", ""Type of combination"": ""ICI+ICI"", ""Type of control"": ""Chemo"", ""Type of follow-up given"": ""Minimum"", ""Type of therapy"": ""Combination"", ""Year"": 2019, ""__rowid__"": 49}"
row_35,35,"In Pancreatic trials, convert 'Type of therapy' into is_combination = true/false.",Type of therapy,"[""is_combination""]",sbert,column,20,0.5235499143600464,0,57,NCT02454933,30763730,CAURAL,Combination,"{""Author"": ""Yang JCH et al"", ""Cancer type"": ""Non-Small Cell Lung"", ""Class of ICI"": ""PD-L1"", ""Clincal setting in relation to surgery"": ""Metastatic+recurrent (unresectable)"", ""Clinical setting"": ""Metastatic+recurrent (unresectable)"", ""Control arm"": ""TKI"", ""Control regimen"": ""Osimertinib"", ""Follow-up duration for primary endpoint(s) in months | Control"": null, ""Follow-up duration for primary endpoint(s) in months | Overall"": null, ""Follow-up duration for primary endpoint(s) in months | Rx"": null, ""Included in MA"": ""No"", ""Is PD-L1 positivity inclusion criteria"": ""No"", ""Is any other biomarker used for inclusion"": ""No"", ""Lines of treatment"": ""Only 2nd or later line of treatment for metastatic disease"", ""Monotherapy/combination"": ""Combination"", ""NCT"": ""NCT02454933"", ""Name of ICI"": ""Durvalumab"", ""Number of arms"": 2, ""Originial publication or Follow-up"": ""Original publication"", ""Priamry Multiple, composite, or co-primary endpoints?"": null, ""Primary endpoint"": null, ""PubMed ID"": ""30763730"", ""Secondary endpoint"": null, ""Total sample size"": 29, ""Treatment regimen"": ""Durvalumab+Osimertinib"", ""Trial name"": ""CAURAL"", ""Trial phase"": ""Phase 3"", ""Type of combination"": ""ICI+TKI"", ""Type of control"": ""TKI"", ""Type of follow-up given"": null, ""Type of therapy"": ""Combination"", ""Year"": 2019, ""__rowid__"": 57}"
row_35,35,"In Pancreatic trials, convert 'Type of therapy' into is_combination = true/false.",Type of therapy,"[""is_combination""]",sbert,row,1,0.483040452003479,0,58,NCT00324155,21639810,,Combination,"{""Author"": ""Robert C et al"", ""Cancer type"": ""Melanoma"", ""Class of ICI"": ""CTLA-4"", ""Clincal setting in relation to surgery"": ""Metastatic+recurrent (unresectable)"", ""Clinical setting"": ""Metastatic+recurrent (unresectable)"", ""Control arm"": ""Chemo"", ""Control regimen"": ""Dacarbazine"", ""Follow-up duration for primary endpoint(s) in months | Control"": null, ""Follow-up duration for primary endpoint(s) in months | Overall"": null, ""Follow-up duration for primary endpoint(s) in months | Rx"": null, ""Included in MA"": ""Yes"", ""Is PD-L1 positivity inclusion criteria"": ""No"", ""Is any other biomarker used for inclusion"": ""No"", ""Lines of treatment"": ""Only 1st line of treatment for metastatic disease"", ""Monotherapy/combination"": ""Combination"", ""NCT"": ""NCT00324155"", ""Name of ICI"": ""Ipilimumab"", ""Number of arms"": 2, ""Originial publication or Follow-up"": ""Original publication"", ""Priamry Multiple, composite, or co-primary endpoints?"": null, ""Primary endpoint"": ""OS"", ""PubMed ID"": ""21639810"", ""Secondary endpoint"": ""PFS, best ORR, DCR, time to response, DOR, safety"", ""Total sample size"": 502, ""Treatment regimen"": ""Ipilimumab+Dacarbazine"", ""Trial name"": null, ""Trial phase"": ""Phase 3"", ""Type of combination"": ""ICI+Chemo"", ""Type of control"": ""Chemo"", ""Type of follow-up given"": null, ""Type of therapy"": ""Combination"", ""Year"": 2011, ""__rowid__"": 58}"
row_35,35,"In Pancreatic trials, convert 'Type of therapy' into is_combination = true/false.",Type of therapy,"[""is_combination""]",sbert,row,2,0.47888922691345215,0,158,NCT02743494,33789008,CheckMate 577,Monotherapy,"{""Author"": ""Kelly RJ"", ""Cancer type"": null, ""Class of ICI"": ""PD1"", ""Clincal setting in relation to surgery"": ""Adjuvant"", ""Clinical setting"": ""Adjuvant"", ""Control arm"": ""Placebo"", ""Control regimen"": ""Placebo"", ""Follow-up duration for primary endpoint(s) in months | Control"": null, ""Follow-up duration for primary endpoint(s) in months | Overall"": ""24.4"", ""Follow-up duration for primary endpoint(s) in months | Rx"": null, ""Included in MA"": null, ""Is PD-L1 positivity inclusion criteria"": ""No"", ""Is any other biomarker used for inclusion"": ""No"", ""Lines of treatment"": null, ""Monotherapy/combination"": ""Monotherapy"", ""NCT"": ""NCT02743494"", ""Name of ICI"": ""Nivolumab"", ""Number of arms"": 2, ""Originial publication or Follow-up"": ""Original publication"", ""Priamry Multiple, composite, or co-primary endpoints?"": null, ""Primary endpoint"": ""DFS"", ""PubMed ID"": ""33789008"", ""Secondary endpoint"": ""OS; survival at 1, 2 and 3 y"", ""Total sample size"": null, ""Treatment regimen"": ""Nivolumab"", ""Trial name"": ""CheckMate 577"", ""Trial phase"": ""Phase 3"", ""Type of combination"": null, ""Type of control"": ""Placebo"", ""Type of follow-up given"": ""Median"", ""Type of therapy"": ""Monotherapy"", ""Year"": 2021, ""__rowid__"": 158}"
row_35,35,"In Pancreatic trials, convert 'Type of therapy' into is_combination = true/false.",Type of therapy,"[""is_combination""]",sbert,row,3,0.4758814871311188,0,8,NCT01585987,28655793,,Monotherapy,"{""Author"": ""Bang YJ et al"", ""Cancer type"": ""Gastric/GEJ"", ""Class of ICI"": ""CTLA-4"", ""Clincal setting in relation to surgery"": ""Metastatic+recurrent (unresectable)"", ""Clinical setting"": ""Metastatic+recurrent (unresectable)"", ""Control arm"": ""Best supportive care"", ""Control regimen"": ""Best supportive care (+/-fluoropyrimidine)"", ""Follow-up duration for primary endpoint(s) in months | Control"": null, ""Follow-up duration for primary endpoint(s) in months | Overall"": null, ""Follow-up duration for primary endpoint(s) in months | Rx"": null, ""Included in MA"": ""Yes"", ""Is PD-L1 positivity inclusion criteria"": ""No"", ""Is any other biomarker used for inclusion"": ""No"", ""Lines of treatment"": ""Only 2nd or later line of treatment for metastatic disease"", ""Monotherapy/combination"": ""Monotherapy"", ""NCT"": ""NCT01585987"", ""Name of ICI"": ""Ipilimumab"", ""Number of arms"": 2, ""Originial publication or Follow-up"": ""Original publication"", ""Priamry Multiple, composite, or co-primary endpoints?"": null, ""Primary endpoint"": ""PFS"", ""PubMed ID"": ""28655793"", ""Secondary endpoint"": ""PFS by mWHO criteria, OS, immune-related best overall response rate (irBORR)"", ""Total sample size"": 114, ""Treatment regimen"": ""Ipilimumab"", ""Trial name"": null, ""Trial phase"": ""Phase 2"", ""Type of combination"": null, ""Type of control"": ""Best supportive care"", ""Type of follow-up given"": null, ""Type of therapy"": ""Monotherapy"", ""Year"": 2017, ""__rowid__"": 8}"
row_35,35,"In Pancreatic trials, convert 'Type of therapy' into is_combination = true/false.",Type of therapy,"[""is_combination""]",sbert,row,4,0.4740857481956482,0,121,NCT02494583,32880601,Keynote-062,Combination,"{""Author"": ""Shitara K et al (1)"", ""Cancer type"": ""Gastric/GEJ"", ""Class of ICI"": ""PD1"", ""Clincal setting in relation to surgery"": ""Metastatic+recurrent (unresectable)"", ""Clinical setting"": ""Metastatic+recurrent (unresectable)"", ""Control arm"": ""Chemo"", ""Control regimen"": ""Placebo+Cisplatin+5-FU+Capecitabine"", ""Follow-up duration for primary endpoint(s) in months | Control"": null, ""Follow-up duration for primary endpoint(s) in months | Overall"": ""29.4"", ""Follow-up duration for primary endpoint(s) in months | Rx"": null, ""Included in MA"": null, ""Is PD-L1 positivity inclusion criteria"": ""Yes"", ""Is any other biomarker used for inclusion"": ""Yes"", ""Lines of treatment"": ""Only 1st line of treatment for metastatic disease"", ""Monotherapy/combination"": ""Combination"", ""NCT"": ""NCT02494583"", ""Name of ICI"": ""Pembrolizumab"", ""Number of arms"": 3, ""Originial publication or Follow-up"": ""Original publication"", ""Priamry Multiple, composite, or co-primary endpoints?"": ""Multiple"", ""Primary endpoint"": ""OS+PFS"", ""PubMed ID"": ""32880601"", ""Secondary endpoint"": ""ORR, DoR, safety, tolerability, HRQOL"", ""Total sample size"": 763, ""Treatment regimen"": ""Pembrolizumab+Cisplatin+5-FU+Capecitabine"", ""Trial name"": ""Keynote-062"", ""Trial phase"": ""Phase 3"", ""Type of combination"": ""ICI+Chemo"", ""Type of control"": ""Chemo"", ""Type of follow-up given"": ""Median"", ""Type of therapy"": ""Combination"", ""Year"": 2020, ""__rowid__"": 121}"
row_35,35,"In Pancreatic trials, convert 'Type of therapy' into is_combination = true/false.",Type of therapy,"[""is_combination""]",sbert,row,5,0.4690108299255371,0,73,NCT01843374,28729154,DETERMINE,Monotherapy,"{""Author"": ""Maio M et al"", ""Cancer type"": ""Mesothelioma"", ""Class of ICI"": ""CTLA-4"", ""Clincal setting in relation to surgery"": ""Metastatic+recurrent (unresectable)"", ""Clinical setting"": ""Metastatic+recurrent (unresectable)"", ""Control arm"": ""Placebo"", ""Control regimen"": ""Placebo"", ""Follow-up duration for primary endpoint(s) in months | Control"": null, ""Follow-up duration for primary endpoint(s) in months | Overall"": null, ""Follow-up duration for primary endpoint(s) in months | Rx"": null, ""Included in MA"": ""Yes"", ""Is PD-L1 positivity inclusion criteria"": ""No"", ""Is any other biomarker used for inclusion"": ""No"", ""Lines of treatment"": ""Only 2nd or later line of treatment for metastatic disease"", ""Monotherapy/combination"": ""Monotherapy"", ""NCT"": ""NCT01843374"", ""Name of ICI"": ""Tremelimumab"", ""Number of arms"": 2, ""Originial publication or Follow-up"": ""Original publication"", ""Priamry Multiple, composite, or co-primary endpoints?"": null, ""Primary endpoint"": ""OS"", ""PubMed ID"": ""28729154"", ""Secondary endpoint"": ""18-month OS; disease control and durable disease control; PFS; proportion of patients achieving an objective response; duration of response;  patient-reported outcomes; pharmacokinetics; immunogenicity of tremelimumab; and safety and tolerability."", ""Total sample size"": 571, ""Treatment regimen"": ""Tremelimumab"", ""Trial name"": ""DETERMINE"", ""Trial phase"": ""Phase 2"", ""Type of combination"": null, ""Type of control"": ""Placebo"", ""Type of follow-up given"": null, ""Type of therapy"": ""Monotherapy"", ""Year"": 2017, ""__rowid__"": 73}"
row_35,35,"In Pancreatic trials, convert 'Type of therapy' into is_combination = true/false.",Type of therapy,"[""is_combination""]",sbert,row,6,0.46851471066474915,0,78,NCT02267343,31863227,ATTRACTION-2,Monotherapy,"{""Author"": ""Chen LT et al"", ""Cancer type"": ""Gastric/GEJ"", ""Class of ICI"": ""PD1"", ""Clincal setting in relation to surgery"": ""Metastatic+recurrent (unresectable)"", ""Clinical setting"": ""Metastatic+recurrent (unresectable)"", ""Control arm"": ""Placebo"", ""Control regimen"": ""Placebo"", ""Follow-up duration for primary endpoint(s) in months | Control"": null, ""Follow-up duration for primary endpoint(s) in months | Overall"": ""27.3"", ""Follow-up duration for primary endpoint(s) in months | Rx"": null, ""Included in MA"": ""Yes"", ""Is PD-L1 positivity inclusion criteria"": ""No"", ""Is any other biomarker used for inclusion"": ""No"", ""Lines of treatment"": ""Only 2nd or later line of treatment for metastatic disease"", ""Monotherapy/combination"": ""Monotherapy"", ""NCT"": ""NCT02267343"", ""Name of ICI"": ""Nivolumab"", ""Number of arms"": 2, ""Originial publication or Follow-up"": ""Follow-up"", ""Priamry Multiple, composite, or co-primary endpoints?"": null, ""Primary endpoint"": ""OS"", ""PubMed ID"": ""31863227"", ""Secondary endpoint"": ""PFS, ORR, disease control rate, DoR, time to response, best overall response, the maximum percentage change from baseline in the sum of diameters of target lesions."", ""Total sample size"": 493, ""Treatment regimen"": ""Nivolumab"", ""Trial name"": ""ATTRACTION-2"", ""Trial phase"": ""Phase 3"", ""Type of combination"": null, ""Type of control"": ""Placebo"", ""Type of follow-up given"": ""Median"", ""Type of therapy"": ""Monotherapy"", ""Year"": 2019, ""__rowid__"": 78}"
row_35,35,"In Pancreatic trials, convert 'Type of therapy' into is_combination = true/false.",Type of therapy,"[""is_combination""]",sbert,row,7,0.46779078245162964,1,88,NCT02362048,32114502,KEYNOTE144,Combination,"{""Author"": ""Overman M et al"", ""Cancer type"": ""Pancreatic"", ""Class of ICI"": ""PD1"", ""Clincal setting in relation to surgery"": ""Metastatic+recurrent (unresectable)"", ""Clinical setting"": ""Metastatic+recurrent (unresectable)"", ""Control arm"": ""TKI"", ""Control regimen"": ""Acalabrutinib"", ""Follow-up duration for primary endpoint(s) in months | Control"": null, ""Follow-up duration for primary endpoint(s) in months | Overall"": null, ""Follow-up duration for primary endpoint(s) in months | Rx"": null, ""Included in MA"": ""No"", ""Is PD-L1 positivity inclusion criteria"": ""No"", ""Is any other biomarker used for inclusion"": ""No"", ""Lines of treatment"": ""Only 2nd or later line of treatment for metastatic disease"", ""Monotherapy/combination"": ""Combination"", ""NCT"": ""NCT02362048"", ""Name of ICI"": ""Pembrolizumab"", ""Number of arms"": 2, ""Originial publication or Follow-up"": ""Original publication"", ""Priamry Multiple, composite, or co-primary endpoints?"": null, ""Primary endpoint"": ""Safety"", ""PubMed ID"": ""32114502"", ""Secondary endpoint"": ""ORR; disease control rate; PFS; OS; change in cancer antigen (CA) 19–9."", ""Total sample size"": 77, ""Treatment regimen"": ""Pembrolizumab+Acalabrutinib"", ""Trial name"": ""KEYNOTE144"", ""Trial phase"": ""Phase 2"", ""Type of combination"": ""ICI+TKI"", ""Type of control"": ""TKI"", ""Type of follow-up given"": null, ""Type of therapy"": ""Combination"", ""Year"": 2020, ""__rowid__"": 88}"
row_35,35,"In Pancreatic trials, convert 'Type of therapy' into is_combination = true/false.",Type of therapy,"[""is_combination""]",sbert,row,8,0.46710723638534546,0,98,NCT03066778,32468956,KEYNOTE-604,Combination,"{""Author"": ""Rudin CM et al"", ""Cancer type"": ""Small Cell Lung"", ""Class of ICI"": ""PD1"", ""Clincal setting in relation to surgery"": ""Metastatic+recurrent (unresectable)"", ""Clinical setting"": ""Metastatic+recurrent (unresectable)"", ""Control arm"": ""Chemo"", ""Control regimen"": ""Placebo+Etoposide+Platinum agent"", ""Follow-up duration for primary endpoint(s) in months | Control"": null, ""Follow-up duration for primary endpoint(s) in months | Overall"": null, ""Follow-up duration for primary endpoint(s) in months | Rx"": null, ""Included in MA"": ""Yes"", ""Is PD-L1 positivity inclusion criteria"": ""No"", ""Is any other biomarker used for inclusion"": ""No"", ""Lines of treatment"": ""Only 1st line of treatment for metastatic disease"", ""Monotherapy/combination"": ""Combination"", ""NCT"": ""NCT03066778"", ""Name of ICI"": ""Pembrolizumab"", ""Number of arms"": 2, ""Originial publication or Follow-up"": ""Original publication"", ""Priamry Multiple, composite, or co-primary endpoints?"": ""Multiple"", ""Primary endpoint"": ""OS+PFS"", ""PubMed ID"": ""32468956"", ""Secondary endpoint"": ""ORR; DOR"", ""Total sample size"": 453, ""Treatment regimen"": ""Pembrolizumab+Etoposide+Platinum agent"", ""Trial name"": ""KEYNOTE-604"", ""Trial phase"": ""Phase 3"", ""Type of combination"": ""ICI+Chemo"", ""Type of control"": ""Chemo"", ""Type of follow-up given"": null, ""Type of therapy"": ""Combination"", ""Year"": 2020, ""__rowid__"": 98}"
row_35,35,"In Pancreatic trials, convert 'Type of therapy' into is_combination = true/false.",Type of therapy,"[""is_combination""]",sbert,row,9,0.46695753931999207,0,95,NCT02523313,32416781,IMMUNED,Monotherapy,"{""Author"": ""Zimmer L et al"", ""Cancer type"": ""Melanoma"", ""Class of ICI"": ""PD1"", ""Clincal setting in relation to surgery"": ""Metastatic+recurrent (unresectable)"", ""Clinical setting"": ""Metastatic+recurrent (unresectable)"", ""Control arm"": ""Placebo"", ""Control regimen"": ""Placebo"", ""Follow-up duration for primary endpoint(s) in months | Control"": null, ""Follow-up duration for primary endpoint(s) in months | Overall"": ""28.4"", ""Follow-up duration for primary endpoint(s) in months | Rx"": null, ""Included in MA"": ""Yes"", ""Is PD-L1 positivity inclusion criteria"": ""No"", ""Is any other biomarker used for inclusion"": ""No"", ""Lines of treatment"": ""1st and later line of treatment for metastatic disease"", ""Monotherapy/combination"": ""Monotherapy"", ""NCT"": ""NCT02523313"", ""Name of ICI"": ""Nivolumab"", ""Number of arms"": 3, ""Originial publication or Follow-up"": ""Original publication"", ""Priamry Multiple, composite, or co-primary endpoints?"": null, ""Primary endpoint"": ""RFS"", ""PubMed ID"": ""32416781"", ""Secondary endpoint"": ""OS; time to recurrence; safety; PFS or RFS 2."", ""Total sample size"": 167, ""Treatment regimen"": ""Nivolumab"", ""Trial name"": ""IMMUNED"", ""Trial phase"": ""Phase 2"", ""Type of combination"": null, ""Type of control"": ""Placebo"", ""Type of follow-up given"": ""Median"", ""Type of therapy"": ""Monotherapy"", ""Year"": 2020, ""__rowid__"": 95}"
row_35,35,"In Pancreatic trials, convert 'Type of therapy' into is_combination = true/false.",Type of therapy,"[""is_combination""]",sbert,row,10,0.4651903808116913,1,97,NCT01896869,32591464,,Combination,"{""Author"": ""Wu AA et al"", ""Cancer type"": ""Pancreatic"", ""Class of ICI"": ""CTLA-4"", ""Clincal setting in relation to surgery"": ""Metastatic+recurrent (unresectable)"", ""Clinical setting"": ""Metastatic+recurrent (unresectable)"", ""Control arm"": ""Chemo"", ""Control regimen"": ""FOLFIRINOX"", ""Follow-up duration for primary endpoint(s) in months | Control"": null, ""Follow-up duration for primary endpoint(s) in months | Overall"": null, ""Follow-up duration for primary endpoint(s) in months | Rx"": null, ""Included in MA"": ""No"", ""Is PD-L1 positivity inclusion criteria"": ""No"", ""Is any other biomarker used for inclusion"": ""No"", ""Lines of treatment"": ""Only 2nd or later line of treatment for metastatic disease"", ""Monotherapy/combination"": ""Combination"", ""NCT"": ""NCT01896869"", ""Name of ICI"": ""Ipilimumab"", ""Number of arms"": 2, ""Originial publication or Follow-up"": ""Original publication"", ""Priamry Multiple, composite, or co-primary endpoints?"": null, ""Primary endpoint"": ""OS"", ""PubMed ID"": ""32591464"", ""Secondary endpoint"": ""Safety; toxicities; clinical and immunological responses."", ""Total sample size"": 83, ""Treatment regimen"": ""Ipilimumab+GVAX"", ""Trial name"": null, ""Trial phase"": ""Phase 2"", ""Type of combination"": ""ICI+Vaccine"", ""Type of control"": ""Chemo"", ""Type of follow-up given"": null, ""Type of therapy"": ""Combination"", ""Year"": 2020, ""__rowid__"": 97}"
row_35,35,"In Pancreatic trials, convert 'Type of therapy' into is_combination = true/false.",Type of therapy,"[""is_combination""]",sbert,row,11,0.4630671441555023,0,119,NCT03051659,32880602,,Combination,"{""Author"": ""Tolaney SM et al"", ""Cancer type"": ""Breast"", ""Class of ICI"": ""PD1"", ""Clincal setting in relation to surgery"": ""Metastatic+recurrent (unresectable)"", ""Clinical setting"": ""Metastatic+recurrent (unresectable)"", ""Control arm"": ""Chemo"", ""Control regimen"": ""Eribulin"", ""Follow-up duration for primary endpoint(s) in months | Control"": null, ""Follow-up duration for primary endpoint(s) in months | Overall"": ""10.5"", ""Follow-up duration for primary endpoint(s) in months | Rx"": null, ""Included in MA"": null, ""Is PD-L1 positivity inclusion criteria"": ""No"", ""Is any other biomarker used for inclusion"": ""Yes"", ""Lines of treatment"": ""Only 2nd or later line of treatment for metastatic disease"", ""Monotherapy/combination"": ""Combination"", ""NCT"": ""NCT03051659"", ""Name of ICI"": ""Pembrolizumab"", ""Number of arms"": 2, ""Originial publication or Follow-up"": ""Original publication"", ""Priamry Multiple, composite, or co-primary endpoints?"": null, ""Primary endpoint"": ""PFS"", ""PubMed ID"": ""32880602"", ""Secondary endpoint"": ""PFS per irRECIST, ORR, OS, DoR, clinical benefit rate, safety, tolerability"", ""Total sample size"": 90, ""Treatment regimen"": ""Pembrolizumab+Eribulin"", ""Trial name"": null, ""Trial phase"": ""Phase 2"", ""Type of combination"": ""ICI+Chemo"", ""Type of control"": ""Chemo"", ""Type of follow-up given"": ""Median"", ""Type of therapy"": ""Combination"", ""Year"": 2020, ""__rowid__"": 119}"
row_35,35,"In Pancreatic trials, convert 'Type of therapy' into is_combination = true/false.",Type of therapy,"[""is_combination""]",sbert,row,12,0.46251773834228516,0,3,NCT02256436,31050707,Keynote-045,Monotherapy,"{""Author"": ""Fradet Y et al"", ""Cancer type"": ""Bladder"", ""Class of ICI"": ""PD1"", ""Clincal setting in relation to surgery"": ""Metastatic+recurrent (unresectable)"", ""Clinical setting"": ""Metastatic+recurrent (unresectable)"", ""Control arm"": ""Chemo"", ""Control regimen"": ""Vinflunine+Paclitaxel+Docetaxel"", ""Follow-up duration for primary endpoint(s) in months | Control"": null, ""Follow-up duration for primary endpoint(s) in months | Overall"": ""27.7"", ""Follow-up duration for primary endpoint(s) in months | Rx"": null, ""Included in MA"": ""Yes"", ""Is PD-L1 positivity inclusion criteria"": ""No"", ""Is any other biomarker used for inclusion"": ""No"", ""Lines of treatment"": ""1st and later line of treatment for metastatic disease"", ""Monotherapy/combination"": ""Monotherapy"", ""NCT"": ""NCT02256436"", ""Name of ICI"": ""Pembrolizumab"", ""Number of arms"": 2, ""Originial publication or Follow-up"": ""Follow-up"", ""Priamry Multiple, composite, or co-primary endpoints?"": ""Multiple"", ""Primary endpoint"": ""OS+PFS"", ""PubMed ID"": ""31050707"", ""Secondary endpoint"": ""Safety, tolerability, ORR, DoR"", ""Total sample size"": 542, ""Treatment regimen"": ""Pembrolizumab"", ""Trial name"": ""Keynote-045"", ""Trial phase"": ""Phase 3"", ""Type of combination"": null, ""Type of control"": ""Chemo"", ""Type of follow-up given"": ""Median"", ""Type of therapy"": ""Monotherapy"", ""Year"": 2019, ""__rowid__"": 3}"
row_35,35,"In Pancreatic trials, convert 'Type of therapy' into is_combination = true/false.",Type of therapy,"[""is_combination""]",sbert,row,13,0.46152758598327637,0,120,NCT02494583,32880601,Keynote-062,Monotherapy,"{""Author"": ""Shitara K et al"", ""Cancer type"": ""Gastric/GEJ"", ""Class of ICI"": ""PD1"", ""Clincal setting in relation to surgery"": ""Metastatic+recurrent (unresectable)"", ""Clinical setting"": ""Metastatic+recurrent (unresectable)"", ""Control arm"": ""Chemo"", ""Control regimen"": ""Placebo+Cisplatin+5-FU+Capecitabine"", ""Follow-up duration for primary endpoint(s) in months | Control"": null, ""Follow-up duration for primary endpoint(s) in months | Overall"": ""29.4"", ""Follow-up duration for primary endpoint(s) in months | Rx"": null, ""Included in MA"": null, ""Is PD-L1 positivity inclusion criteria"": ""Yes"", ""Is any other biomarker used for inclusion"": ""Yes"", ""Lines of treatment"": ""Only 1st line of treatment for metastatic disease"", ""Monotherapy/combination"": ""Monotherapy"", ""NCT"": ""NCT02494583"", ""Name of ICI"": ""Pembrolizumab"", ""Number of arms"": 3, ""Originial publication or Follow-up"": ""Original publication"", ""Priamry Multiple, composite, or co-primary endpoints?"": ""Multiple"", ""Primary endpoint"": ""OS+PFS"", ""PubMed ID"": ""32880601"", ""Secondary endpoint"": ""ORR, DoR, safety, tolerability, HRQOL"", ""Total sample size"": 763, ""Treatment regimen"": ""Pembrolizumab"", ""Trial name"": ""Keynote-062"", ""Trial phase"": ""Phase 3"", ""Type of combination"": null, ""Type of control"": ""Chemo"", ""Type of follow-up given"": ""Median"", ""Type of therapy"": ""Monotherapy"", ""Year"": 2020, ""__rowid__"": 120}"
row_35,35,"In Pancreatic trials, convert 'Type of therapy' into is_combination = true/false.",Type of therapy,"[""is_combination""]",sbert,row,14,0.45979827642440796,0,2,NCT02256436,28212060,Keynote-045,Monotherapy,"{""Author"": ""Bellmunt J et al"", ""Cancer type"": ""Bladder"", ""Class of ICI"": ""PD1"", ""Clincal setting in relation to surgery"": ""Metastatic+recurrent (unresectable)"", ""Clinical setting"": ""Metastatic+recurrent (unresectable)"", ""Control arm"": ""Chemo"", ""Control regimen"": ""Vinflunine+Paclitaxel+Docetaxel"", ""Follow-up duration for primary endpoint(s) in months | Control"": null, ""Follow-up duration for primary endpoint(s) in months | Overall"": ""14.1"", ""Follow-up duration for primary endpoint(s) in months | Rx"": null, ""Included in MA"": ""Yes"", ""Is PD-L1 positivity inclusion criteria"": ""No"", ""Is any other biomarker used for inclusion"": ""No"", ""Lines of treatment"": ""1st and later line of treatment for metastatic disease"", ""Monotherapy/combination"": ""Monotherapy"", ""NCT"": ""NCT02256436"", ""Name of ICI"": ""Pembrolizumab"", ""Number of arms"": 2, ""Originial publication or Follow-up"": ""Original publication"", ""Priamry Multiple, composite, or co-primary endpoints?"": ""Multiple"", ""Primary endpoint"": ""OS+PFS"", ""PubMed ID"": ""28212060"", ""Secondary endpoint"": ""Safety, tolerability, ORR, DoR"", ""Total sample size"": 542, ""Treatment regimen"": ""Pembrolizumab"", ""Trial name"": ""Keynote-045"", ""Trial phase"": ""Phase 3"", ""Type of combination"": null, ""Type of control"": ""Chemo"", ""Type of follow-up given"": ""Median"", ""Type of therapy"": ""Monotherapy"", ""Year"": 2017, ""__rowid__"": 2}"
row_35,35,"In Pancreatic trials, convert 'Type of therapy' into is_combination = true/false.",Type of therapy,"[""is_combination""]",sbert,row,15,0.45817673206329346,0,10,NCT02625623,30052729,JAVELIN Gastric 300,Monotherapy,"{""Author"": ""Bang YJ et al"", ""Cancer type"": ""Gastric/GEJ"", ""Class of ICI"": ""PD-L1"", ""Clincal setting in relation to surgery"": ""Metastatic+recurrent (unresectable)"", ""Clinical setting"": ""Metastatic+recurrent (unresectable)"", ""Control arm"": ""Best supportive care"", ""Control regimen"": ""Best supportive care (+/-paclitaxel, irinotecan)"", ""Follow-up duration for primary endpoint(s) in months | Control"": null, ""Follow-up duration for primary endpoint(s) in months | Overall"": ""10.6"", ""Follow-up duration for primary endpoint(s) in months | Rx"": null, ""Included in MA"": ""Yes"", ""Is PD-L1 positivity inclusion criteria"": ""No"", ""Is any other biomarker used for inclusion"": ""No"", ""Lines of treatment"": ""Only 2nd or later line of treatment for metastatic disease"", ""Monotherapy/combination"": ""Monotherapy"", ""NCT"": ""NCT02625623"", ""Name of ICI"": ""Avelumab"", ""Number of arms"": 2, ""Originial publication or Follow-up"": ""Original publication"", ""Priamry Multiple, composite, or co-primary endpoints?"": null, ""Primary endpoint"": ""OS"", ""PubMed ID"": ""30052729"", ""Secondary endpoint"": ""PFS, ORR per independent review committee assessment, safety, tolerability"", ""Total sample size"": 371, ""Treatment regimen"": ""Avelumab"", ""Trial name"": ""JAVELIN Gastric 300"", ""Trial phase"": ""Phase 3"", ""Type of combination"": null, ""Type of control"": ""Best supportive care"", ""Type of follow-up given"": ""Median"", ""Type of therapy"": ""Monotherapy"", ""Year"": 2018, ""__rowid__"": 10}"
row_35,35,"In Pancreatic trials, convert 'Type of therapy' into is_combination = true/false.",Type of therapy,"[""is_combination""]",sbert,row,16,0.45698994398117065,0,148,NCT03141177,33657295,CheckMate 9ER,Combination,"{""Author"": ""Choueiri TK et al"", ""Cancer type"": ""Renal cell"", ""Class of ICI"": ""PD1"", ""Clincal setting in relation to surgery"": ""Metastatic+recurrent (unresectable)"", ""Clinical setting"": ""Metastatic+recurrent (unresectable)"", ""Control arm"": ""TKI"", ""Control regimen"": ""Sunitinib"", ""Follow-up duration for primary endpoint(s) in months | Control"": null, ""Follow-up duration for primary endpoint(s) in months | Overall"": ""18.1"", ""Follow-up duration for primary endpoint(s) in months | Rx"": null, ""Included in MA"": null, ""Is PD-L1 positivity inclusion criteria"": ""No"", ""Is any other biomarker used for inclusion"": ""No"", ""Lines of treatment"": ""Only 1st line of treatment for metastatic disease"", ""Monotherapy/combination"": ""Combination"", ""NCT"": ""NCT03141177"", ""Name of ICI"": ""Nivolumab"", ""Number of arms"": 2, ""Originial publication or Follow-up"": ""Original publication"", ""Priamry Multiple, composite, or co-primary endpoints?"": null, ""Primary endpoint"": ""PFS"", ""PubMed ID"": ""33657295"", ""Secondary endpoint"": ""OS; ORR; safety"", ""Total sample size"": 651, ""Treatment regimen"": ""Nivolumab+Cabozantinib"", ""Trial name"": ""CheckMate 9ER"", ""Trial phase"": ""Phase 3"", ""Type of combination"": ""ICI+TKI"", ""Type of control"": ""TKI"", ""Type of follow-up given"": ""Median"", ""Type of therapy"": ""Combination"", ""Year"": 2021, ""__rowid__"": 148}"
row_35,35,"In Pancreatic trials, convert 'Type of therapy' into is_combination = true/false.",Type of therapy,"[""is_combination""]",sbert,row,17,0.4569862484931946,0,87,NCT02763579,31959349,IMpower133,Combination,"{""Author"": ""Mansfield AS et al"", ""Cancer type"": ""Small Cell Lung"", ""Class of ICI"": ""PD-L1"", ""Clincal setting in relation to surgery"": ""Metastatic+recurrent (unresectable)"", ""Clinical setting"": ""Metastatic+recurrent (unresectable)"", ""Control arm"": ""Chemo"", ""Control regimen"": ""Placebo+Carboplatin+Etoposide"", ""Follow-up duration for primary endpoint(s) in months | Control"": null, ""Follow-up duration for primary endpoint(s) in months | Overall"": null, ""Follow-up duration for primary endpoint(s) in months | Rx"": null, ""Included in MA"": ""No"", ""Is PD-L1 positivity inclusion criteria"": ""No"", ""Is any other biomarker used for inclusion"": ""No"", ""Lines of treatment"": ""Only 1st line of treatment for metastatic disease"", ""Monotherapy/combination"": ""Combination"", ""NCT"": ""NCT02763579"", ""Name of ICI"": ""Atezolizumab"", ""Number of arms"": 2, ""Originial publication or Follow-up"": ""Follow-up"", ""Priamry Multiple, composite, or co-primary endpoints?"": ""Multiple"", ""Primary endpoint"": ""OS+PFS"", ""PubMed ID"": ""31959349"", ""Secondary endpoint"": ""Patient-reported outcomes"", ""Total sample size"": 403, ""Treatment regimen"": ""Atezolizumab+Carboplatin+Etoposide"", ""Trial name"": ""IMpower133"", ""Trial phase"": ""Phase 3"", ""Type of combination"": ""ICI+Chemo"", ""Type of control"": ""Chemo"", ""Type of follow-up given"": null, ""Type of therapy"": ""Combination"", ""Year"": 2020, ""__rowid__"": 87}"
row_35,35,"In Pancreatic trials, convert 'Type of therapy' into is_combination = true/false.",Type of therapy,"[""is_combination""]",sbert,row,18,0.4569352865219116,0,112,NCT02870920,32379280,,Combination,"{""Author"": ""Chen EX et al"", ""Cancer type"": ""Colorectal"", ""Class of ICI"": ""PD-L1, CTLA-4"", ""Clincal setting in relation to surgery"": ""Metastatic+recurrent (unresectable)"", ""Clinical setting"": ""Metastatic+recurrent (unresectable)"", ""Control arm"": ""Best supportive care"", ""Control regimen"": ""Best supportive care"", ""Follow-up duration for primary endpoint(s) in months | Control"": ""4.1"", ""Follow-up duration for primary endpoint(s) in months | Overall"": null, ""Follow-up duration for primary endpoint(s) in months | Rx"": ""6.6"", ""Included in MA"": ""No"", ""Is PD-L1 positivity inclusion criteria"": ""No"", ""Is any other biomarker used for inclusion"": ""No"", ""Lines of treatment"": ""Only 2nd or later line of treatment for metastatic disease"", ""Monotherapy/combination"": ""Combination"", ""NCT"": ""NCT02870920"", ""Name of ICI"": ""Durvalumab, Tremelimumab"", ""Number of arms"": 2, ""Originial publication or Follow-up"": ""Original publication"", ""Priamry Multiple, composite, or co-primary endpoints?"": null, ""Primary endpoint"": ""OS"", ""PubMed ID"": ""32379280"", ""Secondary endpoint"": ""PFS, ORR"", ""Total sample size"": 180, ""Treatment regimen"": ""Durvalumab+Tremelimumab+Best supportive care"", ""Trial name"": null, ""Trial phase"": ""Phase 2"", ""Type of combination"": ""ICI+ICI+Chemo"", ""Type of control"": ""Best supportive care"", ""Type of follow-up given"": ""Median"", ""Type of therapy"": ""Combination"", ""Year"": 2020, ""__rowid__"": 112}"
row_35,35,"In Pancreatic trials, convert 'Type of therapy' into is_combination = true/false.",Type of therapy,"[""is_combination""]",sbert,row,19,0.45680809020996094,0,42,NCT02578680,29658856,Keynote-189,Combination,"{""Author"": ""Gandhi L et al"", ""Cancer type"": ""Non-Small Cell Lung"", ""Class of ICI"": ""PD1"", ""Clincal setting in relation to surgery"": ""Metastatic+recurrent (unresectable)"", ""Clinical setting"": ""Metastatic+recurrent (unresectable)"", ""Control arm"": ""Chemo"", ""Control regimen"": ""Placebo+Pemetrexed+Platinum agent"", ""Follow-up duration for primary endpoint(s) in months | Control"": null, ""Follow-up duration for primary endpoint(s) in months | Overall"": ""10.5"", ""Follow-up duration for primary endpoint(s) in months | Rx"": null, ""Included in MA"": ""Yes"", ""Is PD-L1 positivity inclusion criteria"": ""No"", ""Is any other biomarker used for inclusion"": ""No"", ""Lines of treatment"": ""Only 1st line of treatment for metastatic disease"", ""Monotherapy/combination"": ""Combination"", ""NCT"": ""NCT02578680"", ""Name of ICI"": ""Pembrolizumab"", ""Number of arms"": 2, ""Originial publication or Follow-up"": ""Original publication"", ""Priamry Multiple, composite, or co-primary endpoints?"": ""Multiple"", ""Primary endpoint"": ""OS+PFS"", ""PubMed ID"": ""29658856"", ""Secondary endpoint"": ""ORR, DOR, safety"", ""Total sample size"": 616, ""Treatment regimen"": ""Pembrolizumab+Platinum agent"", ""Trial name"": ""Keynote-189"", ""Trial phase"": ""Phase 3"", ""Type of combination"": ""ICI+Chemo"", ""Type of control"": ""Chemo"", ""Type of follow-up given"": ""Median"", ""Type of therapy"": ""Combination"", ""Year"": 2018, ""__rowid__"": 42}"
row_35,35,"In Pancreatic trials, convert 'Type of therapy' into is_combination = true/false.",Type of therapy,"[""is_combination""]",sbert,row,20,0.45505908131599426,0,65,NCT01704287,28961465,KEYNOTE-002,Monotherapy,"{""Author"": ""Hamid O et al"", ""Cancer type"": ""Melanoma"", ""Class of ICI"": ""PD1"", ""Clincal setting in relation to surgery"": ""Metastatic+recurrent (unresectable)"", ""Clinical setting"": ""Metastatic+recurrent (unresectable)"", ""Control arm"": ""Chemo"", ""Control regimen"": ""Investigator's choice chemotherapy"", ""Follow-up duration for primary endpoint(s) in months | Control"": null, ""Follow-up duration for primary endpoint(s) in months | Overall"": ""28"", ""Follow-up duration for primary endpoint(s) in months | Rx"": null, ""Included in MA"": ""Yes"", ""Is PD-L1 positivity inclusion criteria"": ""No"", ""Is any other biomarker used for inclusion"": ""No"", ""Lines of treatment"": ""1st and later line of treatment for metastatic disease"", ""Monotherapy/combination"": ""Monotherapy"", ""NCT"": ""NCT01704287"", ""Name of ICI"": ""Pembrolizumab"", ""Number of arms"": 3, ""Originial publication or Follow-up"": ""Follow-up"", ""Priamry Multiple, composite, or co-primary endpoints?"": ""Co-primary"", ""Primary endpoint"": ""OS+PFS"", ""PubMed ID"": ""28961465"", ""Secondary endpoint"": ""ORR; response duration; safety."", ""Total sample size"": 540, ""Treatment regimen"": ""Pembrolizumab 2 mg/kg"", ""Trial name"": ""KEYNOTE-002"", ""Trial phase"": ""Phase 2"", ""Type of combination"": null, ""Type of control"": ""Chemo"", ""Type of follow-up given"": ""Median"", ""Type of therapy"": ""Monotherapy"", ""Year"": 2017, ""__rowid__"": 65}"
row_35,35,"In Pancreatic trials, convert 'Type of therapy' into is_combination = true/false.",Type of therapy,"[""is_combination""]",sbert,tuple,1,0.6207473874092102,0,158,NCT02743494,33789008,CheckMate 577,Monotherapy,"{""Author"": ""Kelly RJ"", ""Cancer type"": null, ""Class of ICI"": ""PD1"", ""Clincal setting in relation to surgery"": ""Adjuvant"", ""Clinical setting"": ""Adjuvant"", ""Control arm"": ""Placebo"", ""Control regimen"": ""Placebo"", ""Follow-up duration for primary endpoint(s) in months | Control"": null, ""Follow-up duration for primary endpoint(s) in months | Overall"": ""24.4"", ""Follow-up duration for primary endpoint(s) in months | Rx"": null, ""Included in MA"": null, ""Is PD-L1 positivity inclusion criteria"": ""No"", ""Is any other biomarker used for inclusion"": ""No"", ""Lines of treatment"": null, ""Monotherapy/combination"": ""Monotherapy"", ""NCT"": ""NCT02743494"", ""Name of ICI"": ""Nivolumab"", ""Number of arms"": 2, ""Originial publication or Follow-up"": ""Original publication"", ""Priamry Multiple, composite, or co-primary endpoints?"": null, ""Primary endpoint"": ""DFS"", ""PubMed ID"": ""33789008"", ""Secondary endpoint"": ""OS; survival at 1, 2 and 3 y"", ""Total sample size"": null, ""Treatment regimen"": ""Nivolumab"", ""Trial name"": ""CheckMate 577"", ""Trial phase"": ""Phase 3"", ""Type of combination"": null, ""Type of control"": ""Placebo"", ""Type of follow-up given"": ""Median"", ""Type of therapy"": ""Monotherapy"", ""Year"": 2021, ""__rowid__"": 158}"
row_35,35,"In Pancreatic trials, convert 'Type of therapy' into is_combination = true/false.",Type of therapy,"[""is_combination""]",sbert,tuple,2,0.5898013114929199,0,151,NCT02299999,33462450,SAFIR02-BREAST IMMUNO,Monotherapy,"{""Author"": ""Bachelot T et al"", ""Cancer type"": ""Breast"", ""Class of ICI"": ""PD-L1"", ""Clincal setting in relation to surgery"": ""Maintenance"", ""Clinical setting"": ""Maintenance"", ""Control arm"": ""Chemo"", ""Control regimen"": ""Chemotherapy"", ""Follow-up duration for primary endpoint(s) in months | Control"": null, ""Follow-up duration for primary endpoint(s) in months | Overall"": ""19.7"", ""Follow-up duration for primary endpoint(s) in months | Rx"": null, ""Included in MA"": null, ""Is PD-L1 positivity inclusion criteria"": ""No"", ""Is any other biomarker used for inclusion"": ""Yes"", ""Lines of treatment"": ""Only 2nd or later line of treatment for metastatic disease"", ""Monotherapy/combination"": ""Monotherapy"", ""NCT"": ""NCT02299999"", ""Name of ICI"": ""Durvalumab"", ""Number of arms"": 2, ""Originial publication or Follow-up"": ""Original publication"", ""Priamry Multiple, composite, or co-primary endpoints?"": null, ""Primary endpoint"": ""PFS"", ""PubMed ID"": ""33462450"", ""Secondary endpoint"": ""OS"", ""Total sample size"": 199, ""Treatment regimen"": ""Durvalumab"", ""Trial name"": ""SAFIR02-BREAST IMMUNO"", ""Trial phase"": ""Phase 2"", ""Type of combination"": null, ""Type of control"": ""Chemo"", ""Type of follow-up given"": ""Median"", ""Type of therapy"": ""Monotherapy"", ""Year"": 2021, ""__rowid__"": 151}"
row_35,35,"In Pancreatic trials, convert 'Type of therapy' into is_combination = true/false.",Type of therapy,"[""is_combination""]",sbert,tuple,3,0.588715136051178,0,149,NCT02538666,33683919,CheckMate 451,Combination,"{""Author"": ""Owonikoko TK et al"", ""Cancer type"": ""Small Cell Lung"", ""Class of ICI"": ""PD1, CTLA-4"", ""Clincal setting in relation to surgery"": ""Maintenance"", ""Clinical setting"": ""Maintenance"", ""Control arm"": ""Placebo"", ""Control regimen"": ""Placebo"", ""Follow-up duration for primary endpoint(s) in months | Control"": ""9.1"", ""Follow-up duration for primary endpoint(s) in months | Overall"": null, ""Follow-up duration for primary endpoint(s) in months | Rx"": ""8.4"", ""Included in MA"": null, ""Is PD-L1 positivity inclusion criteria"": ""No"", ""Is any other biomarker used for inclusion"": ""No"", ""Lines of treatment"": ""Only 1st line of treatment for metastatic disease"", ""Monotherapy/combination"": ""Combination"", ""NCT"": ""NCT02538666"", ""Name of ICI"": ""Nivolumab, Ipilimumab"", ""Number of arms"": 3, ""Originial publication or Follow-up"": ""Original publication"", ""Priamry Multiple, composite, or co-primary endpoints?"": null, ""Primary endpoint"": ""OS"", ""PubMed ID"": ""33683919"", ""Secondary endpoint"": ""OS in Arm 2 vs Arm 3; PFS"", ""Total sample size"": 834, ""Treatment regimen"": ""Nivolumab+Ipilimumab"", ""Trial name"": ""CheckMate 451"", ""Trial phase"": ""Phase 3"", ""Type of combination"": ""ICI+ICI"", ""Type of control"": ""Placebo"", ""Type of follow-up given"": ""Median"", ""Type of therapy"": ""Combination"", ""Year"": 2021, ""__rowid__"": 149}"
row_35,35,"In Pancreatic trials, convert 'Type of therapy' into is_combination = true/false.",Type of therapy,"[""is_combination""]",sbert,tuple,4,0.5837409496307373,0,150,NCT02538666,33683919,CheckMate 451,Monotherapy,"{""Author"": ""Owonikoko TK et al"", ""Cancer type"": ""Small Cell Lung"", ""Class of ICI"": ""PD1"", ""Clincal setting in relation to surgery"": ""Maintenance"", ""Clinical setting"": ""Maintenance"", ""Control arm"": ""Placebo"", ""Control regimen"": ""Placebo"", ""Follow-up duration for primary endpoint(s) in months | Control"": ""9.1"", ""Follow-up duration for primary endpoint(s) in months | Overall"": null, ""Follow-up duration for primary endpoint(s) in months | Rx"": ""9.9"", ""Included in MA"": null, ""Is PD-L1 positivity inclusion criteria"": ""No"", ""Is any other biomarker used for inclusion"": ""No"", ""Lines of treatment"": ""Only 1st line of treatment for metastatic disease"", ""Monotherapy/combination"": ""Monotherapy"", ""NCT"": ""NCT02538666"", ""Name of ICI"": ""Nivolumab"", ""Number of arms"": 3, ""Originial publication or Follow-up"": ""Original publication"", ""Priamry Multiple, composite, or co-primary endpoints?"": null, ""Primary endpoint"": null, ""PubMed ID"": ""33683919"", ""Secondary endpoint"": ""OS in Arm 2 vs Arm 3; PFS"", ""Total sample size"": 834, ""Treatment regimen"": ""Nivolumab"", ""Trial name"": ""CheckMate 451"", ""Trial phase"": ""Phase 3"", ""Type of combination"": null, ""Type of control"": ""Placebo"", ""Type of follow-up given"": ""Median"", ""Type of therapy"": ""Monotherapy"", ""Year"": 2021, ""__rowid__"": 150}"
row_35,35,"In Pancreatic trials, convert 'Type of therapy' into is_combination = true/false.",Type of therapy,"[""is_combination""]",sbert,tuple,5,0.5768073797225952,0,140,NCT02563002,33264544,MK-3475/Keynote-177,Monotherapy,"{""Author"": ""Andre T et al."", ""Cancer type"": ""Colorectal"", ""Class of ICI"": ""PD1"", ""Clincal setting in relation to surgery"": ""Metastatic+recurrent (unresectable)"", ""Clinical setting"": ""Metastatic+recurrent (unresectable)"", ""Control arm"": ""Chemo"", ""Control regimen"": ""Oxaliplatin+ leucovorin+5-fluoropyrimidine/mFOLFOX6+bevacizumab/mFOLFOX6+cetuximab"", ""Follow-up duration for primary endpoint(s) in months | Control"": null, ""Follow-up duration for primary endpoint(s) in months | Overall"": ""32.4"", ""Follow-up duration for primary endpoint(s) in months | Rx"": null, ""Included in MA"": null, ""Is PD-L1 positivity inclusion criteria"": ""No"", ""Is any other biomarker used for inclusion"": ""Yes"", ""Lines of treatment"": ""1st and later line of treatment for metastatic disease"", ""Monotherapy/combination"": ""Monotherapy"", ""NCT"": ""NCT02563002"", ""Name of ICI"": ""Pembrolizumab"", ""Number of arms"": 2, ""Originial publication or Follow-up"": ""Original publication"", ""Priamry Multiple, composite, or co-primary endpoints?"": ""Multiple"", ""Primary endpoint"": ""PFS+OS"", ""PubMed ID"": ""33264544"", ""Secondary endpoint"": ""ORR, safety"", ""Total sample size"": 307, ""Treatment regimen"": ""Pembrolizumab"", ""Trial name"": ""MK-3475/Keynote-177"", ""Trial phase"": ""Phase 3"", ""Type of combination"": null, ""Type of control"": ""Chemo"", ""Type of follow-up given"": ""Median"", ""Type of therapy"": ""Monotherapy"", ""Year"": 2020, ""__rowid__"": 140}"
row_35,35,"In Pancreatic trials, convert 'Type of therapy' into is_combination = true/false.",Type of therapy,"[""is_combination""]",sbert,tuple,6,0.5767462849617004,0,141,NCT02362594,32946353,EORTC 1325-MG/KEYNOTE-054,Monotherapy,"{""Author"": ""Eggermont AMM et al"", ""Cancer type"": ""Melanoma"", ""Class of ICI"": ""PD1"", ""Clincal setting in relation to surgery"": ""Adjuvant"", ""Clinical setting"": ""Adjuvant"", ""Control arm"": ""Placebo"", ""Control regimen"": ""Placebo"", ""Follow-up duration for primary endpoint(s) in months | Control"": ""36.5"", ""Follow-up duration for primary endpoint(s) in months | Overall"": ""36.6"", ""Follow-up duration for primary endpoint(s) in months | Rx"": ""36.6"", ""Included in MA"": null, ""Is PD-L1 positivity inclusion criteria"": ""No"", ""Is any other biomarker used for inclusion"": ""No"", ""Lines of treatment"": ""Only 1st line of treatment for metastatic disease"", ""Monotherapy/combination"": ""Monotherapy"", ""NCT"": ""NCT02362594"", ""Name of ICI"": ""Pembrolizumab"", ""Number of arms"": 2, ""Originial publication or Follow-up"": ""Follow-up"", ""Priamry Multiple, composite, or co-primary endpoints?"": ""Co-primary"", ""Primary endpoint"": ""RFS"", ""PubMed ID"": ""32946353"", ""Secondary endpoint"": null, ""Total sample size"": 1019, ""Treatment regimen"": ""Pembrolizumab"", ""Trial name"": ""EORTC 1325-MG/KEYNOTE-054"", ""Trial phase"": ""Phase 3"", ""Type of combination"": null, ""Type of control"": ""Placebo"", ""Type of follow-up given"": ""Median"", ""Type of therapy"": ""Monotherapy"", ""Year"": 2020, ""__rowid__"": 141}"
row_35,35,"In Pancreatic trials, convert 'Type of therapy' into is_combination = true/false.",Type of therapy,"[""is_combination""]",sbert,tuple,7,0.5765622854232788,1,97,NCT01896869,32591464,,Combination,"{""Author"": ""Wu AA et al"", ""Cancer type"": ""Pancreatic"", ""Class of ICI"": ""CTLA-4"", ""Clincal setting in relation to surgery"": ""Metastatic+recurrent (unresectable)"", ""Clinical setting"": ""Metastatic+recurrent (unresectable)"", ""Control arm"": ""Chemo"", ""Control regimen"": ""FOLFIRINOX"", ""Follow-up duration for primary endpoint(s) in months | Control"": null, ""Follow-up duration for primary endpoint(s) in months | Overall"": null, ""Follow-up duration for primary endpoint(s) in months | Rx"": null, ""Included in MA"": ""No"", ""Is PD-L1 positivity inclusion criteria"": ""No"", ""Is any other biomarker used for inclusion"": ""No"", ""Lines of treatment"": ""Only 2nd or later line of treatment for metastatic disease"", ""Monotherapy/combination"": ""Combination"", ""NCT"": ""NCT01896869"", ""Name of ICI"": ""Ipilimumab"", ""Number of arms"": 2, ""Originial publication or Follow-up"": ""Original publication"", ""Priamry Multiple, composite, or co-primary endpoints?"": null, ""Primary endpoint"": ""OS"", ""PubMed ID"": ""32591464"", ""Secondary endpoint"": ""Safety; toxicities; clinical and immunological responses."", ""Total sample size"": 83, ""Treatment regimen"": ""Ipilimumab+GVAX"", ""Trial name"": null, ""Trial phase"": ""Phase 2"", ""Type of combination"": ""ICI+Vaccine"", ""Type of control"": ""Chemo"", ""Type of follow-up given"": null, ""Type of therapy"": ""Combination"", ""Year"": 2020, ""__rowid__"": 97}"
row_35,35,"In Pancreatic trials, convert 'Type of therapy' into is_combination = true/false.",Type of therapy,"[""is_combination""]",sbert,tuple,8,0.5765016078948975,0,127,NCT02625610,33197226,Javelin Gastric 100,Combination,"{""Author"": ""Moehler M et al"", ""Cancer type"": ""Gastric/GEJ"", ""Class of ICI"": ""PD-L1"", ""Clincal setting in relation to surgery"": ""Metastatic+recurrent (unresectable)"", ""Clinical setting"": ""Metastatic+recurrent (unresectable)"", ""Control arm"": ""Chemo"", ""Control regimen"": ""Oxaliplstin+5-FU+Leucovorin+Capecitabine+Best supportive care"", ""Follow-up duration for primary endpoint(s) in months | Control"": ""24"", ""Follow-up duration for primary endpoint(s) in months | Overall"": null, ""Follow-up duration for primary endpoint(s) in months | Rx"": ""24.1"", ""Included in MA"": null, ""Is PD-L1 positivity inclusion criteria"": ""No"", ""Is any other biomarker used for inclusion"": ""Yes"", ""Lines of treatment"": ""Only 1st line of treatment for metastatic disease"", ""Monotherapy/combination"": ""Combination"", ""NCT"": ""NCT02625610"", ""Name of ICI"": ""Avelumab"", ""Number of arms"": 2, ""Originial publication or Follow-up"": ""Original publication"", ""Priamry Multiple, composite, or co-primary endpoints?"": null, ""Primary endpoint"": ""OS"", ""PubMed ID"": ""33197226"", ""Secondary endpoint"": ""PFS, best overall response, DOR, safety"", ""Total sample size"": 499, ""Treatment regimen"": ""Avelumab"", ""Trial name"": ""Javelin Gastric 100"", ""Trial phase"": ""Phase 3"", ""Type of combination"": ""ICI+Chemo"", ""Type of control"": ""Chemo"", ""Type of follow-up given"": ""Median"", ""Type of therapy"": ""Combination"", ""Year"": 2020, ""__rowid__"": 127}"
row_35,35,"In Pancreatic trials, convert 'Type of therapy' into is_combination = true/false.",Type of therapy,"[""is_combination""]",sbert,tuple,9,0.5762438774108887,0,74,NCT02576977,31327687,KEYNOTE-183,Combination,"{""Author"": ""Mateos MV et al"", ""Cancer type"": ""Multiple Myeloma"", ""Class of ICI"": ""PD1"", ""Clincal setting in relation to surgery"": null, ""Clinical setting"": null, ""Control arm"": ""Chemo"", ""Control regimen"": ""Pomalidomide+Dexamethasone"", ""Follow-up duration for primary endpoint(s) in months | Control"": null, ""Follow-up duration for primary endpoint(s) in months | Overall"": ""8.1"", ""Follow-up duration for primary endpoint(s) in months | Rx"": null, ""Included in MA"": ""No"", ""Is PD-L1 positivity inclusion criteria"": ""No"", ""Is any other biomarker used for inclusion"": ""No"", ""Lines of treatment"": ""Only 2nd or later line of treatment for metastatic disease"", ""Monotherapy/combination"": ""Combination"", ""NCT"": ""NCT02576977"", ""Name of ICI"": ""Pembrolizumab"", ""Number of arms"": 2, ""Originial publication or Follow-up"": ""Original publication"", ""Priamry Multiple, composite, or co-primary endpoints?"": ""Multiple"", ""Primary endpoint"": ""OS+PFS"", ""PubMed ID"": ""31327687"", ""Secondary endpoint"": ""Overall response; duration of response; disease control; safety and tolerability of both treatments; secondary PFS."", ""Total sample size"": 348, ""Treatment regimen"": ""Pembrolizumab+Pomalidomide+Dexamethasone"", ""Trial name"": ""KEYNOTE-183"", ""Trial phase"": ""Phase 3"", ""Type of combination"": ""ICI+Chemo"", ""Type of control"": ""Chemo"", ""Type of follow-up given"": ""Median"", ""Type of therapy"": ""Combination"", ""Year"": 2019, ""__rowid__"": 74}"
row_35,35,"In Pancreatic trials, convert 'Type of therapy' into is_combination = true/false.",Type of therapy,"[""is_combination""]",sbert,tuple,10,0.5757707357406616,0,27,NCT01673867,26412456,Checkmate 057,Monotherapy,"{""Author"": ""Borghaei  H et al"", ""Cancer type"": ""Non-Small Cell Lung"", ""Class of ICI"": ""PD1"", ""Clincal setting in relation to surgery"": ""Metastatic+recurrent (unresectable)"", ""Clinical setting"": ""Metastatic+recurrent (unresectable)"", ""Control arm"": ""Chemo"", ""Control regimen"": ""Docetaxel"", ""Follow-up duration for primary endpoint(s) in months | Control"": ""9.4"", ""Follow-up duration for primary endpoint(s) in months | Overall"": null, ""Follow-up duration for primary endpoint(s) in months | Rx"": ""12.2"", ""Included in MA"": ""Yes"", ""Is PD-L1 positivity inclusion criteria"": ""No"", ""Is any other biomarker used for inclusion"": ""No"", ""Lines of treatment"": ""Only 2nd or later line of treatment for metastatic disease"", ""Monotherapy/combination"": ""Monotherapy"", ""NCT"": ""NCT01673867"", ""Name of ICI"": ""Nivolumab"", ""Number of arms"": 2, ""Originial publication or Follow-up"": ""Original publication"", ""Priamry Multiple, composite, or co-primary endpoints?"": null, ""Primary endpoint"": ""OS"", ""PubMed ID"": ""26412456"", ""Secondary endpoint"": ""OR, PFS, PRO"", ""Total sample size"": 582, ""Treatment regimen"": ""Nivolumab"", ""Trial name"": ""Checkmate 057"", ""Trial phase"": ""Phase 3"", ""Type of combination"": null, ""Type of control"": ""Chemo"", ""Type of follow-up given"": ""Median"", ""Type of therapy"": ""Monotherapy"", ""Year"": 2015, ""__rowid__"": 27}"
row_35,35,"In Pancreatic trials, convert 'Type of therapy' into is_combination = true/false.",Type of therapy,"[""is_combination""]",sbert,tuple,11,0.57490074634552,0,75,NCT02579863,31327689,KEYNOTE-185,Combination,"{""Author"": ""Usmani SZ et al"", ""Cancer type"": ""Multiple Myeloma"", ""Class of ICI"": ""PD1"", ""Clincal setting in relation to surgery"": null, ""Clinical setting"": null, ""Control arm"": ""Chemo"", ""Control regimen"": ""Lenalidomide+Dexamethasone"", ""Follow-up duration for primary endpoint(s) in months | Control"": null, ""Follow-up duration for primary endpoint(s) in months | Overall"": ""6.6"", ""Follow-up duration for primary endpoint(s) in months | Rx"": null, ""Included in MA"": ""No"", ""Is PD-L1 positivity inclusion criteria"": ""No"", ""Is any other biomarker used for inclusion"": ""No"", ""Lines of treatment"": ""Only 1st line of treatment for metastatic disease"", ""Monotherapy/combination"": ""Combination"", ""NCT"": ""NCT02579863"", ""Name of ICI"": ""Pembrolizumab"", ""Number of arms"": 2, ""Originial publication or Follow-up"": ""Original publication"", ""Priamry Multiple, composite, or co-primary endpoints?"": null, ""Primary endpoint"": ""PFS"", ""PubMed ID"": ""31327689"", ""Secondary endpoint"": ""Safety; OS; overall response; duration of response; disease control; secondary PFS."", ""Total sample size"": 301, ""Treatment regimen"": ""Pembrolizumab+Lenalidomide+Dexamethasone"", ""Trial name"": ""KEYNOTE-185"", ""Trial phase"": ""Phase 3"", ""Type of combination"": ""ICI+Chemo"", ""Type of control"": ""Chemo"", ""Type of follow-up given"": ""Median"", ""Type of therapy"": ""Combination"", ""Year"": 2019, ""__rowid__"": 75}"
row_35,35,"In Pancreatic trials, convert 'Type of therapy' into is_combination = true/false.",Type of therapy,"[""is_combination""]",sbert,tuple,12,0.574138343334198,0,61,NCT00257205,23295794,,Monotherapy,"{""Author"": ""Ribas A et al"", ""Cancer type"": ""Melanoma"", ""Class of ICI"": ""CTLA-4"", ""Clincal setting in relation to surgery"": ""Metastatic+recurrent (unresectable)"", ""Clinical setting"": ""Metastatic+recurrent (unresectable)"", ""Control arm"": ""Chemo"", ""Control regimen"": ""Temozolomide/dacarbazine"", ""Follow-up duration for primary endpoint(s) in months | Control"": null, ""Follow-up duration for primary endpoint(s) in months | Overall"": null, ""Follow-up duration for primary endpoint(s) in months | Rx"": null, ""Included in MA"": ""Yes"", ""Is PD-L1 positivity inclusion criteria"": ""No"", ""Is any other biomarker used for inclusion"": ""No"", ""Lines of treatment"": ""Only 1st line of treatment for metastatic disease"", ""Monotherapy/combination"": ""Monotherapy"", ""NCT"": ""NCT00257205"", ""Name of ICI"": ""Tremelimumab"", ""Number of arms"": 2, ""Originial publication or Follow-up"": ""Original publication"", ""Priamry Multiple, composite, or co-primary endpoints?"": null, ""Primary endpoint"": ""OS"", ""PubMed ID"": ""23295794"", ""Secondary endpoint"": ""PFS; best overall response; duration of response; PFS at 6 months after random assignment; safety."", ""Total sample size"": 655, ""Treatment regimen"": ""Tremelimumab"", ""Trial name"": null, ""Trial phase"": ""Phase 3"", ""Type of combination"": null, ""Type of control"": ""Chemo"", ""Type of follow-up given"": null, ""Type of therapy"": ""Monotherapy"", ""Year"": 2013, ""__rowid__"": 61}"
row_35,35,"In Pancreatic trials, convert 'Type of therapy' into is_combination = true/false.",Type of therapy,"[""is_combination""]",sbert,tuple,13,0.5733703374862671,0,148,NCT03141177,33657295,CheckMate 9ER,Combination,"{""Author"": ""Choueiri TK et al"", ""Cancer type"": ""Renal cell"", ""Class of ICI"": ""PD1"", ""Clincal setting in relation to surgery"": ""Metastatic+recurrent (unresectable)"", ""Clinical setting"": ""Metastatic+recurrent (unresectable)"", ""Control arm"": ""TKI"", ""Control regimen"": ""Sunitinib"", ""Follow-up duration for primary endpoint(s) in months | Control"": null, ""Follow-up duration for primary endpoint(s) in months | Overall"": ""18.1"", ""Follow-up duration for primary endpoint(s) in months | Rx"": null, ""Included in MA"": null, ""Is PD-L1 positivity inclusion criteria"": ""No"", ""Is any other biomarker used for inclusion"": ""No"", ""Lines of treatment"": ""Only 1st line of treatment for metastatic disease"", ""Monotherapy/combination"": ""Combination"", ""NCT"": ""NCT03141177"", ""Name of ICI"": ""Nivolumab"", ""Number of arms"": 2, ""Originial publication or Follow-up"": ""Original publication"", ""Priamry Multiple, composite, or co-primary endpoints?"": null, ""Primary endpoint"": ""PFS"", ""PubMed ID"": ""33657295"", ""Secondary endpoint"": ""OS; ORR; safety"", ""Total sample size"": 651, ""Treatment regimen"": ""Nivolumab+Cabozantinib"", ""Trial name"": ""CheckMate 9ER"", ""Trial phase"": ""Phase 3"", ""Type of combination"": ""ICI+TKI"", ""Type of control"": ""TKI"", ""Type of follow-up given"": ""Median"", ""Type of therapy"": ""Combination"", ""Year"": 2021, ""__rowid__"": 148}"
row_35,35,"In Pancreatic trials, convert 'Type of therapy' into is_combination = true/false.",Type of therapy,"[""is_combination""]",sbert,tuple,14,0.5729410648345947,0,79,NCT02702401,31790344,KEYNOTE-240,Monotherapy,"{""Author"": ""Finn RS et al"", ""Cancer type"": ""Hepatocellular"", ""Class of ICI"": ""PD1"", ""Clincal setting in relation to surgery"": ""Metastatic+recurrent (unresectable)"", ""Clinical setting"": ""Metastatic+recurrent (unresectable)"", ""Control arm"": ""Placebo"", ""Control regimen"": ""Placebo"", ""Follow-up duration for primary endpoint(s) in months | Control"": ""10.6"", ""Follow-up duration for primary endpoint(s) in months | Overall"": null, ""Follow-up duration for primary endpoint(s) in months | Rx"": ""13.8"", ""Included in MA"": ""Yes"", ""Is PD-L1 positivity inclusion criteria"": ""No"", ""Is any other biomarker used for inclusion"": ""No"", ""Lines of treatment"": ""1st and later line of treatment for metastatic disease"", ""Monotherapy/combination"": ""Monotherapy"", ""NCT"": ""NCT02702401"", ""Name of ICI"": ""Pembrolizumab"", ""Number of arms"": 2, ""Originial publication or Follow-up"": ""Original publication"", ""Priamry Multiple, composite, or co-primary endpoints?"": ""Multiple"", ""Primary endpoint"": ""OS+PFS"", ""PubMed ID"": ""31790344"", ""Secondary endpoint"": ""ORR; DCR; DoR; time to progression; safety and tolerability."", ""Total sample size"": 413, ""Treatment regimen"": ""Pembrolizumab"", ""Trial name"": ""KEYNOTE-240"", ""Trial phase"": ""Phase 3"", ""Type of combination"": null, ""Type of control"": ""Placebo"", ""Type of follow-up given"": ""Median"", ""Type of therapy"": ""Monotherapy"", ""Year"": 2019, ""__rowid__"": 79}"
row_35,35,"In Pancreatic trials, convert 'Type of therapy' into is_combination = true/false.",Type of therapy,"[""is_combination""]",sbert,tuple,15,0.572888970375061,1,88,NCT02362048,32114502,KEYNOTE144,Combination,"{""Author"": ""Overman M et al"", ""Cancer type"": ""Pancreatic"", ""Class of ICI"": ""PD1"", ""Clincal setting in relation to surgery"": ""Metastatic+recurrent (unresectable)"", ""Clinical setting"": ""Metastatic+recurrent (unresectable)"", ""Control arm"": ""TKI"", ""Control regimen"": ""Acalabrutinib"", ""Follow-up duration for primary endpoint(s) in months | Control"": null, ""Follow-up duration for primary endpoint(s) in months | Overall"": null, ""Follow-up duration for primary endpoint(s) in months | Rx"": null, ""Included in MA"": ""No"", ""Is PD-L1 positivity inclusion criteria"": ""No"", ""Is any other biomarker used for inclusion"": ""No"", ""Lines of treatment"": ""Only 2nd or later line of treatment for metastatic disease"", ""Monotherapy/combination"": ""Combination"", ""NCT"": ""NCT02362048"", ""Name of ICI"": ""Pembrolizumab"", ""Number of arms"": 2, ""Originial publication or Follow-up"": ""Original publication"", ""Priamry Multiple, composite, or co-primary endpoints?"": null, ""Primary endpoint"": ""Safety"", ""PubMed ID"": ""32114502"", ""Secondary endpoint"": ""ORR; disease control rate; PFS; OS; change in cancer antigen (CA) 19–9."", ""Total sample size"": 77, ""Treatment regimen"": ""Pembrolizumab+Acalabrutinib"", ""Trial name"": ""KEYNOTE144"", ""Trial phase"": ""Phase 2"", ""Type of combination"": ""ICI+TKI"", ""Type of control"": ""TKI"", ""Type of follow-up given"": null, ""Type of therapy"": ""Combination"", ""Year"": 2020, ""__rowid__"": 88}"
row_35,35,"In Pancreatic trials, convert 'Type of therapy' into is_combination = true/false.",Type of therapy,"[""is_combination""]",sbert,tuple,16,0.5725171566009521,0,66,NCT01704287,28961465,KEYNOTE-002,Monotherapy,"{""Author"": ""Hamid O et al (1)"", ""Cancer type"": ""Melanoma"", ""Class of ICI"": ""PD1"", ""Clincal setting in relation to surgery"": ""Metastatic+recurrent (unresectable)"", ""Clinical setting"": ""Metastatic+recurrent (unresectable)"", ""Control arm"": ""Chemo"", ""Control regimen"": ""Investigator's choice chemotherapy"", ""Follow-up duration for primary endpoint(s) in months | Control"": null, ""Follow-up duration for primary endpoint(s) in months | Overall"": ""28"", ""Follow-up duration for primary endpoint(s) in months | Rx"": null, ""Included in MA"": ""Yes"", ""Is PD-L1 positivity inclusion criteria"": ""No"", ""Is any other biomarker used for inclusion"": ""No"", ""Lines of treatment"": ""1st and later line of treatment for metastatic disease"", ""Monotherapy/combination"": ""Monotherapy"", ""NCT"": ""NCT01704287"", ""Name of ICI"": ""Pembrolizumab"", ""Number of arms"": 3, ""Originial publication or Follow-up"": ""Follow-up"", ""Priamry Multiple, composite, or co-primary endpoints?"": ""Co-primary"", ""Primary endpoint"": ""OS+PFS"", ""PubMed ID"": ""28961465"", ""Secondary endpoint"": ""ORR; response duration; safety."", ""Total sample size"": 540, ""Treatment regimen"": ""Pembrolizumab 10 mg/kg"", ""Trial name"": ""KEYNOTE-002"", ""Trial phase"": ""Phase 2"", ""Type of combination"": null, ""Type of control"": ""Chemo"", ""Type of follow-up given"": ""Median"", ""Type of therapy"": ""Monotherapy"", ""Year"": 2017, ""__rowid__"": 66}"
row_35,35,"In Pancreatic trials, convert 'Type of therapy' into is_combination = true/false.",Type of therapy,"[""is_combination""]",sbert,tuple,17,0.5723929405212402,0,112,NCT02870920,32379280,,Combination,"{""Author"": ""Chen EX et al"", ""Cancer type"": ""Colorectal"", ""Class of ICI"": ""PD-L1, CTLA-4"", ""Clincal setting in relation to surgery"": ""Metastatic+recurrent (unresectable)"", ""Clinical setting"": ""Metastatic+recurrent (unresectable)"", ""Control arm"": ""Best supportive care"", ""Control regimen"": ""Best supportive care"", ""Follow-up duration for primary endpoint(s) in months | Control"": ""4.1"", ""Follow-up duration for primary endpoint(s) in months | Overall"": null, ""Follow-up duration for primary endpoint(s) in months | Rx"": ""6.6"", ""Included in MA"": ""No"", ""Is PD-L1 positivity inclusion criteria"": ""No"", ""Is any other biomarker used for inclusion"": ""No"", ""Lines of treatment"": ""Only 2nd or later line of treatment for metastatic disease"", ""Monotherapy/combination"": ""Combination"", ""NCT"": ""NCT02870920"", ""Name of ICI"": ""Durvalumab, Tremelimumab"", ""Number of arms"": 2, ""Originial publication or Follow-up"": ""Original publication"", ""Priamry Multiple, composite, or co-primary endpoints?"": null, ""Primary endpoint"": ""OS"", ""PubMed ID"": ""32379280"", ""Secondary endpoint"": ""PFS, ORR"", ""Total sample size"": 180, ""Treatment regimen"": ""Durvalumab+Tremelimumab+Best supportive care"", ""Trial name"": null, ""Trial phase"": ""Phase 2"", ""Type of combination"": ""ICI+ICI+Chemo"", ""Type of control"": ""Best supportive care"", ""Type of follow-up given"": ""Median"", ""Type of therapy"": ""Combination"", ""Year"": 2020, ""__rowid__"": 112}"
row_35,35,"In Pancreatic trials, convert 'Type of therapy' into is_combination = true/false.",Type of therapy,"[""is_combination""]",sbert,tuple,18,0.5706250071525574,0,119,NCT03051659,32880602,,Combination,"{""Author"": ""Tolaney SM et al"", ""Cancer type"": ""Breast"", ""Class of ICI"": ""PD1"", ""Clincal setting in relation to surgery"": ""Metastatic+recurrent (unresectable)"", ""Clinical setting"": ""Metastatic+recurrent (unresectable)"", ""Control arm"": ""Chemo"", ""Control regimen"": ""Eribulin"", ""Follow-up duration for primary endpoint(s) in months | Control"": null, ""Follow-up duration for primary endpoint(s) in months | Overall"": ""10.5"", ""Follow-up duration for primary endpoint(s) in months | Rx"": null, ""Included in MA"": null, ""Is PD-L1 positivity inclusion criteria"": ""No"", ""Is any other biomarker used for inclusion"": ""Yes"", ""Lines of treatment"": ""Only 2nd or later line of treatment for metastatic disease"", ""Monotherapy/combination"": ""Combination"", ""NCT"": ""NCT03051659"", ""Name of ICI"": ""Pembrolizumab"", ""Number of arms"": 2, ""Originial publication or Follow-up"": ""Original publication"", ""Priamry Multiple, composite, or co-primary endpoints?"": null, ""Primary endpoint"": ""PFS"", ""PubMed ID"": ""32880602"", ""Secondary endpoint"": ""PFS per irRECIST, ORR, OS, DoR, clinical benefit rate, safety, tolerability"", ""Total sample size"": 90, ""Treatment regimen"": ""Pembrolizumab+Eribulin"", ""Trial name"": null, ""Trial phase"": ""Phase 2"", ""Type of combination"": ""ICI+Chemo"", ""Type of control"": ""Chemo"", ""Type of follow-up given"": ""Median"", ""Type of therapy"": ""Combination"", ""Year"": 2020, ""__rowid__"": 119}"
row_35,35,"In Pancreatic trials, convert 'Type of therapy' into is_combination = true/false.",Type of therapy,"[""is_combination""]",sbert,tuple,19,0.5702613592147827,0,42,NCT02578680,29658856,Keynote-189,Combination,"{""Author"": ""Gandhi L et al"", ""Cancer type"": ""Non-Small Cell Lung"", ""Class of ICI"": ""PD1"", ""Clincal setting in relation to surgery"": ""Metastatic+recurrent (unresectable)"", ""Clinical setting"": ""Metastatic+recurrent (unresectable)"", ""Control arm"": ""Chemo"", ""Control regimen"": ""Placebo+Pemetrexed+Platinum agent"", ""Follow-up duration for primary endpoint(s) in months | Control"": null, ""Follow-up duration for primary endpoint(s) in months | Overall"": ""10.5"", ""Follow-up duration for primary endpoint(s) in months | Rx"": null, ""Included in MA"": ""Yes"", ""Is PD-L1 positivity inclusion criteria"": ""No"", ""Is any other biomarker used for inclusion"": ""No"", ""Lines of treatment"": ""Only 1st line of treatment for metastatic disease"", ""Monotherapy/combination"": ""Combination"", ""NCT"": ""NCT02578680"", ""Name of ICI"": ""Pembrolizumab"", ""Number of arms"": 2, ""Originial publication or Follow-up"": ""Original publication"", ""Priamry Multiple, composite, or co-primary endpoints?"": ""Multiple"", ""Primary endpoint"": ""OS+PFS"", ""PubMed ID"": ""29658856"", ""Secondary endpoint"": ""ORR, DOR, safety"", ""Total sample size"": 616, ""Treatment regimen"": ""Pembrolizumab+Platinum agent"", ""Trial name"": ""Keynote-189"", ""Trial phase"": ""Phase 3"", ""Type of combination"": ""ICI+Chemo"", ""Type of control"": ""Chemo"", ""Type of follow-up given"": ""Median"", ""Type of therapy"": ""Combination"", ""Year"": 2018, ""__rowid__"": 42}"
row_35,35,"In Pancreatic trials, convert 'Type of therapy' into is_combination = true/false.",Type of therapy,"[""is_combination""]",sbert,tuple,20,0.5698734521865845,0,71,NCT01721772,25399552,CheckMate 066,Monotherapy,"{""Author"": ""Robert C et al"", ""Cancer type"": ""Melanoma"", ""Class of ICI"": ""PD1"", ""Clincal setting in relation to surgery"": ""Metastatic+recurrent (unresectable)"", ""Clinical setting"": ""Metastatic+recurrent (unresectable)"", ""Control arm"": ""Chemo"", ""Control regimen"": ""Dacarbazine"", ""Follow-up duration for primary endpoint(s) in months | Control"": null, ""Follow-up duration for primary endpoint(s) in months | Overall"": ""16.7"", ""Follow-up duration for primary endpoint(s) in months | Rx"": null, ""Included in MA"": ""Yes"", ""Is PD-L1 positivity inclusion criteria"": ""No"", ""Is any other biomarker used for inclusion"": ""Yes"", ""Lines of treatment"": ""Only 1st line of treatment for metastatic disease"", ""Monotherapy/combination"": ""Monotherapy"", ""NCT"": ""NCT01721772"", ""Name of ICI"": ""Nivolumab"", ""Number of arms"": 2, ""Originial publication or Follow-up"": ""Original publication"", ""Priamry Multiple, composite, or co-primary endpoints?"": null, ""Primary endpoint"": ""OS"", ""PubMed ID"": ""25399552"", ""Secondary endpoint"": ""Investigator-assessed PFS and objective response; tumor PD-L1 expression as a predictive biomarker of OS."", ""Total sample size"": 418, ""Treatment regimen"": ""Nivolumab"", ""Trial name"": ""CheckMate 066"", ""Trial phase"": ""Phase 3"", ""Type of combination"": null, ""Type of control"": ""Chemo"", ""Type of follow-up given"": ""Upto"", ""Type of therapy"": ""Monotherapy"", ""Year"": 2015, ""__rowid__"": 71}"
row_35,35,"In Pancreatic trials, convert 'Type of therapy' into is_combination = true/false.",Type of therapy,"[""is_combination""]",bge,column,1,0.802966833114624,0,4,NCT02425891,30345906,IMpassion130,Combination,"{""Author"": ""Schmid P et al"", ""Cancer type"": ""Breast"", ""Class of ICI"": ""PD-L1"", ""Clincal setting in relation to surgery"": ""Metastatic+recurrent (unresectable)"", ""Clinical setting"": ""Metastatic+recurrent (unresectable)"", ""Control arm"": ""Chemo"", ""Control regimen"": ""Nab-paclitaxel"", ""Follow-up duration for primary endpoint(s) in months | Control"": ""12.5"", ""Follow-up duration for primary endpoint(s) in months | Overall"": ""12.9"", ""Follow-up duration for primary endpoint(s) in months | Rx"": ""13"", ""Included in MA"": ""Yes"", ""Is PD-L1 positivity inclusion criteria"": ""No"", ""Is any other biomarker used for inclusion"": ""No"", ""Lines of treatment"": ""Only 1st line of treatment for metastatic disease"", ""Monotherapy/combination"": ""Combination"", ""NCT"": ""NCT02425891"", ""Name of ICI"": ""Atezolizumab"", ""Number of arms"": 2, ""Originial publication or Follow-up"": ""Original publication"", ""Priamry Multiple, composite, or co-primary endpoints?"": ""Multiple"", ""Primary endpoint"": ""OS+PFS"", ""PubMed ID"": ""30345906"", ""Secondary endpoint"": ""investigator-assessed RECIST v1.1 ORR,  DoR"", ""Total sample size"": 902, ""Treatment regimen"": ""Atezolizumab+Nab-paclitaxel"", ""Trial name"": ""IMpassion130"", ""Trial phase"": ""Phase 3"", ""Type of combination"": ""ICI+Chemo"", ""Type of control"": ""Chemo"", ""Type of follow-up given"": ""Median"", ""Type of therapy"": ""Combination"", ""Year"": 2018, ""__rowid__"": 4}"
row_35,35,"In Pancreatic trials, convert 'Type of therapy' into is_combination = true/false.",Type of therapy,"[""is_combination""]",bge,column,2,0.802966833114624,0,5,NCT02685059,31095287,GeparNuevo,Combination,"{""Author"": ""Loibl S et al"", ""Cancer type"": ""Breast"", ""Class of ICI"": ""PD-L1"", ""Clincal setting in relation to surgery"": ""Neoadjuvant"", ""Clinical setting"": ""Neoadjuvant"", ""Control arm"": ""Chemo"", ""Control regimen"": ""Placebo+Nab-paclitaxel+Epirubicin+Cyclophosphamide"", ""Follow-up duration for primary endpoint(s) in months | Control"": null, ""Follow-up duration for primary endpoint(s) in months | Overall"": null, ""Follow-up duration for primary endpoint(s) in months | Rx"": null, ""Included in MA"": ""Yes"", ""Is PD-L1 positivity inclusion criteria"": ""No"", ""Is any other biomarker used for inclusion"": ""No"", ""Lines of treatment"": null, ""Monotherapy/combination"": ""Combination"", ""NCT"": ""NCT02685059"", ""Name of ICI"": ""Durvalumab"", ""Number of arms"": 2, ""Originial publication or Follow-up"": ""Original publication"", ""Priamry Multiple, composite, or co-primary endpoints?"": null, ""Primary endpoint"": ""Path CR"", ""PubMed ID"": ""31095287"", ""Secondary endpoint"": ""response rate by other path CR definitions (ypT0/is ypN0, ypT0/is ypN0/þ, and ypN0) and by clinical and imaging assessment; rate of breast conserving surgery and axilla lymph node dissection; efficacy in predefined subgroups according to centrally assessed sTILs [low ( 10%), intermediate (11%–59%), high ( 60%)]"", ""Total sample size"": 174, ""Treatment regimen"": ""Durvalumab+Nab-paclitaxel+epirubicin+cyclophosphamide"", ""Trial name"": ""GeparNuevo"", ""Trial phase"": ""Phase 2"", ""Type of combination"": ""ICI+Chemo"", ""Type of control"": ""Chemo"", ""Type of follow-up given"": null, ""Type of therapy"": ""Combination"", ""Year"": 2019, ""__rowid__"": 5}"
row_35,35,"In Pancreatic trials, convert 'Type of therapy' into is_combination = true/false.",Type of therapy,"[""is_combination""]",bge,column,3,0.802966833114624,0,6,NCT02788279,31003911,IMblaze130,Combination,"{""Author"": ""Eng C et al"", ""Cancer type"": ""Colorectal"", ""Class of ICI"": ""PD-L1"", ""Clincal setting in relation to surgery"": ""Metastatic+recurrent (unresectable)"", ""Clinical setting"": ""Metastatic+recurrent (unresectable)"", ""Control arm"": ""Multikinase inhibitor"", ""Control regimen"": ""Regorafenib"", ""Follow-up duration for primary endpoint(s) in months | Control"": null, ""Follow-up duration for primary endpoint(s) in months | Overall"": ""7.3"", ""Follow-up duration for primary endpoint(s) in months | Rx"": null, ""Included in MA"": ""No"", ""Is PD-L1 positivity inclusion criteria"": ""No"", ""Is any other biomarker used for inclusion"": ""No"", ""Lines of treatment"": ""Only 2nd or later line of treatment for metastatic disease"", ""Monotherapy/combination"": ""Combination"", ""NCT"": ""NCT02788279"", ""Name of ICI"": ""Atezolizumab"", ""Number of arms"": 3, ""Originial publication or Follow-up"": ""Original publication"", ""Priamry Multiple, composite, or co-primary endpoints?"": null, ""Primary endpoint"": ""OS"", ""PubMed ID"": ""31003911"", ""Secondary endpoint"": ""investigator-assessed RECIST v1.1 ORR, PFS, DoR"", ""Total sample size"": 363, ""Treatment regimen"": ""Atezolizumab+Cobimetinib"", ""Trial name"": ""IMblaze130"", ""Trial phase"": ""Phase 3"", ""Type of combination"": ""ICI+MEKi"", ""Type of control"": ""Multikinase inhibitor"", ""Type of follow-up given"": ""Median"", ""Type of therapy"": ""Combination"", ""Year"": 2019, ""__rowid__"": 6}"
row_35,35,"In Pancreatic trials, convert 'Type of therapy' into is_combination = true/false.",Type of therapy,"[""is_combination""]",bge,column,4,0.802966833114624,0,21,NCT02853331,30779529,KEYNOTE-426,Combination,"{""Author"": ""Rini BI et al"", ""Cancer type"": ""Renal cell"", ""Class of ICI"": ""PD1"", ""Clincal setting in relation to surgery"": ""Metastatic+recurrent (unresectable)"", ""Clinical setting"": ""Metastatic+recurrent (unresectable)"", ""Control arm"": ""TKI"", ""Control regimen"": ""Sunitinib"", ""Follow-up duration for primary endpoint(s) in months | Control"": null, ""Follow-up duration for primary endpoint(s) in months | Overall"": ""12.8"", ""Follow-up duration for primary endpoint(s) in months | Rx"": null, ""Included in MA"": ""Yes"", ""Is PD-L1 positivity inclusion criteria"": ""No"", ""Is any other biomarker used for inclusion"": ""No"", ""Lines of treatment"": ""Only 1st line of treatment for metastatic disease"", ""Monotherapy/combination"": ""Combination"", ""NCT"": ""NCT02853331"", ""Name of ICI"": ""Pembrolizumab"", ""Number of arms"": 2, ""Originial publication or Follow-up"": ""Original publication"", ""Priamry Multiple, composite, or co-primary endpoints?"": ""Multiple"", ""Primary endpoint"": ""OS+PFS"", ""PubMed ID"": ""30779529"", ""Secondary endpoint"": ""ORR; duration of response; safety"", ""Total sample size"": 861, ""Treatment regimen"": ""Pembrolizumab+Axitinib"", ""Trial name"": ""KEYNOTE-426"", ""Trial phase"": ""Phase 3"", ""Type of combination"": ""ICI+TKI"", ""Type of control"": ""TKI"", ""Type of follow-up given"": ""Median"", ""Type of therapy"": ""Combination"", ""Year"": 2019, ""__rowid__"": 21}"
row_35,35,"In Pancreatic trials, convert 'Type of therapy' into is_combination = true/false.",Type of therapy,"[""is_combination""]",bge,column,5,0.802966833114624,0,20,NCT02684006,30779531,JAVELIN Renal 101,Combination,"{""Author"": ""Motzer RJ et al"", ""Cancer type"": ""Renal cell"", ""Class of ICI"": ""PD-L1"", ""Clincal setting in relation to surgery"": ""Metastatic+recurrent (unresectable)"", ""Clinical setting"": ""Metastatic+recurrent (unresectable)"", ""Control arm"": ""TKI"", ""Control regimen"": ""Sunitinib"", ""Follow-up duration for primary endpoint(s) in months | Control"": ""10.7, 8.4"", ""Follow-up duration for primary endpoint(s) in months | Overall"": null, ""Follow-up duration for primary endpoint(s) in months | Rx"": ""11.6, 9.9"", ""Included in MA"": ""Yes"", ""Is PD-L1 positivity inclusion criteria"": ""No"", ""Is any other biomarker used for inclusion"": ""No"", ""Lines of treatment"": ""Only 1st line of treatment for metastatic disease"", ""Monotherapy/combination"": ""Combination"", ""NCT"": ""NCT02684006"", ""Name of ICI"": ""Avelumab"", ""Number of arms"": 2, ""Originial publication or Follow-up"": ""Original publication"", ""Priamry Multiple, composite, or co-primary endpoints?"": ""Multiple"", ""Primary endpoint"": ""OS+PFS"", ""PubMed ID"": ""30779531"", ""Secondary endpoint"": ""PFS and OS irrespective of PD-L1 expression; PFS as determined by investigator assessment; ORR; adverse events; pharmacokinetic measures; tumor tissue biomarkers; patient-reported outcomes."", ""Total sample size"": 886, ""Treatment regimen"": ""Avelumab+Axitinib"", ""Trial name"": ""JAVELIN Renal 101"", ""Trial phase"": ""Phase 3"", ""Type of combination"": ""ICI+TKI"", ""Type of control"": ""TKI"", ""Type of follow-up given"": ""Median"", ""Type of therapy"": ""Combination"", ""Year"": 2019, ""__rowid__"": 20}"
row_35,35,"In Pancreatic trials, convert 'Type of therapy' into is_combination = true/false.",Type of therapy,"[""is_combination""]",bge,column,6,0.802966833114624,0,32,NCT01450761,27458307,CA184-156,Combination,"{""Author"": ""Reck M et al"", ""Cancer type"": ""Small Cell Lung"", ""Class of ICI"": ""CTLA-4"", ""Clincal setting in relation to surgery"": ""Metastatic+recurrent (unresectable)"", ""Clinical setting"": ""Metastatic+recurrent (unresectable)"", ""Control arm"": ""Chemo"", ""Control regimen"": ""Placebo+Etoposide+Platinum agent"", ""Follow-up duration for primary endpoint(s) in months | Control"": ""10.2"", ""Follow-up duration for primary endpoint(s) in months | Overall"": null, ""Follow-up duration for primary endpoint(s) in months | Rx"": ""10.5"", ""Included in MA"": ""Yes"", ""Is PD-L1 positivity inclusion criteria"": ""No"", ""Is any other biomarker used for inclusion"": ""No"", ""Lines of treatment"": ""Only 1st line of treatment for metastatic disease"", ""Monotherapy/combination"": ""Combination"", ""NCT"": ""NCT01450761"", ""Name of ICI"": ""Ipilimumab"", ""Number of arms"": 2, ""Originial publication or Follow-up"": ""Original publication"", ""Priamry Multiple, composite, or co-primary endpoints?"": null, ""Primary endpoint"": ""OS"", ""PubMed ID"": ""27458307"", ""Secondary endpoint"": ""PFS, ORR, DOR"", ""Total sample size"": 1132, ""Treatment regimen"": ""Ipilimumab+Etoposide+Platinum agent"", ""Trial name"": ""CA184-156"", ""Trial phase"": ""Phase 3"", ""Type of combination"": ""ICI+Chemo"", ""Type of control"": ""Chemo"", ""Type of follow-up given"": ""Median"", ""Type of therapy"": ""Combination"", ""Year"": 2016, ""__rowid__"": 32}"
row_35,35,"In Pancreatic trials, convert 'Type of therapy' into is_combination = true/false.",Type of therapy,"[""is_combination""]",bge,column,7,0.802966833114624,0,26,NCT00527735,22858559,,Combination,"{""Author"": ""Reck M et al (1)"", ""Cancer type"": ""Small Cell Lung"", ""Class of ICI"": ""CTLA-4"", ""Clincal setting in relation to surgery"": ""Metastatic+recurrent (unresectable)"", ""Clinical setting"": ""Metastatic+recurrent (unresectable)"", ""Control arm"": ""Chemo"", ""Control regimen"": ""Placebo+Paclitaxel+Carboplatin"", ""Follow-up duration for primary endpoint(s) in months | Control"": null, ""Follow-up duration for primary endpoint(s) in months | Overall"": ""11.1"", ""Follow-up duration for primary endpoint(s) in months | Rx"": null, ""Included in MA"": ""Yes"", ""Is PD-L1 positivity inclusion criteria"": ""No"", ""Is any other biomarker used for inclusion"": ""No"", ""Lines of treatment"": ""Only 1st line of treatment for metastatic disease"", ""Monotherapy/combination"": ""Combination"", ""NCT"": ""NCT00527735"", ""Name of ICI"": ""Ipilimumab"", ""Number of arms"": 3, ""Originial publication or Follow-up"": ""Original publication"", ""Priamry Multiple, composite, or co-primary endpoints?"": null, ""Primary endpoint"": null, ""PubMed ID"": ""22858559"", ""Secondary endpoint"": ""Immune-related PFS; modified WHO criteria PFS; OS; modified WHO criteria best overall response rate; irBORR (proportion of patients with irCR or irPR);  modified WHO criteria disease control rate; irDCR (proportion of patients with irCR, irPR or irSD)"", ""Total sample size"": 130, ""Treatment regimen"": ""Phased ipilimumab+Paclitaxel+Carboplatin"", ""Trial name"": null, ""Trial phase"": ""Phase 2"", ""Type of combination"": ""ICI+Chemo"", ""Type of control"": ""Chemo"", ""Type of follow-up given"": ""Minimum"", ""Type of therapy"": ""Combination"", ""Year"": 2012, ""__rowid__"": 26}"
row_35,35,"In Pancreatic trials, convert 'Type of therapy' into is_combination = true/false.",Type of therapy,"[""is_combination""]",bge,column,8,0.802966833114624,0,25,NCT00527735,22858559,,Combination,"{""Author"": ""Reck M et al"", ""Cancer type"": ""Small Cell Lung"", ""Class of ICI"": ""CTLA-4"", ""Clincal setting in relation to surgery"": ""Metastatic+recurrent (unresectable)"", ""Clinical setting"": ""Metastatic+recurrent (unresectable)"", ""Control arm"": ""Chemo"", ""Control regimen"": ""Placebo+Paclitaxel+Carboplatin"", ""Follow-up duration for primary endpoint(s) in months | Control"": null, ""Follow-up duration for primary endpoint(s) in months | Overall"": ""11.1"", ""Follow-up duration for primary endpoint(s) in months | Rx"": null, ""Included in MA"": ""Yes"", ""Is PD-L1 positivity inclusion criteria"": ""No"", ""Is any other biomarker used for inclusion"": ""No"", ""Lines of treatment"": ""Only 1st line of treatment for metastatic disease"", ""Monotherapy/combination"": ""Combination"", ""NCT"": ""NCT00527735"", ""Name of ICI"": ""Ipilimumab"", ""Number of arms"": 3, ""Originial publication or Follow-up"": ""Original publication"", ""Priamry Multiple, composite, or co-primary endpoints?"": null, ""Primary endpoint"": null, ""PubMed ID"": ""22858559"", ""Secondary endpoint"": ""Immune-related PFS; modified WHO criteria PFS; OS; modified WHO criteria best overall response rate; irBORR (proportion of patients with irCR or irPR);  modified WHO criteria disease control rate; irDCR (proportion of patients with irCR, irPR or irSD)"", ""Total sample size"": 130, ""Treatment regimen"": ""Concurrent ipilimumab+Paclitaxel+Carboplatin"", ""Trial name"": null, ""Trial phase"": ""Phase 2"", ""Type of combination"": ""ICI+Chemo"", ""Type of control"": ""Chemo"", ""Type of follow-up given"": ""Minimum"", ""Type of therapy"": ""Combination"", ""Year"": 2012, ""__rowid__"": 25}"
row_35,35,"In Pancreatic trials, convert 'Type of therapy' into is_combination = true/false.",Type of therapy,"[""is_combination""]",bge,column,9,0.802966833114624,0,24,NCT00527735,22547592,,Combination,"{""Author"": ""Lynch TJ et al (1)"", ""Cancer type"": ""Non-Small Cell Lung"", ""Class of ICI"": ""CTLA-4"", ""Clincal setting in relation to surgery"": ""Metastatic+recurrent (unresectable)"", ""Clinical setting"": ""Metastatic+recurrent (unresectable)"", ""Control arm"": ""Chemo"", ""Control regimen"": ""Placebo+Paclitaxel+Carboplatin"", ""Follow-up duration for primary endpoint(s) in months | Control"": null, ""Follow-up duration for primary endpoint(s) in months | Overall"": null, ""Follow-up duration for primary endpoint(s) in months | Rx"": null, ""Included in MA"": ""Yes"", ""Is PD-L1 positivity inclusion criteria"": ""No"", ""Is any other biomarker used for inclusion"": ""No"", ""Lines of treatment"": ""Only 1st line of treatment for metastatic disease"", ""Monotherapy/combination"": ""Combination"", ""NCT"": ""NCT00527735"", ""Name of ICI"": ""Ipilimumab"", ""Number of arms"": 3, ""Originial publication or Follow-up"": ""Original publication"", ""Priamry Multiple, composite, or co-primary endpoints?"": null, ""Primary endpoint"": ""PFS"", ""PubMed ID"": ""22547592"", ""Secondary endpoint"": ""Modified WHO criteria PFS; OS; immune-related best overall response rate; modified WHO criteria best overall response rate;  immune-related disease control rate; modified WHO criteria disease control\nrate"", ""Total sample size"": 204, ""Treatment regimen"": ""Phased ipilimumab+Paclitaxel+Carboplatin"", ""Trial name"": null, ""Trial phase"": ""Phase 2"", ""Type of combination"": ""ICI+Chemo"", ""Type of control"": ""Chemo"", ""Type of follow-up given"": null, ""Type of therapy"": ""Combination"", ""Year"": 2012, ""__rowid__"": 24}"
row_35,35,"In Pancreatic trials, convert 'Type of therapy' into is_combination = true/false.",Type of therapy,"[""is_combination""]",bge,column,10,0.802966833114624,0,23,NCT00527735,22547592,,Combination,"{""Author"": ""Lynch TJ et al"", ""Cancer type"": ""Non-Small Cell Lung"", ""Class of ICI"": ""CTLA-4"", ""Clincal setting in relation to surgery"": ""Metastatic+recurrent (unresectable)"", ""Clinical setting"": ""Metastatic+recurrent (unresectable)"", ""Control arm"": ""Chemo"", ""Control regimen"": ""Placebo+Paclitaxel+Carboplatin"", ""Follow-up duration for primary endpoint(s) in months | Control"": null, ""Follow-up duration for primary endpoint(s) in months | Overall"": null, ""Follow-up duration for primary endpoint(s) in months | Rx"": null, ""Included in MA"": ""Yes"", ""Is PD-L1 positivity inclusion criteria"": ""No"", ""Is any other biomarker used for inclusion"": ""No"", ""Lines of treatment"": ""Only 1st line of treatment for metastatic disease"", ""Monotherapy/combination"": ""Combination"", ""NCT"": ""NCT00527735"", ""Name of ICI"": ""Ipilimumab"", ""Number of arms"": 3, ""Originial publication or Follow-up"": ""Original publication"", ""Priamry Multiple, composite, or co-primary endpoints?"": null, ""Primary endpoint"": ""PFS"", ""PubMed ID"": ""22547592"", ""Secondary endpoint"": ""Modified WHO criteria PFS; OS; immune-related best overall response rate; modified WHO criteria best overall response rate;  immune-related disease control rate; modified WHO criteria disease control\nrate"", ""Total sample size"": 204, ""Treatment regimen"": ""Concurrent ipilimumab+Paclitaxel+Carboplatin"", ""Trial name"": null, ""Trial phase"": ""Phase 2"", ""Type of combination"": ""ICI+Chemo"", ""Type of control"": ""Chemo"", ""Type of follow-up given"": null, ""Type of therapy"": ""Combination"", ""Year"": 2012, ""__rowid__"": 23}"
row_35,35,"In Pancreatic trials, convert 'Type of therapy' into is_combination = true/false.",Type of therapy,"[""is_combination""]",bge,column,11,0.802966833114624,0,22,NCT02420821,31079938,IMmotion151,Combination,"{""Author"": ""Rini BI et al"", ""Cancer type"": ""Renal cell"", ""Class of ICI"": ""PD-L1"", ""Clincal setting in relation to surgery"": ""Metastatic+recurrent (unresectable)"", ""Clinical setting"": ""Metastatic+recurrent (unresectable)"", ""Control arm"": ""TKI"", ""Control regimen"": ""Sunitinib"", ""Follow-up duration for primary endpoint(s) in months | Control"": null, ""Follow-up duration for primary endpoint(s) in months | Overall"": ""24, 15"", ""Follow-up duration for primary endpoint(s) in months | Rx"": null, ""Included in MA"": ""Yes"", ""Is PD-L1 positivity inclusion criteria"": ""No"", ""Is any other biomarker used for inclusion"": ""No"", ""Lines of treatment"": ""Only 1st line of treatment for metastatic disease"", ""Monotherapy/combination"": ""Combination"", ""NCT"": ""NCT02420821"", ""Name of ICI"": ""Atezolizumab"", ""Number of arms"": 2, ""Originial publication or Follow-up"": ""Original publication"", ""Priamry Multiple, composite, or co-primary endpoints?"": ""Co-primary"", ""Primary endpoint"": ""OS+PFS"", ""PubMed ID"": ""31079938"", ""Secondary endpoint"": ""OS in PD-L1 positive population; PFS in the ITT population; proportion of patients who achieved an objective response; duration of response; patient-reported outcomes; safety"", ""Total sample size"": 915, ""Treatment regimen"": ""Atezolizumab+Bevacizumab"", ""Trial name"": ""IMmotion151"", ""Trial phase"": ""Phase 3"", ""Type of combination"": ""ICI+Anti-VEGF"", ""Type of control"": ""TKI"", ""Type of follow-up given"": ""Median"", ""Type of therapy"": ""Combination"", ""Year"": 2019, ""__rowid__"": 22}"
row_35,35,"In Pancreatic trials, convert 'Type of therapy' into is_combination = true/false.",Type of therapy,"[""is_combination""]",bge,column,12,0.802966833114624,0,17,NCT01984242,29867230,IMmotion150,Combination,"{""Author"": ""McDermott DF et al (1)"", ""Cancer type"": ""Renal cell"", ""Class of ICI"": ""PD-L1"", ""Clincal setting in relation to surgery"": ""Metastatic+recurrent (unresectable)"", ""Clinical setting"": ""Metastatic+recurrent (unresectable)"", ""Control arm"": ""TKI"", ""Control regimen"": ""Sunitinib"", ""Follow-up duration for primary endpoint(s) in months | Control"": null, ""Follow-up duration for primary endpoint(s) in months | Overall"": ""20.7"", ""Follow-up duration for primary endpoint(s) in months | Rx"": null, ""Included in MA"": ""No"", ""Is PD-L1 positivity inclusion criteria"": ""No"", ""Is any other biomarker used for inclusion"": ""No"", ""Lines of treatment"": ""Only 1st line of treatment for metastatic disease"", ""Monotherapy/combination"": ""Combination"", ""NCT"": ""NCT01984242"", ""Name of ICI"": ""Atezolizumab"", ""Number of arms"": 3, ""Originial publication or Follow-up"": ""Original publication"", ""Priamry Multiple, composite, or co-primary endpoints?"": null, ""Primary endpoint"": ""PFS"", ""PubMed ID"": ""29867230"", ""Secondary endpoint"": ""Investigator-assessed PFS; ORR; \nDOR; OS; patient-reported outcomes; safety."", ""Total sample size"": 305, ""Treatment regimen"": ""Atezolizumab+Bevacizumab"", ""Trial name"": ""IMmotion150"", ""Trial phase"": ""Phase 2"", ""Type of combination"": ""ICI+Chemo"", ""Type of control"": ""TKI"", ""Type of follow-up given"": ""Median"", ""Type of therapy"": ""Combination"", ""Year"": 2018, ""__rowid__"": 17}"
row_35,35,"In Pancreatic trials, convert 'Type of therapy' into is_combination = true/false.",Type of therapy,"[""is_combination""]",bge,column,13,0.802966833114624,0,18,NCT02231749,29562145,CheckMate 214,Combination,"{""Author"": ""Motzer RJ et al"", ""Cancer type"": ""Renal cell"", ""Class of ICI"": ""PD1, CTLA-4"", ""Clincal setting in relation to surgery"": ""Metastatic+recurrent (unresectable)"", ""Clinical setting"": ""Metastatic+recurrent (unresectable)"", ""Control arm"": ""TKI"", ""Control regimen"": ""Sunitinib"", ""Follow-up duration for primary endpoint(s) in months | Control"": null, ""Follow-up duration for primary endpoint(s) in months | Overall"": ""25.2"", ""Follow-up duration for primary endpoint(s) in months | Rx"": null, ""Included in MA"": ""Yes"", ""Is PD-L1 positivity inclusion criteria"": ""No"", ""Is any other biomarker used for inclusion"": ""No"", ""Lines of treatment"": ""Only 1st line of treatment for metastatic disease"", ""Monotherapy/combination"": ""Combination"", ""NCT"": ""NCT02231749"", ""Name of ICI"": ""Nivolumab, Ipilimumab"", ""Number of arms"": 2, ""Originial publication or Follow-up"": ""Original publication"", ""Priamry Multiple, composite, or co-primary endpoints?"": ""Co-primary"", ""Primary endpoint"": ""OS+PFS+ORR"", ""PubMed ID"": ""29562145"", ""Secondary endpoint"": ""ORR, PFS and OS in \nintention-to-treat population; incidence rate of adverse events among all treated patients."", ""Total sample size"": 1096, ""Treatment regimen"": ""Nivolumab+Ipilimumab"", ""Trial name"": ""CheckMate 214"", ""Trial phase"": ""Phase 3"", ""Type of combination"": ""ICI+ICI"", ""Type of control"": ""TKI"", ""Type of follow-up given"": ""Median"", ""Type of therapy"": ""Combination"", ""Year"": 2018, ""__rowid__"": 18}"
row_35,35,"In Pancreatic trials, convert 'Type of therapy' into is_combination = true/false.",Type of therapy,"[""is_combination""]",bge,column,14,0.802966833114624,0,19,NCT02231749,31427204,CheckMate 214,Combination,"{""Author"": ""Motzer RJ et al"", ""Cancer type"": ""Renal cell"", ""Class of ICI"": ""PD1, CTLA-4"", ""Clincal setting in relation to surgery"": ""Metastatic+recurrent (unresectable)"", ""Clinical setting"": ""Metastatic+recurrent (unresectable)"", ""Control arm"": ""TKI"", ""Control regimen"": ""Sunitinib"", ""Follow-up duration for primary endpoint(s) in months | Control"": null, ""Follow-up duration for primary endpoint(s) in months | Overall"": ""32.4"", ""Follow-up duration for primary endpoint(s) in months | Rx"": null, ""Included in MA"": ""Yes"", ""Is PD-L1 positivity inclusion criteria"": ""No"", ""Is any other biomarker used for inclusion"": ""No"", ""Lines of treatment"": ""Only 1st line of treatment for metastatic disease"", ""Monotherapy/combination"": ""Combination"", ""NCT"": ""NCT02231749"", ""Name of ICI"": ""Nivolumab, Ipilimumab"", ""Number of arms"": 2, ""Originial publication or Follow-up"": ""Follow-up"", ""Priamry Multiple, composite, or co-primary endpoints?"": ""Co-primary"", ""Primary endpoint"": ""OS+PFS+ORR"", ""PubMed ID"": ""31427204"", ""Secondary endpoint"": ""ORR, PFS and OS in intention-to-treat population; incidence rate of adverse events among all treated patients."", ""Total sample size"": 1096, ""Treatment regimen"": ""Nivolumab+Ipilimumab"", ""Trial name"": ""CheckMate 214"", ""Trial phase"": ""Phase 3"", ""Type of combination"": ""ICI+ICI"", ""Type of control"": ""TKI"", ""Type of follow-up given"": ""Median"", ""Type of therapy"": ""Combination"", ""Year"": 2019, ""__rowid__"": 19}"
row_35,35,"In Pancreatic trials, convert 'Type of therapy' into is_combination = true/false.",Type of therapy,"[""is_combination""]",bge,column,15,0.802966833114624,0,38,NCT02039674,27745820,Keynote-021,Combination,"{""Author"": ""Langer JC et al"", ""Cancer type"": ""Non-Small Cell Lung"", ""Class of ICI"": ""PD1"", ""Clincal setting in relation to surgery"": ""Metastatic+recurrent (unresectable)"", ""Clinical setting"": ""Metastatic+recurrent (unresectable)"", ""Control arm"": ""Chemo"", ""Control regimen"": ""Pemetrexed+Carboplatin"", ""Follow-up duration for primary endpoint(s) in months | Control"": null, ""Follow-up duration for primary endpoint(s) in months | Overall"": ""10.6"", ""Follow-up duration for primary endpoint(s) in months | Rx"": null, ""Included in MA"": ""Yes"", ""Is PD-L1 positivity inclusion criteria"": ""Yes"", ""Is any other biomarker used for inclusion"": ""Yes"", ""Lines of treatment"": ""Only 1st line of treatment for metastatic disease"", ""Monotherapy/combination"": ""Combination"", ""NCT"": ""NCT02039674"", ""Name of ICI"": ""Pembrolizumab"", ""Number of arms"": 2, ""Originial publication or Follow-up"": ""Original publication"", ""Priamry Multiple, composite, or co-primary endpoints?"": null, ""Primary endpoint"": ""ORR"", ""PubMed ID"": ""27745820"", ""Secondary endpoint"": ""PFS, DOR, OS"", ""Total sample size"": 123, ""Treatment regimen"": ""Pembrolizumab+Pemetrexed+Carboplatin"", ""Trial name"": ""Keynote-021"", ""Trial phase"": ""Phase 2"", ""Type of combination"": ""ICI+Chemo"", ""Type of control"": ""Chemo"", ""Type of follow-up given"": ""Median"", ""Type of therapy"": ""Combination"", ""Year"": 2016, ""__rowid__"": 38}"
row_35,35,"In Pancreatic trials, convert 'Type of therapy' into is_combination = true/false.",Type of therapy,"[""is_combination""]",bge,column,16,0.802966833114624,0,34,NCT01285609,28854067,,Combination,"{""Author"": ""Govindan R et al"", ""Cancer type"": ""Non-Small Cell Lung"", ""Class of ICI"": ""CTLA-4"", ""Clincal setting in relation to surgery"": ""Metastatic+recurrent (unresectable)"", ""Clinical setting"": ""Metastatic+recurrent (unresectable)"", ""Control arm"": ""Chemo"", ""Control regimen"": ""Placebo+Paclitaxel+Carboplatin"", ""Follow-up duration for primary endpoint(s) in months | Control"": ""11.8"", ""Follow-up duration for primary endpoint(s) in months | Overall"": null, ""Follow-up duration for primary endpoint(s) in months | Rx"": ""12.5"", ""Included in MA"": ""Yes"", ""Is PD-L1 positivity inclusion criteria"": ""No"", ""Is any other biomarker used for inclusion"": ""No"", ""Lines of treatment"": ""Only 1st line of treatment for metastatic disease"", ""Monotherapy/combination"": ""Combination"", ""NCT"": ""NCT01285609"", ""Name of ICI"": ""Ipilimumab"", ""Number of arms"": 2, ""Originial publication or Follow-up"": ""Original publication"", ""Priamry Multiple, composite, or co-primary endpoints?"": null, ""Primary endpoint"": ""OS"", ""PubMed ID"": ""28854067"", ""Secondary endpoint"": ""PFS, ORR, DOR, safety"", ""Total sample size"": 749, ""Treatment regimen"": ""Ipilimumab+Paclitaxel+Carboplatin"", ""Trial name"": null, ""Trial phase"": ""Phase 3"", ""Type of combination"": ""ICI+Chemo"", ""Type of control"": ""Chemo"", ""Type of follow-up given"": ""Median"", ""Type of therapy"": ""Combination"", ""Year"": 2017, ""__rowid__"": 34}"
row_35,35,"In Pancreatic trials, convert 'Type of therapy' into is_combination = true/false.",Type of therapy,"[""is_combination""]",bge,column,17,0.802966833114624,0,42,NCT02578680,29658856,Keynote-189,Combination,"{""Author"": ""Gandhi L et al"", ""Cancer type"": ""Non-Small Cell Lung"", ""Class of ICI"": ""PD1"", ""Clincal setting in relation to surgery"": ""Metastatic+recurrent (unresectable)"", ""Clinical setting"": ""Metastatic+recurrent (unresectable)"", ""Control arm"": ""Chemo"", ""Control regimen"": ""Placebo+Pemetrexed+Platinum agent"", ""Follow-up duration for primary endpoint(s) in months | Control"": null, ""Follow-up duration for primary endpoint(s) in months | Overall"": ""10.5"", ""Follow-up duration for primary endpoint(s) in months | Rx"": null, ""Included in MA"": ""Yes"", ""Is PD-L1 positivity inclusion criteria"": ""No"", ""Is any other biomarker used for inclusion"": ""No"", ""Lines of treatment"": ""Only 1st line of treatment for metastatic disease"", ""Monotherapy/combination"": ""Combination"", ""NCT"": ""NCT02578680"", ""Name of ICI"": ""Pembrolizumab"", ""Number of arms"": 2, ""Originial publication or Follow-up"": ""Original publication"", ""Priamry Multiple, composite, or co-primary endpoints?"": ""Multiple"", ""Primary endpoint"": ""OS+PFS"", ""PubMed ID"": ""29658856"", ""Secondary endpoint"": ""ORR, DOR, safety"", ""Total sample size"": 616, ""Treatment regimen"": ""Pembrolizumab+Platinum agent"", ""Trial name"": ""Keynote-189"", ""Trial phase"": ""Phase 3"", ""Type of combination"": ""ICI+Chemo"", ""Type of control"": ""Chemo"", ""Type of follow-up given"": ""Median"", ""Type of therapy"": ""Combination"", ""Year"": 2018, ""__rowid__"": 42}"
row_35,35,"In Pancreatic trials, convert 'Type of therapy' into is_combination = true/false.",Type of therapy,"[""is_combination""]",bge,column,18,0.802966833114624,0,51,NCT02477826,31562796,Checkmate 227,Combination,"{""Author"": ""Hellmann MD et al (2)"", ""Cancer type"": ""Non-Small Cell Lung"", ""Class of ICI"": ""PD1"", ""Clincal setting in relation to surgery"": ""Metastatic+recurrent (unresectable)"", ""Clinical setting"": ""Metastatic+recurrent (unresectable)"", ""Control arm"": ""Chemo"", ""Control regimen"": ""Chemotherapy"", ""Follow-up duration for primary endpoint(s) in months | Control"": null, ""Follow-up duration for primary endpoint(s) in months | Overall"": ""29.3"", ""Follow-up duration for primary endpoint(s) in months | Rx"": null, ""Included in MA"": ""Yes"", ""Is PD-L1 positivity inclusion criteria"": ""No"", ""Is any other biomarker used for inclusion"": ""Yes"", ""Lines of treatment"": ""Only 1st line of treatment for metastatic disease"", ""Monotherapy/combination"": ""Combination"", ""NCT"": ""NCT02477826"", ""Name of ICI"": ""Nivolumab"", ""Number of arms"": 4, ""Originial publication or Follow-up"": ""Follow-up"", ""Priamry Multiple, composite, or co-primary endpoints?"": null, ""Primary endpoint"": ""OS"", ""PubMed ID"": ""31562796"", ""Secondary endpoint"": ""PFS; OS with nivolumab+chemotherapy VS chemotherapy alone in patients with PD-L1 <1%; and OS with nivolumab monotherapy VS chemotherapy in patients with a PD-L1 >=50%"", ""Total sample size"": 1739, ""Treatment regimen"": ""Nivolumab+Chemotherapy"", ""Trial name"": ""Checkmate 227"", ""Trial phase"": ""Phase 3"", ""Type of combination"": ""ICI+Chemo"", ""Type of control"": ""Chemo"", ""Type of follow-up given"": ""Minimum"", ""Type of therapy"": ""Combination"", ""Year"": 2019, ""__rowid__"": 51}"
row_35,35,"In Pancreatic trials, convert 'Type of therapy' into is_combination = true/false.",Type of therapy,"[""is_combination""]",bge,column,19,0.802966833114624,0,49,NCT02477826,31562796,Checkmate 227,Combination,"{""Author"": ""Hellmann MD et al"", ""Cancer type"": ""Non-Small Cell Lung"", ""Class of ICI"": ""PD1, CTLA-4"", ""Clincal setting in relation to surgery"": ""Metastatic+recurrent (unresectable)"", ""Clinical setting"": ""Metastatic+recurrent (unresectable)"", ""Control arm"": ""Chemo"", ""Control regimen"": ""Chemotherapy"", ""Follow-up duration for primary endpoint(s) in months | Control"": null, ""Follow-up duration for primary endpoint(s) in months | Overall"": ""29.3"", ""Follow-up duration for primary endpoint(s) in months | Rx"": null, ""Included in MA"": ""Yes"", ""Is PD-L1 positivity inclusion criteria"": ""No"", ""Is any other biomarker used for inclusion"": ""Yes"", ""Lines of treatment"": ""Only 1st line of treatment for metastatic disease"", ""Monotherapy/combination"": ""Combination"", ""NCT"": ""NCT02477826"", ""Name of ICI"": ""Nivolumab, Ipilimumab"", ""Number of arms"": 4, ""Originial publication or Follow-up"": ""Follow-up"", ""Priamry Multiple, composite, or co-primary endpoints?"": null, ""Primary endpoint"": ""OS"", ""PubMed ID"": ""31562796"", ""Secondary endpoint"": ""PFS; OS with nivolumab+chemotherapy VS chemotherapy alone in patients with PD-L1 <1%; and OS with nivolumab monotherapy VS chemotherapy in patients with a PD-L1 >=50%"", ""Total sample size"": 1739, ""Treatment regimen"": ""Nivolumab+Ipilimumab"", ""Trial name"": ""Checkmate 227"", ""Trial phase"": ""Phase 3"", ""Type of combination"": ""ICI+ICI"", ""Type of control"": ""Chemo"", ""Type of follow-up given"": ""Minimum"", ""Type of therapy"": ""Combination"", ""Year"": 2019, ""__rowid__"": 49}"
row_35,35,"In Pancreatic trials, convert 'Type of therapy' into is_combination = true/false.",Type of therapy,"[""is_combination""]",bge,column,20,0.802966833114624,0,57,NCT02454933,30763730,CAURAL,Combination,"{""Author"": ""Yang JCH et al"", ""Cancer type"": ""Non-Small Cell Lung"", ""Class of ICI"": ""PD-L1"", ""Clincal setting in relation to surgery"": ""Metastatic+recurrent (unresectable)"", ""Clinical setting"": ""Metastatic+recurrent (unresectable)"", ""Control arm"": ""TKI"", ""Control regimen"": ""Osimertinib"", ""Follow-up duration for primary endpoint(s) in months | Control"": null, ""Follow-up duration for primary endpoint(s) in months | Overall"": null, ""Follow-up duration for primary endpoint(s) in months | Rx"": null, ""Included in MA"": ""No"", ""Is PD-L1 positivity inclusion criteria"": ""No"", ""Is any other biomarker used for inclusion"": ""No"", ""Lines of treatment"": ""Only 2nd or later line of treatment for metastatic disease"", ""Monotherapy/combination"": ""Combination"", ""NCT"": ""NCT02454933"", ""Name of ICI"": ""Durvalumab"", ""Number of arms"": 2, ""Originial publication or Follow-up"": ""Original publication"", ""Priamry Multiple, composite, or co-primary endpoints?"": null, ""Primary endpoint"": null, ""PubMed ID"": ""30763730"", ""Secondary endpoint"": null, ""Total sample size"": 29, ""Treatment regimen"": ""Durvalumab+Osimertinib"", ""Trial name"": ""CAURAL"", ""Trial phase"": ""Phase 3"", ""Type of combination"": ""ICI+TKI"", ""Type of control"": ""TKI"", ""Type of follow-up given"": null, ""Type of therapy"": ""Combination"", ""Year"": 2019, ""__rowid__"": 57}"
row_35,35,"In Pancreatic trials, convert 'Type of therapy' into is_combination = true/false.",Type of therapy,"[""is_combination""]",bge,row,1,0.6902997493743896,1,88,NCT02362048,32114502,KEYNOTE144,Combination,"{""Author"": ""Overman M et al"", ""Cancer type"": ""Pancreatic"", ""Class of ICI"": ""PD1"", ""Clincal setting in relation to surgery"": ""Metastatic+recurrent (unresectable)"", ""Clinical setting"": ""Metastatic+recurrent (unresectable)"", ""Control arm"": ""TKI"", ""Control regimen"": ""Acalabrutinib"", ""Follow-up duration for primary endpoint(s) in months | Control"": null, ""Follow-up duration for primary endpoint(s) in months | Overall"": null, ""Follow-up duration for primary endpoint(s) in months | Rx"": null, ""Included in MA"": ""No"", ""Is PD-L1 positivity inclusion criteria"": ""No"", ""Is any other biomarker used for inclusion"": ""No"", ""Lines of treatment"": ""Only 2nd or later line of treatment for metastatic disease"", ""Monotherapy/combination"": ""Combination"", ""NCT"": ""NCT02362048"", ""Name of ICI"": ""Pembrolizumab"", ""Number of arms"": 2, ""Originial publication or Follow-up"": ""Original publication"", ""Priamry Multiple, composite, or co-primary endpoints?"": null, ""Primary endpoint"": ""Safety"", ""PubMed ID"": ""32114502"", ""Secondary endpoint"": ""ORR; disease control rate; PFS; OS; change in cancer antigen (CA) 19–9."", ""Total sample size"": 77, ""Treatment regimen"": ""Pembrolizumab+Acalabrutinib"", ""Trial name"": ""KEYNOTE144"", ""Trial phase"": ""Phase 2"", ""Type of combination"": ""ICI+TKI"", ""Type of control"": ""TKI"", ""Type of follow-up given"": null, ""Type of therapy"": ""Combination"", ""Year"": 2020, ""__rowid__"": 88}"
row_35,35,"In Pancreatic trials, convert 'Type of therapy' into is_combination = true/false.",Type of therapy,"[""is_combination""]",bge,row,2,0.6771211624145508,0,38,NCT02039674,27745820,Keynote-021,Combination,"{""Author"": ""Langer JC et al"", ""Cancer type"": ""Non-Small Cell Lung"", ""Class of ICI"": ""PD1"", ""Clincal setting in relation to surgery"": ""Metastatic+recurrent (unresectable)"", ""Clinical setting"": ""Metastatic+recurrent (unresectable)"", ""Control arm"": ""Chemo"", ""Control regimen"": ""Pemetrexed+Carboplatin"", ""Follow-up duration for primary endpoint(s) in months | Control"": null, ""Follow-up duration for primary endpoint(s) in months | Overall"": ""10.6"", ""Follow-up duration for primary endpoint(s) in months | Rx"": null, ""Included in MA"": ""Yes"", ""Is PD-L1 positivity inclusion criteria"": ""Yes"", ""Is any other biomarker used for inclusion"": ""Yes"", ""Lines of treatment"": ""Only 1st line of treatment for metastatic disease"", ""Monotherapy/combination"": ""Combination"", ""NCT"": ""NCT02039674"", ""Name of ICI"": ""Pembrolizumab"", ""Number of arms"": 2, ""Originial publication or Follow-up"": ""Original publication"", ""Priamry Multiple, composite, or co-primary endpoints?"": null, ""Primary endpoint"": ""ORR"", ""PubMed ID"": ""27745820"", ""Secondary endpoint"": ""PFS, DOR, OS"", ""Total sample size"": 123, ""Treatment regimen"": ""Pembrolizumab+Pemetrexed+Carboplatin"", ""Trial name"": ""Keynote-021"", ""Trial phase"": ""Phase 2"", ""Type of combination"": ""ICI+Chemo"", ""Type of control"": ""Chemo"", ""Type of follow-up given"": ""Median"", ""Type of therapy"": ""Combination"", ""Year"": 2016, ""__rowid__"": 38}"
row_35,35,"In Pancreatic trials, convert 'Type of therapy' into is_combination = true/false.",Type of therapy,"[""is_combination""]",bge,row,3,0.6763268113136292,0,120,NCT02494583,32880601,Keynote-062,Monotherapy,"{""Author"": ""Shitara K et al"", ""Cancer type"": ""Gastric/GEJ"", ""Class of ICI"": ""PD1"", ""Clincal setting in relation to surgery"": ""Metastatic+recurrent (unresectable)"", ""Clinical setting"": ""Metastatic+recurrent (unresectable)"", ""Control arm"": ""Chemo"", ""Control regimen"": ""Placebo+Cisplatin+5-FU+Capecitabine"", ""Follow-up duration for primary endpoint(s) in months | Control"": null, ""Follow-up duration for primary endpoint(s) in months | Overall"": ""29.4"", ""Follow-up duration for primary endpoint(s) in months | Rx"": null, ""Included in MA"": null, ""Is PD-L1 positivity inclusion criteria"": ""Yes"", ""Is any other biomarker used for inclusion"": ""Yes"", ""Lines of treatment"": ""Only 1st line of treatment for metastatic disease"", ""Monotherapy/combination"": ""Monotherapy"", ""NCT"": ""NCT02494583"", ""Name of ICI"": ""Pembrolizumab"", ""Number of arms"": 3, ""Originial publication or Follow-up"": ""Original publication"", ""Priamry Multiple, composite, or co-primary endpoints?"": ""Multiple"", ""Primary endpoint"": ""OS+PFS"", ""PubMed ID"": ""32880601"", ""Secondary endpoint"": ""ORR, DoR, safety, tolerability, HRQOL"", ""Total sample size"": 763, ""Treatment regimen"": ""Pembrolizumab"", ""Trial name"": ""Keynote-062"", ""Trial phase"": ""Phase 3"", ""Type of combination"": null, ""Type of control"": ""Chemo"", ""Type of follow-up given"": ""Median"", ""Type of therapy"": ""Monotherapy"", ""Year"": 2020, ""__rowid__"": 120}"
row_35,35,"In Pancreatic trials, convert 'Type of therapy' into is_combination = true/false.",Type of therapy,"[""is_combination""]",bge,row,4,0.6752491593360901,0,42,NCT02578680,29658856,Keynote-189,Combination,"{""Author"": ""Gandhi L et al"", ""Cancer type"": ""Non-Small Cell Lung"", ""Class of ICI"": ""PD1"", ""Clincal setting in relation to surgery"": ""Metastatic+recurrent (unresectable)"", ""Clinical setting"": ""Metastatic+recurrent (unresectable)"", ""Control arm"": ""Chemo"", ""Control regimen"": ""Placebo+Pemetrexed+Platinum agent"", ""Follow-up duration for primary endpoint(s) in months | Control"": null, ""Follow-up duration for primary endpoint(s) in months | Overall"": ""10.5"", ""Follow-up duration for primary endpoint(s) in months | Rx"": null, ""Included in MA"": ""Yes"", ""Is PD-L1 positivity inclusion criteria"": ""No"", ""Is any other biomarker used for inclusion"": ""No"", ""Lines of treatment"": ""Only 1st line of treatment for metastatic disease"", ""Monotherapy/combination"": ""Combination"", ""NCT"": ""NCT02578680"", ""Name of ICI"": ""Pembrolizumab"", ""Number of arms"": 2, ""Originial publication or Follow-up"": ""Original publication"", ""Priamry Multiple, composite, or co-primary endpoints?"": ""Multiple"", ""Primary endpoint"": ""OS+PFS"", ""PubMed ID"": ""29658856"", ""Secondary endpoint"": ""ORR, DOR, safety"", ""Total sample size"": 616, ""Treatment regimen"": ""Pembrolizumab+Platinum agent"", ""Trial name"": ""Keynote-189"", ""Trial phase"": ""Phase 3"", ""Type of combination"": ""ICI+Chemo"", ""Type of control"": ""Chemo"", ""Type of follow-up given"": ""Median"", ""Type of therapy"": ""Combination"", ""Year"": 2018, ""__rowid__"": 42}"
row_35,35,"In Pancreatic trials, convert 'Type of therapy' into is_combination = true/false.",Type of therapy,"[""is_combination""]",bge,row,5,0.6751317381858826,0,9,NCT02267343,28993052,ATTRACTION-2,Monotherapy,"{""Author"": ""Kang YK et al"", ""Cancer type"": ""Gastric/GEJ"", ""Class of ICI"": ""PD1"", ""Clincal setting in relation to surgery"": ""Metastatic+recurrent (unresectable)"", ""Clinical setting"": ""Metastatic+recurrent (unresectable)"", ""Control arm"": ""Placebo"", ""Control regimen"": ""Placebo"", ""Follow-up duration for primary endpoint(s) in months | Control"": ""8.59"", ""Follow-up duration for primary endpoint(s) in months | Overall"": null, ""Follow-up duration for primary endpoint(s) in months | Rx"": ""8.87"", ""Included in MA"": ""Yes"", ""Is PD-L1 positivity inclusion criteria"": ""No"", ""Is any other biomarker used for inclusion"": ""No"", ""Lines of treatment"": ""Only 2nd or later line of treatment for metastatic disease"", ""Monotherapy/combination"": ""Monotherapy"", ""NCT"": ""NCT02267343"", ""Name of ICI"": ""Nivolumab"", ""Number of arms"": 2, ""Originial publication or Follow-up"": ""Original publication"", ""Priamry Multiple, composite, or co-primary endpoints?"": null, ""Primary endpoint"": ""OS"", ""PubMed ID"": ""28993052"", ""Secondary endpoint"": ""PFS, ORR, disease control rate, DoR, time to response, best overall response, the maximum percentage change from baseline in the sum of diameters of target lesions."", ""Total sample size"": 493, ""Treatment regimen"": ""Nivolumab"", ""Trial name"": ""ATTRACTION-2"", ""Trial phase"": ""Phase 3"", ""Type of combination"": null, ""Type of control"": ""Placebo"", ""Type of follow-up given"": ""Median"", ""Type of therapy"": ""Monotherapy"", ""Year"": 2017, ""__rowid__"": 9}"
row_35,35,"In Pancreatic trials, convert 'Type of therapy' into is_combination = true/false.",Type of therapy,"[""is_combination""]",bge,row,6,0.6743764281272888,0,121,NCT02494583,32880601,Keynote-062,Combination,"{""Author"": ""Shitara K et al (1)"", ""Cancer type"": ""Gastric/GEJ"", ""Class of ICI"": ""PD1"", ""Clincal setting in relation to surgery"": ""Metastatic+recurrent (unresectable)"", ""Clinical setting"": ""Metastatic+recurrent (unresectable)"", ""Control arm"": ""Chemo"", ""Control regimen"": ""Placebo+Cisplatin+5-FU+Capecitabine"", ""Follow-up duration for primary endpoint(s) in months | Control"": null, ""Follow-up duration for primary endpoint(s) in months | Overall"": ""29.4"", ""Follow-up duration for primary endpoint(s) in months | Rx"": null, ""Included in MA"": null, ""Is PD-L1 positivity inclusion criteria"": ""Yes"", ""Is any other biomarker used for inclusion"": ""Yes"", ""Lines of treatment"": ""Only 1st line of treatment for metastatic disease"", ""Monotherapy/combination"": ""Combination"", ""NCT"": ""NCT02494583"", ""Name of ICI"": ""Pembrolizumab"", ""Number of arms"": 3, ""Originial publication or Follow-up"": ""Original publication"", ""Priamry Multiple, composite, or co-primary endpoints?"": ""Multiple"", ""Primary endpoint"": ""OS+PFS"", ""PubMed ID"": ""32880601"", ""Secondary endpoint"": ""ORR, DoR, safety, tolerability, HRQOL"", ""Total sample size"": 763, ""Treatment regimen"": ""Pembrolizumab+Cisplatin+5-FU+Capecitabine"", ""Trial name"": ""Keynote-062"", ""Trial phase"": ""Phase 3"", ""Type of combination"": ""ICI+Chemo"", ""Type of control"": ""Chemo"", ""Type of follow-up given"": ""Median"", ""Type of therapy"": ""Combination"", ""Year"": 2020, ""__rowid__"": 121}"
row_35,35,"In Pancreatic trials, convert 'Type of therapy' into is_combination = true/false.",Type of therapy,"[""is_combination""]",bge,row,7,0.6730964183807373,0,8,NCT01585987,28655793,,Monotherapy,"{""Author"": ""Bang YJ et al"", ""Cancer type"": ""Gastric/GEJ"", ""Class of ICI"": ""CTLA-4"", ""Clincal setting in relation to surgery"": ""Metastatic+recurrent (unresectable)"", ""Clinical setting"": ""Metastatic+recurrent (unresectable)"", ""Control arm"": ""Best supportive care"", ""Control regimen"": ""Best supportive care (+/-fluoropyrimidine)"", ""Follow-up duration for primary endpoint(s) in months | Control"": null, ""Follow-up duration for primary endpoint(s) in months | Overall"": null, ""Follow-up duration for primary endpoint(s) in months | Rx"": null, ""Included in MA"": ""Yes"", ""Is PD-L1 positivity inclusion criteria"": ""No"", ""Is any other biomarker used for inclusion"": ""No"", ""Lines of treatment"": ""Only 2nd or later line of treatment for metastatic disease"", ""Monotherapy/combination"": ""Monotherapy"", ""NCT"": ""NCT01585987"", ""Name of ICI"": ""Ipilimumab"", ""Number of arms"": 2, ""Originial publication or Follow-up"": ""Original publication"", ""Priamry Multiple, composite, or co-primary endpoints?"": null, ""Primary endpoint"": ""PFS"", ""PubMed ID"": ""28655793"", ""Secondary endpoint"": ""PFS by mWHO criteria, OS, immune-related best overall response rate (irBORR)"", ""Total sample size"": 114, ""Treatment regimen"": ""Ipilimumab"", ""Trial name"": null, ""Trial phase"": ""Phase 2"", ""Type of combination"": null, ""Type of control"": ""Best supportive care"", ""Type of follow-up given"": null, ""Type of therapy"": ""Monotherapy"", ""Year"": 2017, ""__rowid__"": 8}"
row_35,35,"In Pancreatic trials, convert 'Type of therapy' into is_combination = true/false.",Type of therapy,"[""is_combination""]",bge,row,8,0.6725921630859375,0,49,NCT02477826,31562796,Checkmate 227,Combination,"{""Author"": ""Hellmann MD et al"", ""Cancer type"": ""Non-Small Cell Lung"", ""Class of ICI"": ""PD1, CTLA-4"", ""Clincal setting in relation to surgery"": ""Metastatic+recurrent (unresectable)"", ""Clinical setting"": ""Metastatic+recurrent (unresectable)"", ""Control arm"": ""Chemo"", ""Control regimen"": ""Chemotherapy"", ""Follow-up duration for primary endpoint(s) in months | Control"": null, ""Follow-up duration for primary endpoint(s) in months | Overall"": ""29.3"", ""Follow-up duration for primary endpoint(s) in months | Rx"": null, ""Included in MA"": ""Yes"", ""Is PD-L1 positivity inclusion criteria"": ""No"", ""Is any other biomarker used for inclusion"": ""Yes"", ""Lines of treatment"": ""Only 1st line of treatment for metastatic disease"", ""Monotherapy/combination"": ""Combination"", ""NCT"": ""NCT02477826"", ""Name of ICI"": ""Nivolumab, Ipilimumab"", ""Number of arms"": 4, ""Originial publication or Follow-up"": ""Follow-up"", ""Priamry Multiple, composite, or co-primary endpoints?"": null, ""Primary endpoint"": ""OS"", ""PubMed ID"": ""31562796"", ""Secondary endpoint"": ""PFS; OS with nivolumab+chemotherapy VS chemotherapy alone in patients with PD-L1 <1%; and OS with nivolumab monotherapy VS chemotherapy in patients with a PD-L1 >=50%"", ""Total sample size"": 1739, ""Treatment regimen"": ""Nivolumab+Ipilimumab"", ""Trial name"": ""Checkmate 227"", ""Trial phase"": ""Phase 3"", ""Type of combination"": ""ICI+ICI"", ""Type of control"": ""Chemo"", ""Type of follow-up given"": ""Minimum"", ""Type of therapy"": ""Combination"", ""Year"": 2019, ""__rowid__"": 49}"
row_35,35,"In Pancreatic trials, convert 'Type of therapy' into is_combination = true/false.",Type of therapy,"[""is_combination""]",bge,row,9,0.6709887981414795,0,112,NCT02870920,32379280,,Combination,"{""Author"": ""Chen EX et al"", ""Cancer type"": ""Colorectal"", ""Class of ICI"": ""PD-L1, CTLA-4"", ""Clincal setting in relation to surgery"": ""Metastatic+recurrent (unresectable)"", ""Clinical setting"": ""Metastatic+recurrent (unresectable)"", ""Control arm"": ""Best supportive care"", ""Control regimen"": ""Best supportive care"", ""Follow-up duration for primary endpoint(s) in months | Control"": ""4.1"", ""Follow-up duration for primary endpoint(s) in months | Overall"": null, ""Follow-up duration for primary endpoint(s) in months | Rx"": ""6.6"", ""Included in MA"": ""No"", ""Is PD-L1 positivity inclusion criteria"": ""No"", ""Is any other biomarker used for inclusion"": ""No"", ""Lines of treatment"": ""Only 2nd or later line of treatment for metastatic disease"", ""Monotherapy/combination"": ""Combination"", ""NCT"": ""NCT02870920"", ""Name of ICI"": ""Durvalumab, Tremelimumab"", ""Number of arms"": 2, ""Originial publication or Follow-up"": ""Original publication"", ""Priamry Multiple, composite, or co-primary endpoints?"": null, ""Primary endpoint"": ""OS"", ""PubMed ID"": ""32379280"", ""Secondary endpoint"": ""PFS, ORR"", ""Total sample size"": 180, ""Treatment regimen"": ""Durvalumab+Tremelimumab+Best supportive care"", ""Trial name"": null, ""Trial phase"": ""Phase 2"", ""Type of combination"": ""ICI+ICI+Chemo"", ""Type of control"": ""Best supportive care"", ""Type of follow-up given"": ""Median"", ""Type of therapy"": ""Combination"", ""Year"": 2020, ""__rowid__"": 112}"
row_35,35,"In Pancreatic trials, convert 'Type of therapy' into is_combination = true/false.",Type of therapy,"[""is_combination""]",bge,row,10,0.6707689762115479,0,116,NCT02142738,27718847,Keynote-024,Monotherapy,"{""Author"": ""Reck M et al"", ""Cancer type"": ""Non-Small Cell Lung"", ""Class of ICI"": ""PD1"", ""Clincal setting in relation to surgery"": ""Metastatic+recurrent (unresectable)"", ""Clinical setting"": ""Metastatic+recurrent (unresectable)"", ""Control arm"": ""Chemo"", ""Control regimen"": ""Platinum-based chemotherapy"", ""Follow-up duration for primary endpoint(s) in months | Control"": ""6"", ""Follow-up duration for primary endpoint(s) in months | Overall"": null, ""Follow-up duration for primary endpoint(s) in months | Rx"": ""10.3"", ""Included in MA"": ""Yes"", ""Is PD-L1 positivity inclusion criteria"": ""Yes"", ""Is any other biomarker used for inclusion"": ""No"", ""Lines of treatment"": ""Only 1st line of treatment for metastatic disease"", ""Monotherapy/combination"": ""Monotherapy"", ""NCT"": ""NCT02142738"", ""Name of ICI"": ""Pembrolizumab"", ""Number of arms"": 2, ""Originial publication or Follow-up"": ""Original publication"", ""Priamry Multiple, composite, or co-primary endpoints?"": null, ""Primary endpoint"": ""PFS"", ""PubMed ID"": ""27718847"", ""Secondary endpoint"": ""OS, ORR, safety"", ""Total sample size"": 305, ""Treatment regimen"": ""Pembrolizumab"", ""Trial name"": ""Keynote-024"", ""Trial phase"": ""Phase 3"", ""Type of combination"": null, ""Type of control"": ""Chemo"", ""Type of follow-up given"": ""Median"", ""Type of therapy"": ""Monotherapy"", ""Year"": 2016, ""__rowid__"": 116}"
row_35,35,"In Pancreatic trials, convert 'Type of therapy' into is_combination = true/false.",Type of therapy,"[""is_combination""]",bge,row,11,0.6706164479255676,0,32,NCT01450761,27458307,CA184-156,Combination,"{""Author"": ""Reck M et al"", ""Cancer type"": ""Small Cell Lung"", ""Class of ICI"": ""CTLA-4"", ""Clincal setting in relation to surgery"": ""Metastatic+recurrent (unresectable)"", ""Clinical setting"": ""Metastatic+recurrent (unresectable)"", ""Control arm"": ""Chemo"", ""Control regimen"": ""Placebo+Etoposide+Platinum agent"", ""Follow-up duration for primary endpoint(s) in months | Control"": ""10.2"", ""Follow-up duration for primary endpoint(s) in months | Overall"": null, ""Follow-up duration for primary endpoint(s) in months | Rx"": ""10.5"", ""Included in MA"": ""Yes"", ""Is PD-L1 positivity inclusion criteria"": ""No"", ""Is any other biomarker used for inclusion"": ""No"", ""Lines of treatment"": ""Only 1st line of treatment for metastatic disease"", ""Monotherapy/combination"": ""Combination"", ""NCT"": ""NCT01450761"", ""Name of ICI"": ""Ipilimumab"", ""Number of arms"": 2, ""Originial publication or Follow-up"": ""Original publication"", ""Priamry Multiple, composite, or co-primary endpoints?"": null, ""Primary endpoint"": ""OS"", ""PubMed ID"": ""27458307"", ""Secondary endpoint"": ""PFS, ORR, DOR"", ""Total sample size"": 1132, ""Treatment regimen"": ""Ipilimumab+Etoposide+Platinum agent"", ""Trial name"": ""CA184-156"", ""Trial phase"": ""Phase 3"", ""Type of combination"": ""ICI+Chemo"", ""Type of control"": ""Chemo"", ""Type of follow-up given"": ""Median"", ""Type of therapy"": ""Combination"", ""Year"": 2016, ""__rowid__"": 32}"
row_35,35,"In Pancreatic trials, convert 'Type of therapy' into is_combination = true/false.",Type of therapy,"[""is_combination""]",bge,row,12,0.6696789264678955,0,87,NCT02763579,31959349,IMpower133,Combination,"{""Author"": ""Mansfield AS et al"", ""Cancer type"": ""Small Cell Lung"", ""Class of ICI"": ""PD-L1"", ""Clincal setting in relation to surgery"": ""Metastatic+recurrent (unresectable)"", ""Clinical setting"": ""Metastatic+recurrent (unresectable)"", ""Control arm"": ""Chemo"", ""Control regimen"": ""Placebo+Carboplatin+Etoposide"", ""Follow-up duration for primary endpoint(s) in months | Control"": null, ""Follow-up duration for primary endpoint(s) in months | Overall"": null, ""Follow-up duration for primary endpoint(s) in months | Rx"": null, ""Included in MA"": ""No"", ""Is PD-L1 positivity inclusion criteria"": ""No"", ""Is any other biomarker used for inclusion"": ""No"", ""Lines of treatment"": ""Only 1st line of treatment for metastatic disease"", ""Monotherapy/combination"": ""Combination"", ""NCT"": ""NCT02763579"", ""Name of ICI"": ""Atezolizumab"", ""Number of arms"": 2, ""Originial publication or Follow-up"": ""Follow-up"", ""Priamry Multiple, composite, or co-primary endpoints?"": ""Multiple"", ""Primary endpoint"": ""OS+PFS"", ""PubMed ID"": ""31959349"", ""Secondary endpoint"": ""Patient-reported outcomes"", ""Total sample size"": 403, ""Treatment regimen"": ""Atezolizumab+Carboplatin+Etoposide"", ""Trial name"": ""IMpower133"", ""Trial phase"": ""Phase 3"", ""Type of combination"": ""ICI+Chemo"", ""Type of control"": ""Chemo"", ""Type of follow-up given"": null, ""Type of therapy"": ""Combination"", ""Year"": 2020, ""__rowid__"": 87}"
row_35,35,"In Pancreatic trials, convert 'Type of therapy' into is_combination = true/false.",Type of therapy,"[""is_combination""]",bge,row,13,0.6686905026435852,0,146,NCT03215706,33476593,CheckMate 9LA,Combination,"{""Author"": ""Paz-Ares L et al"", ""Cancer type"": ""Non-Small Cell Lung"", ""Class of ICI"": ""PD1, CTLA-4"", ""Clincal setting in relation to surgery"": ""Metastatic+recurrent (unresectable)"", ""Clinical setting"": ""Metastatic+recurrent (unresectable)"", ""Control arm"": ""Chemo"", ""Control regimen"": ""Chemotherapy"", ""Follow-up duration for primary endpoint(s) in months | Control"": null, ""Follow-up duration for primary endpoint(s) in months | Overall"": ""13.2"", ""Follow-up duration for primary endpoint(s) in months | Rx"": null, ""Included in MA"": null, ""Is PD-L1 positivity inclusion criteria"": ""No"", ""Is any other biomarker used for inclusion"": ""Yes"", ""Lines of treatment"": ""Only 1st line of treatment for metastatic disease"", ""Monotherapy/combination"": ""Combination"", ""NCT"": ""NCT03215706"", ""Name of ICI"": ""Nivolumab, Ipilimumab"", ""Number of arms"": 2, ""Originial publication or Follow-up"": ""Original publication"", ""Priamry Multiple, composite, or co-primary endpoints?"": null, ""Primary endpoint"": ""OS"", ""PubMed ID"": ""33476593"", ""Secondary endpoint"": ""PFS; ORR"", ""Total sample size"": 719, ""Treatment regimen"": ""Nivolumab+Ipilimumab+Chemotherapy"", ""Trial name"": ""CheckMate 9LA"", ""Trial phase"": ""Phase 3"", ""Type of combination"": ""ICI+ICI+Chemo"", ""Type of control"": ""Chemo"", ""Type of follow-up given"": ""Median"", ""Type of therapy"": ""Combination"", ""Year"": 2021, ""__rowid__"": 146}"
row_35,35,"In Pancreatic trials, convert 'Type of therapy' into is_combination = true/false.",Type of therapy,"[""is_combination""]",bge,row,14,0.6684790849685669,0,47,NCT02477826,29658845,Checkmate 227,Combination,"{""Author"": ""Hellmann MD et al"", ""Cancer type"": ""Non-Small Cell Lung"", ""Class of ICI"": ""PD1, CTLA-4"", ""Clincal setting in relation to surgery"": ""Metastatic+recurrent (unresectable)"", ""Clinical setting"": ""Metastatic+recurrent (unresectable)"", ""Control arm"": ""Chemo"", ""Control regimen"": ""Chemotherapy"", ""Follow-up duration for primary endpoint(s) in months | Control"": null, ""Follow-up duration for primary endpoint(s) in months | Overall"": ""11.2"", ""Follow-up duration for primary endpoint(s) in months | Rx"": null, ""Included in MA"": ""Yes"", ""Is PD-L1 positivity inclusion criteria"": ""No"", ""Is any other biomarker used for inclusion"": ""No"", ""Lines of treatment"": ""Only 1st line of treatment for metastatic disease"", ""Monotherapy/combination"": ""Combination"", ""NCT"": ""NCT02477826"", ""Name of ICI"": ""Nivolumab, Ipilimumab"", ""Number of arms"": 3, ""Originial publication or Follow-up"": ""Original publication"", ""Priamry Multiple, composite, or co-primary endpoints?"": ""Co-primary"", ""Primary endpoint"": ""OS+PFS"", ""PubMed ID"": ""29658845"", ""Secondary endpoint"": ""PFS with nivolumab VS chemotherapy among patients with a TMB of at least 13 mutations per megabase and a PD-L1 expression level of >= 1%; OS with nivolumab + ipilimumab VS platinum doublet chemotherapy among patients with a TMB of >=10 mutations per megabase"", ""Total sample size"": 1739, ""Treatment regimen"": ""Nivolumab+Ipilimumab"", ""Trial name"": ""Checkmate 227"", ""Trial phase"": ""Phase 3"", ""Type of combination"": ""ICI+ICI"", ""Type of control"": ""Chemo"", ""Type of follow-up given"": ""Minimum"", ""Type of therapy"": ""Combination"", ""Year"": 2018, ""__rowid__"": 47}"
row_35,35,"In Pancreatic trials, convert 'Type of therapy' into is_combination = true/false.",Type of therapy,"[""is_combination""]",bge,row,15,0.6682103276252747,0,27,NCT01673867,26412456,Checkmate 057,Monotherapy,"{""Author"": ""Borghaei  H et al"", ""Cancer type"": ""Non-Small Cell Lung"", ""Class of ICI"": ""PD1"", ""Clincal setting in relation to surgery"": ""Metastatic+recurrent (unresectable)"", ""Clinical setting"": ""Metastatic+recurrent (unresectable)"", ""Control arm"": ""Chemo"", ""Control regimen"": ""Docetaxel"", ""Follow-up duration for primary endpoint(s) in months | Control"": ""9.4"", ""Follow-up duration for primary endpoint(s) in months | Overall"": null, ""Follow-up duration for primary endpoint(s) in months | Rx"": ""12.2"", ""Included in MA"": ""Yes"", ""Is PD-L1 positivity inclusion criteria"": ""No"", ""Is any other biomarker used for inclusion"": ""No"", ""Lines of treatment"": ""Only 2nd or later line of treatment for metastatic disease"", ""Monotherapy/combination"": ""Monotherapy"", ""NCT"": ""NCT01673867"", ""Name of ICI"": ""Nivolumab"", ""Number of arms"": 2, ""Originial publication or Follow-up"": ""Original publication"", ""Priamry Multiple, composite, or co-primary endpoints?"": null, ""Primary endpoint"": ""OS"", ""PubMed ID"": ""26412456"", ""Secondary endpoint"": ""OR, PFS, PRO"", ""Total sample size"": 582, ""Treatment regimen"": ""Nivolumab"", ""Trial name"": ""Checkmate 057"", ""Trial phase"": ""Phase 3"", ""Type of combination"": null, ""Type of control"": ""Chemo"", ""Type of follow-up given"": ""Median"", ""Type of therapy"": ""Monotherapy"", ""Year"": 2015, ""__rowid__"": 27}"
row_35,35,"In Pancreatic trials, convert 'Type of therapy' into is_combination = true/false.",Type of therapy,"[""is_combination""]",bge,row,16,0.6681678295135498,0,39,NCT02039674,30138764,Keynote-021,Combination,"{""Author"": ""Borghaei  H et al"", ""Cancer type"": ""Non-Small Cell Lung"", ""Class of ICI"": ""PD1"", ""Clincal setting in relation to surgery"": ""Metastatic+recurrent (unresectable)"", ""Clinical setting"": ""Metastatic+recurrent (unresectable)"", ""Control arm"": ""Chemo"", ""Control regimen"": ""Pemetrexed+Carboplatin"", ""Follow-up duration for primary endpoint(s) in months | Control"": null, ""Follow-up duration for primary endpoint(s) in months | Overall"": ""23.9"", ""Follow-up duration for primary endpoint(s) in months | Rx"": null, ""Included in MA"": ""Yes"", ""Is PD-L1 positivity inclusion criteria"": ""Yes"", ""Is any other biomarker used for inclusion"": ""Yes"", ""Lines of treatment"": ""Only 1st line of treatment for metastatic disease"", ""Monotherapy/combination"": ""Combination"", ""NCT"": ""NCT02039674"", ""Name of ICI"": ""Pembrolizumab"", ""Number of arms"": 2, ""Originial publication or Follow-up"": ""Follow-up"", ""Priamry Multiple, composite, or co-primary endpoints?"": null, ""Primary endpoint"": ""ORR"", ""PubMed ID"": ""30138764"", ""Secondary endpoint"": ""PFS, DOR, OS"", ""Total sample size"": 123, ""Treatment regimen"": ""Pembrolizumab+Pemetrexed+Carboplatin"", ""Trial name"": ""Keynote-021"", ""Trial phase"": ""Phase 2"", ""Type of combination"": ""ICI+Chemo"", ""Type of control"": ""Chemo"", ""Type of follow-up given"": ""Median"", ""Type of therapy"": ""Combination"", ""Year"": 2018, ""__rowid__"": 39}"
row_35,35,"In Pancreatic trials, convert 'Type of therapy' into is_combination = true/false.",Type of therapy,"[""is_combination""]",bge,row,17,0.6680803298950195,0,10,NCT02625623,30052729,JAVELIN Gastric 300,Monotherapy,"{""Author"": ""Bang YJ et al"", ""Cancer type"": ""Gastric/GEJ"", ""Class of ICI"": ""PD-L1"", ""Clincal setting in relation to surgery"": ""Metastatic+recurrent (unresectable)"", ""Clinical setting"": ""Metastatic+recurrent (unresectable)"", ""Control arm"": ""Best supportive care"", ""Control regimen"": ""Best supportive care (+/-paclitaxel, irinotecan)"", ""Follow-up duration for primary endpoint(s) in months | Control"": null, ""Follow-up duration for primary endpoint(s) in months | Overall"": ""10.6"", ""Follow-up duration for primary endpoint(s) in months | Rx"": null, ""Included in MA"": ""Yes"", ""Is PD-L1 positivity inclusion criteria"": ""No"", ""Is any other biomarker used for inclusion"": ""No"", ""Lines of treatment"": ""Only 2nd or later line of treatment for metastatic disease"", ""Monotherapy/combination"": ""Monotherapy"", ""NCT"": ""NCT02625623"", ""Name of ICI"": ""Avelumab"", ""Number of arms"": 2, ""Originial publication or Follow-up"": ""Original publication"", ""Priamry Multiple, composite, or co-primary endpoints?"": null, ""Primary endpoint"": ""OS"", ""PubMed ID"": ""30052729"", ""Secondary endpoint"": ""PFS, ORR per independent review committee assessment, safety, tolerability"", ""Total sample size"": 371, ""Treatment regimen"": ""Avelumab"", ""Trial name"": ""JAVELIN Gastric 300"", ""Trial phase"": ""Phase 3"", ""Type of combination"": null, ""Type of control"": ""Best supportive care"", ""Type of follow-up given"": ""Median"", ""Type of therapy"": ""Monotherapy"", ""Year"": 2018, ""__rowid__"": 10}"
row_35,35,"In Pancreatic trials, convert 'Type of therapy' into is_combination = true/false.",Type of therapy,"[""is_combination""]",bge,row,18,0.6680074334144592,0,80,NCT02569242,31582355,ATTRACTION-3,Monotherapy,"{""Author"": ""Kato K et al"", ""Cancer type"": ""Esophageal/GEJ"", ""Class of ICI"": ""PD1"", ""Clincal setting in relation to surgery"": ""Metastatic+recurrent (unresectable)"", ""Clinical setting"": ""Metastatic+recurrent (unresectable)"", ""Control arm"": ""Chemo"", ""Control regimen"": ""Paclitaxel/Docetaxel"", ""Follow-up duration for primary endpoint(s) in months | Control"": ""8"", ""Follow-up duration for primary endpoint(s) in months | Overall"": null, ""Follow-up duration for primary endpoint(s) in months | Rx"": ""10.5"", ""Included in MA"": ""Yes"", ""Is PD-L1 positivity inclusion criteria"": ""No"", ""Is any other biomarker used for inclusion"": ""No"", ""Lines of treatment"": ""Only 2nd or later line of treatment for metastatic disease"", ""Monotherapy/combination"": ""Monotherapy"", ""NCT"": ""NCT02569242"", ""Name of ICI"": ""Nivolumab"", ""Number of arms"": 2, ""Originial publication or Follow-up"": ""Original publication"", ""Priamry Multiple, composite, or co-primary endpoints?"": null, ""Primary endpoint"": ""OS"", ""PubMed ID"": ""31582355"", ""Secondary endpoint"": ""investigator-assessed objective response, best overall response; progression-free survival;the proportion of patients with disease control; maximum percentage change from baseline in the sum of the diameters of target lesions; time to response; and duration of response"", ""Total sample size"": 419, ""Treatment regimen"": ""Nivolumab"", ""Trial name"": ""ATTRACTION-3"", ""Trial phase"": ""Phase 3"", ""Type of combination"": null, ""Type of control"": ""Chemo"", ""Type of follow-up given"": ""Median"", ""Type of therapy"": ""Monotherapy"", ""Year"": 2019, ""__rowid__"": 80}"
row_35,35,"In Pancreatic trials, convert 'Type of therapy' into is_combination = true/false.",Type of therapy,"[""is_combination""]",bge,row,19,0.6675225496292114,0,129,NCT02409342,32997907,IMpower110,Monotherapy,"{""Author"": ""Herbst RS et al."", ""Cancer type"": ""Non-Small Cell Lung"", ""Class of ICI"": ""PD-L1"", ""Clincal setting in relation to surgery"": ""Metastatic+recurrent (unresectable)"", ""Clinical setting"": ""Metastatic+recurrent (unresectable)"", ""Control arm"": ""Chemo"", ""Control regimen"": ""Cisplatin/carboplatin+gemcitabine"", ""Follow-up duration for primary endpoint(s) in months | Control"": null, ""Follow-up duration for primary endpoint(s) in months | Overall"": ""13.4"", ""Follow-up duration for primary endpoint(s) in months | Rx"": null, ""Included in MA"": null, ""Is PD-L1 positivity inclusion criteria"": ""Yes"", ""Is any other biomarker used for inclusion"": ""Yes"", ""Lines of treatment"": ""Only 1st line of treatment for metastatic disease"", ""Monotherapy/combination"": ""Monotherapy"", ""NCT"": ""NCT02409342"", ""Name of ICI"": ""Atezolizumab"", ""Number of arms"": 2, ""Originial publication or Follow-up"": ""Original publication"", ""Priamry Multiple, composite, or co-primary endpoints?"": null, ""Primary endpoint"": ""OS"", ""PubMed ID"": ""32997907"", ""Secondary endpoint"": ""investigator-assessed PFS, DOR"", ""Total sample size"": 572, ""Treatment regimen"": ""Atezolizumab"", ""Trial name"": ""IMpower110"", ""Trial phase"": ""Phase 3"", ""Type of combination"": null, ""Type of control"": ""Chemo"", ""Type of follow-up given"": ""Median"", ""Type of therapy"": ""Monotherapy"", ""Year"": 2020, ""__rowid__"": 129}"
row_35,35,"In Pancreatic trials, convert 'Type of therapy' into is_combination = true/false.",Type of therapy,"[""is_combination""]",bge,row,20,0.667392373085022,0,131,NCT02853331,33284113,Keynote-426,Combination,"{""Author"": ""Powles T et al."", ""Cancer type"": ""Renal cell"", ""Class of ICI"": ""PD1"", ""Clincal setting in relation to surgery"": ""Metastatic+recurrent (unresectable)"", ""Clinical setting"": ""Metastatic+recurrent (unresectable)"", ""Control arm"": ""TKI"", ""Control regimen"": ""Sunitinib"", ""Follow-up duration for primary endpoint(s) in months | Control"": ""35.7"", ""Follow-up duration for primary endpoint(s) in months | Overall"": ""30.6"", ""Follow-up duration for primary endpoint(s) in months | Rx"": ""NE"", ""Included in MA"": null, ""Is PD-L1 positivity inclusion criteria"": ""No"", ""Is any other biomarker used for inclusion"": ""No"", ""Lines of treatment"": ""Only 1st line of treatment for metastatic disease"", ""Monotherapy/combination"": ""Combination"", ""NCT"": ""NCT02853331"", ""Name of ICI"": ""Pembrolizumab"", ""Number of arms"": 2, ""Originial publication or Follow-up"": ""Follow-up"", ""Priamry Multiple, composite, or co-primary endpoints?"": ""Multiple"", ""Primary endpoint"": ""OS+PFS"", ""PubMed ID"": ""33284113"", ""Secondary endpoint"": ""ORR, DoR, safety, tolerability"", ""Total sample size"": 861, ""Treatment regimen"": ""Pembrolizumab+Axitinib"", ""Trial name"": ""Keynote-426"", ""Trial phase"": ""Phase 3"", ""Type of combination"": ""ICI+TKI"", ""Type of control"": ""TKI"", ""Type of follow-up given"": ""Median"", ""Type of therapy"": ""Combination"", ""Year"": 2020, ""__rowid__"": 131}"
row_35,35,"In Pancreatic trials, convert 'Type of therapy' into is_combination = true/false.",Type of therapy,"[""is_combination""]",bge,tuple,1,0.8507089614868164,0,148,NCT03141177,33657295,CheckMate 9ER,Combination,"{""Author"": ""Choueiri TK et al"", ""Cancer type"": ""Renal cell"", ""Class of ICI"": ""PD1"", ""Clincal setting in relation to surgery"": ""Metastatic+recurrent (unresectable)"", ""Clinical setting"": ""Metastatic+recurrent (unresectable)"", ""Control arm"": ""TKI"", ""Control regimen"": ""Sunitinib"", ""Follow-up duration for primary endpoint(s) in months | Control"": null, ""Follow-up duration for primary endpoint(s) in months | Overall"": ""18.1"", ""Follow-up duration for primary endpoint(s) in months | Rx"": null, ""Included in MA"": null, ""Is PD-L1 positivity inclusion criteria"": ""No"", ""Is any other biomarker used for inclusion"": ""No"", ""Lines of treatment"": ""Only 1st line of treatment for metastatic disease"", ""Monotherapy/combination"": ""Combination"", ""NCT"": ""NCT03141177"", ""Name of ICI"": ""Nivolumab"", ""Number of arms"": 2, ""Originial publication or Follow-up"": ""Original publication"", ""Priamry Multiple, composite, or co-primary endpoints?"": null, ""Primary endpoint"": ""PFS"", ""PubMed ID"": ""33657295"", ""Secondary endpoint"": ""OS; ORR; safety"", ""Total sample size"": 651, ""Treatment regimen"": ""Nivolumab+Cabozantinib"", ""Trial name"": ""CheckMate 9ER"", ""Trial phase"": ""Phase 3"", ""Type of combination"": ""ICI+TKI"", ""Type of control"": ""TKI"", ""Type of follow-up given"": ""Median"", ""Type of therapy"": ""Combination"", ""Year"": 2021, ""__rowid__"": 148}"
row_35,35,"In Pancreatic trials, convert 'Type of therapy' into is_combination = true/false.",Type of therapy,"[""is_combination""]",bge,tuple,2,0.8505518436431885,0,158,NCT02743494,33789008,CheckMate 577,Monotherapy,"{""Author"": ""Kelly RJ"", ""Cancer type"": null, ""Class of ICI"": ""PD1"", ""Clincal setting in relation to surgery"": ""Adjuvant"", ""Clinical setting"": ""Adjuvant"", ""Control arm"": ""Placebo"", ""Control regimen"": ""Placebo"", ""Follow-up duration for primary endpoint(s) in months | Control"": null, ""Follow-up duration for primary endpoint(s) in months | Overall"": ""24.4"", ""Follow-up duration for primary endpoint(s) in months | Rx"": null, ""Included in MA"": null, ""Is PD-L1 positivity inclusion criteria"": ""No"", ""Is any other biomarker used for inclusion"": ""No"", ""Lines of treatment"": null, ""Monotherapy/combination"": ""Monotherapy"", ""NCT"": ""NCT02743494"", ""Name of ICI"": ""Nivolumab"", ""Number of arms"": 2, ""Originial publication or Follow-up"": ""Original publication"", ""Priamry Multiple, composite, or co-primary endpoints?"": null, ""Primary endpoint"": ""DFS"", ""PubMed ID"": ""33789008"", ""Secondary endpoint"": ""OS; survival at 1, 2 and 3 y"", ""Total sample size"": null, ""Treatment regimen"": ""Nivolumab"", ""Trial name"": ""CheckMate 577"", ""Trial phase"": ""Phase 3"", ""Type of combination"": null, ""Type of control"": ""Placebo"", ""Type of follow-up given"": ""Median"", ""Type of therapy"": ""Monotherapy"", ""Year"": 2021, ""__rowid__"": 158}"
row_35,35,"In Pancreatic trials, convert 'Type of therapy' into is_combination = true/false.",Type of therapy,"[""is_combination""]",bge,tuple,3,0.850438117980957,0,151,NCT02299999,33462450,SAFIR02-BREAST IMMUNO,Monotherapy,"{""Author"": ""Bachelot T et al"", ""Cancer type"": ""Breast"", ""Class of ICI"": ""PD-L1"", ""Clincal setting in relation to surgery"": ""Maintenance"", ""Clinical setting"": ""Maintenance"", ""Control arm"": ""Chemo"", ""Control regimen"": ""Chemotherapy"", ""Follow-up duration for primary endpoint(s) in months | Control"": null, ""Follow-up duration for primary endpoint(s) in months | Overall"": ""19.7"", ""Follow-up duration for primary endpoint(s) in months | Rx"": null, ""Included in MA"": null, ""Is PD-L1 positivity inclusion criteria"": ""No"", ""Is any other biomarker used for inclusion"": ""Yes"", ""Lines of treatment"": ""Only 2nd or later line of treatment for metastatic disease"", ""Monotherapy/combination"": ""Monotherapy"", ""NCT"": ""NCT02299999"", ""Name of ICI"": ""Durvalumab"", ""Number of arms"": 2, ""Originial publication or Follow-up"": ""Original publication"", ""Priamry Multiple, composite, or co-primary endpoints?"": null, ""Primary endpoint"": ""PFS"", ""PubMed ID"": ""33462450"", ""Secondary endpoint"": ""OS"", ""Total sample size"": 199, ""Treatment regimen"": ""Durvalumab"", ""Trial name"": ""SAFIR02-BREAST IMMUNO"", ""Trial phase"": ""Phase 2"", ""Type of combination"": null, ""Type of control"": ""Chemo"", ""Type of follow-up given"": ""Median"", ""Type of therapy"": ""Monotherapy"", ""Year"": 2021, ""__rowid__"": 151}"
row_35,35,"In Pancreatic trials, convert 'Type of therapy' into is_combination = true/false.",Type of therapy,"[""is_combination""]",bge,tuple,4,0.8502004742622375,1,88,NCT02362048,32114502,KEYNOTE144,Combination,"{""Author"": ""Overman M et al"", ""Cancer type"": ""Pancreatic"", ""Class of ICI"": ""PD1"", ""Clincal setting in relation to surgery"": ""Metastatic+recurrent (unresectable)"", ""Clinical setting"": ""Metastatic+recurrent (unresectable)"", ""Control arm"": ""TKI"", ""Control regimen"": ""Acalabrutinib"", ""Follow-up duration for primary endpoint(s) in months | Control"": null, ""Follow-up duration for primary endpoint(s) in months | Overall"": null, ""Follow-up duration for primary endpoint(s) in months | Rx"": null, ""Included in MA"": ""No"", ""Is PD-L1 positivity inclusion criteria"": ""No"", ""Is any other biomarker used for inclusion"": ""No"", ""Lines of treatment"": ""Only 2nd or later line of treatment for metastatic disease"", ""Monotherapy/combination"": ""Combination"", ""NCT"": ""NCT02362048"", ""Name of ICI"": ""Pembrolizumab"", ""Number of arms"": 2, ""Originial publication or Follow-up"": ""Original publication"", ""Priamry Multiple, composite, or co-primary endpoints?"": null, ""Primary endpoint"": ""Safety"", ""PubMed ID"": ""32114502"", ""Secondary endpoint"": ""ORR; disease control rate; PFS; OS; change in cancer antigen (CA) 19–9."", ""Total sample size"": 77, ""Treatment regimen"": ""Pembrolizumab+Acalabrutinib"", ""Trial name"": ""KEYNOTE144"", ""Trial phase"": ""Phase 2"", ""Type of combination"": ""ICI+TKI"", ""Type of control"": ""TKI"", ""Type of follow-up given"": null, ""Type of therapy"": ""Combination"", ""Year"": 2020, ""__rowid__"": 88}"
row_35,35,"In Pancreatic trials, convert 'Type of therapy' into is_combination = true/false.",Type of therapy,"[""is_combination""]",bge,tuple,5,0.8499641418457031,0,8,NCT01585987,28655793,,Monotherapy,"{""Author"": ""Bang YJ et al"", ""Cancer type"": ""Gastric/GEJ"", ""Class of ICI"": ""CTLA-4"", ""Clincal setting in relation to surgery"": ""Metastatic+recurrent (unresectable)"", ""Clinical setting"": ""Metastatic+recurrent (unresectable)"", ""Control arm"": ""Best supportive care"", ""Control regimen"": ""Best supportive care (+/-fluoropyrimidine)"", ""Follow-up duration for primary endpoint(s) in months | Control"": null, ""Follow-up duration for primary endpoint(s) in months | Overall"": null, ""Follow-up duration for primary endpoint(s) in months | Rx"": null, ""Included in MA"": ""Yes"", ""Is PD-L1 positivity inclusion criteria"": ""No"", ""Is any other biomarker used for inclusion"": ""No"", ""Lines of treatment"": ""Only 2nd or later line of treatment for metastatic disease"", ""Monotherapy/combination"": ""Monotherapy"", ""NCT"": ""NCT01585987"", ""Name of ICI"": ""Ipilimumab"", ""Number of arms"": 2, ""Originial publication or Follow-up"": ""Original publication"", ""Priamry Multiple, composite, or co-primary endpoints?"": null, ""Primary endpoint"": ""PFS"", ""PubMed ID"": ""28655793"", ""Secondary endpoint"": ""PFS by mWHO criteria, OS, immune-related best overall response rate (irBORR)"", ""Total sample size"": 114, ""Treatment regimen"": ""Ipilimumab"", ""Trial name"": null, ""Trial phase"": ""Phase 2"", ""Type of combination"": null, ""Type of control"": ""Best supportive care"", ""Type of follow-up given"": null, ""Type of therapy"": ""Monotherapy"", ""Year"": 2017, ""__rowid__"": 8}"
row_35,35,"In Pancreatic trials, convert 'Type of therapy' into is_combination = true/false.",Type of therapy,"[""is_combination""]",bge,tuple,6,0.8492587804794312,0,54,NCT02142738,30620668,Keynote-024,Monotherapy,"{""Author"": ""Reck M et al"", ""Cancer type"": ""Non-Small Cell Lung"", ""Class of ICI"": ""PD1"", ""Clincal setting in relation to surgery"": ""Metastatic+recurrent (unresectable)"", ""Clinical setting"": ""Metastatic+recurrent (unresectable)"", ""Control arm"": ""Chemo"", ""Control regimen"": ""Platinum-based chemotherapy"", ""Follow-up duration for primary endpoint(s) in months | Control"": null, ""Follow-up duration for primary endpoint(s) in months | Overall"": ""25.2"", ""Follow-up duration for primary endpoint(s) in months | Rx"": null, ""Included in MA"": ""Yes"", ""Is PD-L1 positivity inclusion criteria"": ""Yes"", ""Is any other biomarker used for inclusion"": ""No"", ""Lines of treatment"": ""Only 1st line of treatment for metastatic disease"", ""Monotherapy/combination"": ""Monotherapy"", ""NCT"": ""NCT02142738"", ""Name of ICI"": ""Pembrolizumab"", ""Number of arms"": 2, ""Originial publication or Follow-up"": ""Follow-up"", ""Priamry Multiple, composite, or co-primary endpoints?"": null, ""Primary endpoint"": ""PFS"", ""PubMed ID"": ""30620668"", ""Secondary endpoint"": ""OS, ORR, safety"", ""Total sample size"": 305, ""Treatment regimen"": ""Pembrolizumab"", ""Trial name"": ""Keynote-024"", ""Trial phase"": ""Phase 3"", ""Type of combination"": null, ""Type of control"": ""Chemo"", ""Type of follow-up given"": ""Median"", ""Type of therapy"": ""Monotherapy"", ""Year"": 2019, ""__rowid__"": 54}"
row_35,35,"In Pancreatic trials, convert 'Type of therapy' into is_combination = true/false.",Type of therapy,"[""is_combination""]",bge,tuple,7,0.8491714000701904,0,141,NCT02362594,32946353,EORTC 1325-MG/KEYNOTE-054,Monotherapy,"{""Author"": ""Eggermont AMM et al"", ""Cancer type"": ""Melanoma"", ""Class of ICI"": ""PD1"", ""Clincal setting in relation to surgery"": ""Adjuvant"", ""Clinical setting"": ""Adjuvant"", ""Control arm"": ""Placebo"", ""Control regimen"": ""Placebo"", ""Follow-up duration for primary endpoint(s) in months | Control"": ""36.5"", ""Follow-up duration for primary endpoint(s) in months | Overall"": ""36.6"", ""Follow-up duration for primary endpoint(s) in months | Rx"": ""36.6"", ""Included in MA"": null, ""Is PD-L1 positivity inclusion criteria"": ""No"", ""Is any other biomarker used for inclusion"": ""No"", ""Lines of treatment"": ""Only 1st line of treatment for metastatic disease"", ""Monotherapy/combination"": ""Monotherapy"", ""NCT"": ""NCT02362594"", ""Name of ICI"": ""Pembrolizumab"", ""Number of arms"": 2, ""Originial publication or Follow-up"": ""Follow-up"", ""Priamry Multiple, composite, or co-primary endpoints?"": ""Co-primary"", ""Primary endpoint"": ""RFS"", ""PubMed ID"": ""32946353"", ""Secondary endpoint"": null, ""Total sample size"": 1019, ""Treatment regimen"": ""Pembrolizumab"", ""Trial name"": ""EORTC 1325-MG/KEYNOTE-054"", ""Trial phase"": ""Phase 3"", ""Type of combination"": null, ""Type of control"": ""Placebo"", ""Type of follow-up given"": ""Median"", ""Type of therapy"": ""Monotherapy"", ""Year"": 2020, ""__rowid__"": 141}"
row_35,35,"In Pancreatic trials, convert 'Type of therapy' into is_combination = true/false.",Type of therapy,"[""is_combination""]",bge,tuple,8,0.8487480878829956,0,126,NCT02603432,32945632,,Monotherapy,"{""Author"": ""Powles T et al"", ""Cancer type"": ""Urothelial"", ""Class of ICI"": ""PD-L1"", ""Clincal setting in relation to surgery"": ""Metastatic+recurrent (unresectable)"", ""Clinical setting"": ""Metastatic+recurrent (unresectable)"", ""Control arm"": ""Best supportive care"", ""Control regimen"": ""Best supportive care"", ""Follow-up duration for primary endpoint(s) in months | Control"": null, ""Follow-up duration for primary endpoint(s) in months | Overall"": ""19"", ""Follow-up duration for primary endpoint(s) in months | Rx"": null, ""Included in MA"": null, ""Is PD-L1 positivity inclusion criteria"": ""No"", ""Is any other biomarker used for inclusion"": ""No"", ""Lines of treatment"": ""1st and later line of treatment for metastatic disease"", ""Monotherapy/combination"": ""Monotherapy"", ""NCT"": ""NCT02603432"", ""Name of ICI"": ""Avelumab"", ""Number of arms"": 2, ""Originial publication or Follow-up"": ""Original publication"", ""Priamry Multiple, composite, or co-primary endpoints?"": null, ""Primary endpoint"": ""OS"", ""PubMed ID"": ""32945632"", ""Secondary endpoint"": ""PFS, ORR, time to response, DoR, DCR, safety"", ""Total sample size"": 700, ""Treatment regimen"": ""Avelumab+Best Supportive Care"", ""Trial name"": null, ""Trial phase"": ""Phase 3"", ""Type of combination"": null, ""Type of control"": ""Best supportive care"", ""Type of follow-up given"": ""Median"", ""Type of therapy"": ""Monotherapy"", ""Year"": 2020, ""__rowid__"": 126}"
row_35,35,"In Pancreatic trials, convert 'Type of therapy' into is_combination = true/false.",Type of therapy,"[""is_combination""]",bge,tuple,9,0.8486273288726807,0,106,NCT02500121,32271672,,Monotherapy,"{""Author"": ""Galsky MD et al"", ""Cancer type"": ""Urothelial"", ""Class of ICI"": ""PD1"", ""Clincal setting in relation to surgery"": ""Metastatic+recurrent (unresectable)"", ""Clinical setting"": ""Metastatic+recurrent (unresectable)"", ""Control arm"": ""Placebo"", ""Control regimen"": ""Placebo"", ""Follow-up duration for primary endpoint(s) in months | Control"": ""3"", ""Follow-up duration for primary endpoint(s) in months | Overall"": null, ""Follow-up duration for primary endpoint(s) in months | Rx"": ""5.4"", ""Included in MA"": ""Yes"", ""Is PD-L1 positivity inclusion criteria"": ""No"", ""Is any other biomarker used for inclusion"": ""No"", ""Lines of treatment"": ""Only 2nd or later line of treatment for metastatic disease"", ""Monotherapy/combination"": ""Monotherapy"", ""NCT"": ""NCT02500121"", ""Name of ICI"": ""Pembrolizumab"", ""Number of arms"": 2, ""Originial publication or Follow-up"": ""Original publication"", ""Priamry Multiple, composite, or co-primary endpoints?"": null, ""Primary endpoint"": ""PFS"", ""PubMed ID"": ""32271672"", ""Secondary endpoint"": ""OS, treatment outcomes CPS"", ""Total sample size"": 108, ""Treatment regimen"": ""Pembrolizumab"", ""Trial name"": null, ""Trial phase"": ""Phase 2"", ""Type of combination"": null, ""Type of control"": ""Placebo"", ""Type of follow-up given"": ""Median"", ""Type of therapy"": ""Monotherapy"", ""Year"": 2020, ""__rowid__"": 106}"
row_35,35,"In Pancreatic trials, convert 'Type of therapy' into is_combination = true/false.",Type of therapy,"[""is_combination""]",bge,tuple,10,0.8477126359939575,0,38,NCT02039674,27745820,Keynote-021,Combination,"{""Author"": ""Langer JC et al"", ""Cancer type"": ""Non-Small Cell Lung"", ""Class of ICI"": ""PD1"", ""Clincal setting in relation to surgery"": ""Metastatic+recurrent (unresectable)"", ""Clinical setting"": ""Metastatic+recurrent (unresectable)"", ""Control arm"": ""Chemo"", ""Control regimen"": ""Pemetrexed+Carboplatin"", ""Follow-up duration for primary endpoint(s) in months | Control"": null, ""Follow-up duration for primary endpoint(s) in months | Overall"": ""10.6"", ""Follow-up duration for primary endpoint(s) in months | Rx"": null, ""Included in MA"": ""Yes"", ""Is PD-L1 positivity inclusion criteria"": ""Yes"", ""Is any other biomarker used for inclusion"": ""Yes"", ""Lines of treatment"": ""Only 1st line of treatment for metastatic disease"", ""Monotherapy/combination"": ""Combination"", ""NCT"": ""NCT02039674"", ""Name of ICI"": ""Pembrolizumab"", ""Number of arms"": 2, ""Originial publication or Follow-up"": ""Original publication"", ""Priamry Multiple, composite, or co-primary endpoints?"": null, ""Primary endpoint"": ""ORR"", ""PubMed ID"": ""27745820"", ""Secondary endpoint"": ""PFS, DOR, OS"", ""Total sample size"": 123, ""Treatment regimen"": ""Pembrolizumab+Pemetrexed+Carboplatin"", ""Trial name"": ""Keynote-021"", ""Trial phase"": ""Phase 2"", ""Type of combination"": ""ICI+Chemo"", ""Type of control"": ""Chemo"", ""Type of follow-up given"": ""Median"", ""Type of therapy"": ""Combination"", ""Year"": 2016, ""__rowid__"": 38}"
row_35,35,"In Pancreatic trials, convert 'Type of therapy' into is_combination = true/false.",Type of therapy,"[""is_combination""]",bge,tuple,11,0.8476213216781616,0,150,NCT02538666,33683919,CheckMate 451,Monotherapy,"{""Author"": ""Owonikoko TK et al"", ""Cancer type"": ""Small Cell Lung"", ""Class of ICI"": ""PD1"", ""Clincal setting in relation to surgery"": ""Maintenance"", ""Clinical setting"": ""Maintenance"", ""Control arm"": ""Placebo"", ""Control regimen"": ""Placebo"", ""Follow-up duration for primary endpoint(s) in months | Control"": ""9.1"", ""Follow-up duration for primary endpoint(s) in months | Overall"": null, ""Follow-up duration for primary endpoint(s) in months | Rx"": ""9.9"", ""Included in MA"": null, ""Is PD-L1 positivity inclusion criteria"": ""No"", ""Is any other biomarker used for inclusion"": ""No"", ""Lines of treatment"": ""Only 1st line of treatment for metastatic disease"", ""Monotherapy/combination"": ""Monotherapy"", ""NCT"": ""NCT02538666"", ""Name of ICI"": ""Nivolumab"", ""Number of arms"": 3, ""Originial publication or Follow-up"": ""Original publication"", ""Priamry Multiple, composite, or co-primary endpoints?"": null, ""Primary endpoint"": null, ""PubMed ID"": ""33683919"", ""Secondary endpoint"": ""OS in Arm 2 vs Arm 3; PFS"", ""Total sample size"": 834, ""Treatment regimen"": ""Nivolumab"", ""Trial name"": ""CheckMate 451"", ""Trial phase"": ""Phase 3"", ""Type of combination"": null, ""Type of control"": ""Placebo"", ""Type of follow-up given"": ""Median"", ""Type of therapy"": ""Monotherapy"", ""Year"": 2021, ""__rowid__"": 150}"
row_35,35,"In Pancreatic trials, convert 'Type of therapy' into is_combination = true/false.",Type of therapy,"[""is_combination""]",bge,tuple,12,0.8475974202156067,0,57,NCT02454933,30763730,CAURAL,Combination,"{""Author"": ""Yang JCH et al"", ""Cancer type"": ""Non-Small Cell Lung"", ""Class of ICI"": ""PD-L1"", ""Clincal setting in relation to surgery"": ""Metastatic+recurrent (unresectable)"", ""Clinical setting"": ""Metastatic+recurrent (unresectable)"", ""Control arm"": ""TKI"", ""Control regimen"": ""Osimertinib"", ""Follow-up duration for primary endpoint(s) in months | Control"": null, ""Follow-up duration for primary endpoint(s) in months | Overall"": null, ""Follow-up duration for primary endpoint(s) in months | Rx"": null, ""Included in MA"": ""No"", ""Is PD-L1 positivity inclusion criteria"": ""No"", ""Is any other biomarker used for inclusion"": ""No"", ""Lines of treatment"": ""Only 2nd or later line of treatment for metastatic disease"", ""Monotherapy/combination"": ""Combination"", ""NCT"": ""NCT02454933"", ""Name of ICI"": ""Durvalumab"", ""Number of arms"": 2, ""Originial publication or Follow-up"": ""Original publication"", ""Priamry Multiple, composite, or co-primary endpoints?"": null, ""Primary endpoint"": null, ""PubMed ID"": ""30763730"", ""Secondary endpoint"": null, ""Total sample size"": 29, ""Treatment regimen"": ""Durvalumab+Osimertinib"", ""Trial name"": ""CAURAL"", ""Trial phase"": ""Phase 3"", ""Type of combination"": ""ICI+TKI"", ""Type of control"": ""TKI"", ""Type of follow-up given"": null, ""Type of therapy"": ""Combination"", ""Year"": 2019, ""__rowid__"": 57}"
row_35,35,"In Pancreatic trials, convert 'Type of therapy' into is_combination = true/false.",Type of therapy,"[""is_combination""]",bge,tuple,13,0.8472195863723755,0,112,NCT02870920,32379280,,Combination,"{""Author"": ""Chen EX et al"", ""Cancer type"": ""Colorectal"", ""Class of ICI"": ""PD-L1, CTLA-4"", ""Clincal setting in relation to surgery"": ""Metastatic+recurrent (unresectable)"", ""Clinical setting"": ""Metastatic+recurrent (unresectable)"", ""Control arm"": ""Best supportive care"", ""Control regimen"": ""Best supportive care"", ""Follow-up duration for primary endpoint(s) in months | Control"": ""4.1"", ""Follow-up duration for primary endpoint(s) in months | Overall"": null, ""Follow-up duration for primary endpoint(s) in months | Rx"": ""6.6"", ""Included in MA"": ""No"", ""Is PD-L1 positivity inclusion criteria"": ""No"", ""Is any other biomarker used for inclusion"": ""No"", ""Lines of treatment"": ""Only 2nd or later line of treatment for metastatic disease"", ""Monotherapy/combination"": ""Combination"", ""NCT"": ""NCT02870920"", ""Name of ICI"": ""Durvalumab, Tremelimumab"", ""Number of arms"": 2, ""Originial publication or Follow-up"": ""Original publication"", ""Priamry Multiple, composite, or co-primary endpoints?"": null, ""Primary endpoint"": ""OS"", ""PubMed ID"": ""32379280"", ""Secondary endpoint"": ""PFS, ORR"", ""Total sample size"": 180, ""Treatment regimen"": ""Durvalumab+Tremelimumab+Best supportive care"", ""Trial name"": null, ""Trial phase"": ""Phase 2"", ""Type of combination"": ""ICI+ICI+Chemo"", ""Type of control"": ""Best supportive care"", ""Type of follow-up given"": ""Median"", ""Type of therapy"": ""Combination"", ""Year"": 2020, ""__rowid__"": 112}"
row_35,35,"In Pancreatic trials, convert 'Type of therapy' into is_combination = true/false.",Type of therapy,"[""is_combination""]",bge,tuple,14,0.8470439910888672,0,33,NCT02041533,28636851,Checkmate 026,Monotherapy,"{""Author"": ""Carbone DP et al"", ""Cancer type"": ""Non-Small Cell Lung"", ""Class of ICI"": ""PD1"", ""Clincal setting in relation to surgery"": ""Metastatic+recurrent (unresectable)"", ""Clinical setting"": ""Metastatic+recurrent (unresectable)"", ""Control arm"": ""Chemo"", ""Control regimen"": ""Platinum-based chemotherapy"", ""Follow-up duration for primary endpoint(s) in months | Control"": null, ""Follow-up duration for primary endpoint(s) in months | Overall"": ""13.5"", ""Follow-up duration for primary endpoint(s) in months | Rx"": null, ""Included in MA"": ""Yes"", ""Is PD-L1 positivity inclusion criteria"": ""Yes"", ""Is any other biomarker used for inclusion"": ""Yes"", ""Lines of treatment"": ""Only 1st line of treatment for metastatic disease"", ""Monotherapy/combination"": ""Monotherapy"", ""NCT"": ""NCT02041533"", ""Name of ICI"": ""Nivolumab"", ""Number of arms"": 2, ""Originial publication or Follow-up"": ""Original publication"", ""Priamry Multiple, composite, or co-primary endpoints?"": null, ""Primary endpoint"": ""PFS"", ""PubMed ID"": ""28636851"", ""Secondary endpoint"": ""OS,PFS(PD-L1),RR,"", ""Total sample size"": 423, ""Treatment regimen"": ""Nivolumab"", ""Trial name"": ""Checkmate 026"", ""Trial phase"": ""Phase 3"", ""Type of combination"": null, ""Type of control"": ""Chemo"", ""Type of follow-up given"": ""Median"", ""Type of therapy"": ""Monotherapy"", ""Year"": 2017, ""__rowid__"": 33}"
row_35,35,"In Pancreatic trials, convert 'Type of therapy' into is_combination = true/false.",Type of therapy,"[""is_combination""]",bge,tuple,15,0.8464363813400269,0,146,NCT03215706,33476593,CheckMate 9LA,Combination,"{""Author"": ""Paz-Ares L et al"", ""Cancer type"": ""Non-Small Cell Lung"", ""Class of ICI"": ""PD1, CTLA-4"", ""Clincal setting in relation to surgery"": ""Metastatic+recurrent (unresectable)"", ""Clinical setting"": ""Metastatic+recurrent (unresectable)"", ""Control arm"": ""Chemo"", ""Control regimen"": ""Chemotherapy"", ""Follow-up duration for primary endpoint(s) in months | Control"": null, ""Follow-up duration for primary endpoint(s) in months | Overall"": ""13.2"", ""Follow-up duration for primary endpoint(s) in months | Rx"": null, ""Included in MA"": null, ""Is PD-L1 positivity inclusion criteria"": ""No"", ""Is any other biomarker used for inclusion"": ""Yes"", ""Lines of treatment"": ""Only 1st line of treatment for metastatic disease"", ""Monotherapy/combination"": ""Combination"", ""NCT"": ""NCT03215706"", ""Name of ICI"": ""Nivolumab, Ipilimumab"", ""Number of arms"": 2, ""Originial publication or Follow-up"": ""Original publication"", ""Priamry Multiple, composite, or co-primary endpoints?"": null, ""Primary endpoint"": ""OS"", ""PubMed ID"": ""33476593"", ""Secondary endpoint"": ""PFS; ORR"", ""Total sample size"": 719, ""Treatment regimen"": ""Nivolumab+Ipilimumab+Chemotherapy"", ""Trial name"": ""CheckMate 9LA"", ""Trial phase"": ""Phase 3"", ""Type of combination"": ""ICI+ICI+Chemo"", ""Type of control"": ""Chemo"", ""Type of follow-up given"": ""Median"", ""Type of therapy"": ""Combination"", ""Year"": 2021, ""__rowid__"": 146}"
row_35,35,"In Pancreatic trials, convert 'Type of therapy' into is_combination = true/false.",Type of therapy,"[""is_combination""]",bge,tuple,16,0.8461118340492249,0,28,NCT01642004,26028407,Checkmate 017,Monotherapy,"{""Author"": ""Brahmer J et al"", ""Cancer type"": ""Non-Small Cell Lung"", ""Class of ICI"": ""PD1"", ""Clincal setting in relation to surgery"": ""Metastatic+recurrent (unresectable)"", ""Clinical setting"": ""Metastatic+recurrent (unresectable)"", ""Control arm"": ""Chemo"", ""Control regimen"": ""Docetaxel"", ""Follow-up duration for primary endpoint(s) in months | Control"": ""6"", ""Follow-up duration for primary endpoint(s) in months | Overall"": null, ""Follow-up duration for primary endpoint(s) in months | Rx"": ""9.2"", ""Included in MA"": ""Yes"", ""Is PD-L1 positivity inclusion criteria"": ""No"", ""Is any other biomarker used for inclusion"": ""No"", ""Lines of treatment"": ""Only 2nd or later line of treatment for metastatic disease"", ""Monotherapy/combination"": ""Monotherapy"", ""NCT"": ""NCT01642004"", ""Name of ICI"": ""Nivolumab"", ""Number of arms"": 2, ""Originial publication or Follow-up"": ""Original publication"", ""Priamry Multiple, composite, or co-primary endpoints?"": null, ""Primary endpoint"": ""OS"", ""PubMed ID"": ""26028407"", ""Secondary endpoint"": ""OR, PFS, PRO"", ""Total sample size"": 272, ""Treatment regimen"": ""Nivolumab"", ""Trial name"": ""Checkmate 017"", ""Trial phase"": ""Phase 3"", ""Type of combination"": null, ""Type of control"": ""Chemo"", ""Type of follow-up given"": ""Median"", ""Type of therapy"": ""Monotherapy"", ""Year"": 2015, ""__rowid__"": 28}"
row_35,35,"In Pancreatic trials, convert 'Type of therapy' into is_combination = true/false.",Type of therapy,"[""is_combination""]",bge,tuple,17,0.8460042476654053,0,149,NCT02538666,33683919,CheckMate 451,Combination,"{""Author"": ""Owonikoko TK et al"", ""Cancer type"": ""Small Cell Lung"", ""Class of ICI"": ""PD1, CTLA-4"", ""Clincal setting in relation to surgery"": ""Maintenance"", ""Clinical setting"": ""Maintenance"", ""Control arm"": ""Placebo"", ""Control regimen"": ""Placebo"", ""Follow-up duration for primary endpoint(s) in months | Control"": ""9.1"", ""Follow-up duration for primary endpoint(s) in months | Overall"": null, ""Follow-up duration for primary endpoint(s) in months | Rx"": ""8.4"", ""Included in MA"": null, ""Is PD-L1 positivity inclusion criteria"": ""No"", ""Is any other biomarker used for inclusion"": ""No"", ""Lines of treatment"": ""Only 1st line of treatment for metastatic disease"", ""Monotherapy/combination"": ""Combination"", ""NCT"": ""NCT02538666"", ""Name of ICI"": ""Nivolumab, Ipilimumab"", ""Number of arms"": 3, ""Originial publication or Follow-up"": ""Original publication"", ""Priamry Multiple, composite, or co-primary endpoints?"": null, ""Primary endpoint"": ""OS"", ""PubMed ID"": ""33683919"", ""Secondary endpoint"": ""OS in Arm 2 vs Arm 3; PFS"", ""Total sample size"": 834, ""Treatment regimen"": ""Nivolumab+Ipilimumab"", ""Trial name"": ""CheckMate 451"", ""Trial phase"": ""Phase 3"", ""Type of combination"": ""ICI+ICI"", ""Type of control"": ""Placebo"", ""Type of follow-up given"": ""Median"", ""Type of therapy"": ""Combination"", ""Year"": 2021, ""__rowid__"": 149}"
row_35,35,"In Pancreatic trials, convert 'Type of therapy' into is_combination = true/false.",Type of therapy,"[""is_combination""]",bge,tuple,18,0.8457649946212769,0,24,NCT00527735,22547592,,Combination,"{""Author"": ""Lynch TJ et al (1)"", ""Cancer type"": ""Non-Small Cell Lung"", ""Class of ICI"": ""CTLA-4"", ""Clincal setting in relation to surgery"": ""Metastatic+recurrent (unresectable)"", ""Clinical setting"": ""Metastatic+recurrent (unresectable)"", ""Control arm"": ""Chemo"", ""Control regimen"": ""Placebo+Paclitaxel+Carboplatin"", ""Follow-up duration for primary endpoint(s) in months | Control"": null, ""Follow-up duration for primary endpoint(s) in months | Overall"": null, ""Follow-up duration for primary endpoint(s) in months | Rx"": null, ""Included in MA"": ""Yes"", ""Is PD-L1 positivity inclusion criteria"": ""No"", ""Is any other biomarker used for inclusion"": ""No"", ""Lines of treatment"": ""Only 1st line of treatment for metastatic disease"", ""Monotherapy/combination"": ""Combination"", ""NCT"": ""NCT00527735"", ""Name of ICI"": ""Ipilimumab"", ""Number of arms"": 3, ""Originial publication or Follow-up"": ""Original publication"", ""Priamry Multiple, composite, or co-primary endpoints?"": null, ""Primary endpoint"": ""PFS"", ""PubMed ID"": ""22547592"", ""Secondary endpoint"": ""Modified WHO criteria PFS; OS; immune-related best overall response rate; modified WHO criteria best overall response rate;  immune-related disease control rate; modified WHO criteria disease control\nrate"", ""Total sample size"": 204, ""Treatment regimen"": ""Phased ipilimumab+Paclitaxel+Carboplatin"", ""Trial name"": null, ""Trial phase"": ""Phase 2"", ""Type of combination"": ""ICI+Chemo"", ""Type of control"": ""Chemo"", ""Type of follow-up given"": null, ""Type of therapy"": ""Combination"", ""Year"": 2012, ""__rowid__"": 24}"
row_35,35,"In Pancreatic trials, convert 'Type of therapy' into is_combination = true/false.",Type of therapy,"[""is_combination""]",bge,tuple,19,0.8456791639328003,0,123,NCT02516241,32971005,DANUBE,Monotherapy,"{""Author"": ""Powles T et al"", ""Cancer type"": ""Urothelial"", ""Class of ICI"": ""PD-L1"", ""Clincal setting in relation to surgery"": ""Metastatic+recurrent (unresectable)"", ""Clinical setting"": ""Metastatic+recurrent (unresectable)"", ""Control arm"": ""Chemo"", ""Control regimen"": ""Gemcitabine+Cisplatin/Carboplatin"", ""Follow-up duration for primary endpoint(s) in months | Control"": null, ""Follow-up duration for primary endpoint(s) in months | Overall"": ""41.2"", ""Follow-up duration for primary endpoint(s) in months | Rx"": null, ""Included in MA"": null, ""Is PD-L1 positivity inclusion criteria"": ""No"", ""Is any other biomarker used for inclusion"": ""No"", ""Lines of treatment"": ""Only 1st line of treatment for metastatic disease"", ""Monotherapy/combination"": ""Monotherapy"", ""NCT"": ""NCT02516241"", ""Name of ICI"": ""Durvalumab"", ""Number of arms"": 3, ""Originial publication or Follow-up"": ""Original publication"", ""Priamry Multiple, composite, or co-primary endpoints?"": ""Co-primary"", ""Primary endpoint"": ""OS"", ""PubMed ID"": ""32971005"", ""Secondary endpoint"": ""OS, PFS, ORR, DoR, DCR"", ""Total sample size"": 1032, ""Treatment regimen"": ""Durvalumab"", ""Trial name"": ""DANUBE"", ""Trial phase"": ""Phase 3"", ""Type of combination"": null, ""Type of control"": ""Chemo"", ""Type of follow-up given"": ""Median"", ""Type of therapy"": ""Monotherapy"", ""Year"": 2020, ""__rowid__"": 123}"
row_35,35,"In Pancreatic trials, convert 'Type of therapy' into is_combination = true/false.",Type of therapy,"[""is_combination""]",bge,tuple,20,0.845538854598999,0,155,NCT03088540,33581821,EMPOWER-Lung 1,Monotherapy,"{""Author"": ""Sezer A et al"", ""Cancer type"": ""Non-Small Cell Lung"", ""Class of ICI"": ""PD1"", ""Clincal setting in relation to surgery"": ""Metastatic+recurrent (unresectable)"", ""Clinical setting"": ""Metastatic+recurrent (unresectable)"", ""Control arm"": ""Chemo"", ""Control regimen"": ""Chemotherapy"", ""Follow-up duration for primary endpoint(s) in months | Control"": ""10.9"", ""Follow-up duration for primary endpoint(s) in months | Overall"": null, ""Follow-up duration for primary endpoint(s) in months | Rx"": ""10.8"", ""Included in MA"": null, ""Is PD-L1 positivity inclusion criteria"": ""Yes"", ""Is any other biomarker used for inclusion"": ""Yes"", ""Lines of treatment"": ""Only 1st line of treatment for metastatic disease"", ""Monotherapy/combination"": ""Monotherapy"", ""NCT"": ""NCT03088540"", ""Name of ICI"": ""Cemiplimab"", ""Number of arms"": 2, ""Originial publication or Follow-up"": ""Original publication"", ""Priamry Multiple, composite, or co-primary endpoints?"": ""Multiple"", ""Primary endpoint"": ""OS+PFS"", ""PubMed ID"": ""33581821"", ""Secondary endpoint"": ""ORR; DoR; HRQOL; safety"", ""Total sample size"": 710, ""Treatment regimen"": ""Cemiplimab"", ""Trial name"": ""EMPOWER-Lung 1"", ""Trial phase"": ""Phase 3"", ""Type of combination"": null, ""Type of control"": ""Chemo"", ""Type of follow-up given"": ""Median"", ""Type of therapy"": ""Monotherapy"", ""Year"": 2021, ""__rowid__"": 155}"
